,obj_1_x,obj_1_y,obj_2_x,obj_2_y,nose_x,nose_y,L_ear_x,L_ear_y,R_ear_x,R_ear_y,head_x,head_y,neck_x,neck_y,body_x,body_y,tail_1_x,tail_1_y,tail_2_x,tail_2_y,tail_3_x,tail_3_y,label
0,214.1847381591797,148.553955078125,493.0341491699219,149.953369140625,220.86692810058594,159.84396362304688,486.3432922363281,157.2596893310547,222.24649047851562,157.6563720703125,222.1997528076172,153.45396423339844,213.07205200195312,150.51300048828125,208.52719116210938,143.90634155273438,223.0600128173828,153.72381591796875,200.33290100097656,137.10031127929688,224.255859375,159.86851501464844,0
1,214.2989501953125,148.6779327392578,493.04962158203125,150.1074981689453,220.77561950683594,159.7504119873047,486.4050598144531,157.32537841796875,222.28953552246094,157.70860290527344,222.31065368652344,153.42518615722656,213.09458923339844,150.5699920654297,208.4990997314453,143.95745849609375,220.2905731201172,134.30450439453125,200.34800720214844,137.13055419921875,224.11138916015625,159.74497985839844,0
2,214.27528381347656,148.6058807373047,492.9297790527344,150.0208282470703,220.83364868164062,159.8050994873047,486.35858154296875,157.28431701660156,222.27044677734375,157.6844940185547,222.3024444580078,153.43246459960938,213.1270751953125,150.53570556640625,208.46604919433594,143.9202423095703,223.03477478027344,153.6815643310547,200.40371704101562,137.10494995117188,224.18763732910156,159.8024139404297,0
3,214.14854431152344,148.6848907470703,492.9772033691406,149.99331665039062,220.7618408203125,159.67897033691406,486.3919372558594,157.28485107421875,222.2280731201172,157.67852783203125,222.2423553466797,153.4723663330078,213.15028381347656,150.6166534423828,208.39492797851562,143.96209716796875,223.01573181152344,153.6153564453125,200.4047088623047,137.0071563720703,224.20111083984375,159.71063232421875,0
4,214.15557861328125,148.7284698486328,492.87408447265625,149.94439697265625,220.68165588378906,159.6078338623047,486.3307800292969,157.2583465576172,222.256591796875,157.6390380859375,222.26914978027344,153.43052673339844,213.16360473632812,150.61676025390625,208.38888549804688,144.04595947265625,223.01731872558594,153.55494689941406,200.3447265625,137.0182647705078,224.15521240234375,159.66453552246094,0
5,214.3603973388672,148.69517517089844,493.0926818847656,149.958251953125,220.79959106445312,159.62069702148438,486.35870361328125,157.26377868652344,222.35086059570312,157.6945343017578,222.44976806640625,153.39202880859375,213.15635681152344,150.576416015625,208.54151916503906,143.96957397460938,222.97976684570312,153.49586486816406,200.35060119628906,137.1300506591797,224.1883087158203,159.6466827392578,0
6,214.5338592529297,148.5167694091797,493.1007995605469,149.84713745117188,220.9300994873047,159.93479919433594,486.346923828125,157.2286376953125,222.2580108642578,157.67227172851562,222.35394287109375,153.38697814941406,213.13356018066406,150.43055725097656,208.67239379882812,143.88528442382812,220.28793334960938,134.3651580810547,200.34169006347656,137.27284240722656,224.13677978515625,159.8931121826172,0
7,214.56643676757812,148.54322814941406,493.1774597167969,149.9328155517578,220.90640258789062,159.90428161621094,486.4099426269531,157.28805541992188,222.2300567626953,157.65635681152344,222.41250610351562,153.3806610107422,213.10755920410156,150.44712829589844,208.619873046875,143.91207885742188,220.2610626220703,134.34048461914062,200.3198699951172,137.2268524169922,224.08705139160156,159.85888671875,0
8,214.44244384765625,148.60247802734375,493.19287109375,149.93145751953125,220.9416046142578,159.81822204589844,486.47021484375,157.29470825195312,222.32029724121094,157.6897735595703,222.43313598632812,153.4178466796875,213.11134338378906,150.5060577392578,208.55780029296875,143.89419555664062,222.98841857910156,153.5944061279297,200.2936553955078,137.1988525390625,224.202392578125,159.7888946533203,0
9,214.4573211669922,148.63482666015625,493.13568115234375,149.85354614257812,220.89434814453125,159.7170867919922,486.356201171875,157.263671875,222.27284240722656,157.69512939453125,222.40359497070312,153.43614196777344,213.12698364257812,150.52195739746094,208.55416870117188,143.8934326171875,222.99574279785156,153.5022430419922,200.3794403076172,137.16700744628906,224.1444854736328,159.75180053710938,0
10,214.52088928222656,148.60888671875,493.19122314453125,149.88528442382812,220.97019958496094,159.79661560058594,486.3782958984375,157.3199462890625,222.31488037109375,157.70094299316406,222.4407196044922,153.42918395996094,213.1627655029297,150.48825073242188,208.5956268310547,143.8915252685547,223.04771423339844,153.5338897705078,200.30113220214844,137.191162109375,224.219482421875,159.78530883789062,0
11,214.5439453125,148.6312713623047,493.1242370605469,149.79859924316406,220.98855590820312,159.83065795898438,486.3585510253906,157.31809997558594,222.30848693847656,157.71456909179688,222.46441650390625,153.43896484375,213.13160705566406,150.47171020507812,208.6227264404297,143.8904266357422,223.03082275390625,153.51675415039062,200.4334259033203,137.20152282714844,224.14117431640625,159.8241424560547,0
12,214.64883422851562,148.6070098876953,493.0828857421875,149.7858123779297,221.00860595703125,159.82015991210938,486.3892822265625,157.24171447753906,222.29652404785156,157.68731689453125,222.47244262695312,153.44259643554688,213.1832733154297,150.45193481445312,208.64707946777344,143.93887329101562,223.01454162597656,153.5182342529297,200.3782501220703,137.1779022216797,224.17037963867188,159.8271942138672,0
13,214.50338745117188,148.7071990966797,493.2252502441406,149.6797332763672,220.86196899414062,159.74649047851562,486.4039001464844,157.29830932617188,222.30296325683594,157.67726135253906,222.4247283935547,153.46775817871094,213.1342315673828,150.49183654785156,208.55535888671875,143.97767639160156,223.0204315185547,153.5212860107422,200.41983032226562,137.2095184326172,224.168701171875,159.7255859375,0
14,214.5408477783203,148.6200408935547,493.0863952636719,149.75677490234375,220.86231994628906,159.74879455566406,486.4000549316406,157.30426025390625,222.3244171142578,157.65379333496094,222.41558837890625,153.45350646972656,213.1150665283203,150.4539337158203,208.61727905273438,143.9381866455078,222.999755859375,153.55140686035156,200.36204528808594,137.2073974609375,224.20252990722656,159.77447509765625,0
15,214.5059814453125,148.72377014160156,493.09619140625,149.70016479492188,220.80892944335938,159.5978546142578,486.36767578125,157.2860565185547,222.36032104492188,157.64942932128906,222.46871948242188,153.44366455078125,213.13739013671875,150.52325439453125,208.52108764648438,143.97535705566406,222.9433135986328,153.4275665283203,200.37564086914062,137.2005615234375,224.11557006835938,159.65403747558594,0
16,214.51901245117188,148.58624267578125,493.10968017578125,149.71336364746094,220.9170684814453,159.82940673828125,486.4252624511719,157.2877197265625,222.29318237304688,157.67791748046875,222.39715576171875,153.4621124267578,213.12977600097656,150.47340393066406,208.56539916992188,143.8562469482422,222.99830627441406,153.5874786376953,200.3381805419922,137.19790649414062,224.20863342285156,159.8625030517578,0
17,214.5135498046875,148.76686096191406,493.1832275390625,149.74522399902344,220.87045288085938,159.60934448242188,486.3865661621094,157.25259399414062,222.3802032470703,157.69815063476562,222.5113525390625,153.51812744140625,213.15882873535156,150.5763702392578,208.55224609375,143.9541778564453,222.96575927734375,153.4321746826172,200.40660095214844,137.12806701660156,224.16355895996094,159.64999389648438,0
18,214.46139526367188,148.66624450683594,493.1644287109375,149.6846160888672,220.88800048828125,159.68882751464844,486.37896728515625,157.24778747558594,222.3773651123047,157.68174743652344,222.40692138671875,153.49781799316406,213.17420959472656,150.5380859375,208.5995635986328,143.93630981445312,223.02529907226562,153.51597595214844,200.35772705078125,137.1675567626953,224.2338104248047,159.7318572998047,0
19,214.41799926757812,148.77923583984375,493.15911865234375,149.81390380859375,220.7488555908203,159.480712890625,486.4093322753906,157.28292846679688,222.36456298828125,157.68280029296875,222.52798461914062,153.522705078125,213.2088165283203,150.63682556152344,208.4901123046875,143.9173583984375,222.90301513671875,153.3092803955078,200.38462829589844,137.16934204101562,224.07168579101562,159.53445434570312,0
20,214.55751037597656,148.69927978515625,493.141357421875,149.7265167236328,220.88235473632812,159.7065887451172,486.4629211425781,157.21339416503906,222.34693908691406,157.68174743652344,222.4733428955078,153.499267578125,213.19253540039062,150.54415893554688,208.6498260498047,143.91677856445312,223.00509643554688,153.48410034179688,200.35867309570312,137.19989013671875,224.22596740722656,159.73944091796875,0
21,214.5052947998047,148.6329803466797,493.2086181640625,149.69776916503906,220.84588623046875,159.806640625,486.44683837890625,157.2357940673828,206.76837158203125,157.63906860351562,222.3957061767578,153.4889373779297,213.1939697265625,150.48898315429688,208.68161010742188,143.95933532714844,220.27369689941406,134.32046508789062,200.4568634033203,137.17953491210938,224.1703643798828,159.82656860351562,0
22,214.45614624023438,148.71371459960938,493.2503356933594,149.71038818359375,220.81582641601562,159.74234008789062,486.43994140625,157.23568725585938,206.7401580810547,157.6815643310547,222.43191528320312,153.4890899658203,213.15211486816406,150.55860900878906,208.62184143066406,143.95220947265625,223.0309295654297,153.52981567382812,200.41265869140625,137.1827392578125,224.18670654296875,159.75160217285156,0
23,214.44029235839844,148.80409240722656,493.29278564453125,149.7442169189453,220.79837036132812,159.66937255859375,486.4696044921875,157.2215576171875,222.3269805908203,157.7238006591797,222.49594116210938,153.47970581054688,213.15908813476562,150.583740234375,208.57273864746094,143.92547607421875,222.98883056640625,153.46026611328125,200.47889709472656,137.18675231933594,224.11988830566406,159.65867614746094,0
24,214.3682098388672,148.81936645507812,493.2809753417969,149.712646484375,220.73501586914062,159.62686157226562,486.4469299316406,157.21856689453125,206.7133331298828,157.6947479248047,222.41542053222656,153.468505859375,213.12953186035156,150.63290405273438,208.53814697265625,143.979248046875,223.03977966308594,153.49447631835938,200.45330810546875,137.14366149902344,224.229736328125,159.60287475585938,0
25,214.41314697265625,148.6908721923828,493.1899108886719,149.70822143554688,220.79168701171875,159.83187866210938,486.29522705078125,156.99513244628906,206.7074737548828,157.70135498046875,222.36695861816406,153.4578094482422,213.10891723632812,150.51657104492188,208.60240173339844,143.90052795410156,223.0535125732422,153.6156768798828,200.44924926757812,137.22079467773438,224.1983184814453,159.74655151367188,0
26,214.4952850341797,148.67713928222656,493.22576904296875,149.6713409423828,220.85914611816406,159.85922241210938,486.2915344238281,157.01756286621094,206.68173217773438,157.70787048339844,222.41827392578125,153.4822235107422,213.10894775390625,150.49771118164062,208.6748809814453,143.93507385253906,223.0203094482422,153.6011199951172,200.46218872070312,137.13958740234375,224.15328979492188,159.78236389160156,0
27,214.4365692138672,148.67897033691406,493.3249816894531,149.7503204345703,220.86170959472656,159.83883666992188,486.34710693359375,157.05126953125,206.66062927246094,157.7267303466797,222.35427856445312,153.50567626953125,213.11279296875,150.52389526367188,208.63941955566406,143.8997039794922,223.0674285888672,153.6303253173828,200.46397399902344,137.15582275390625,224.19346618652344,159.77557373046875,0
28,214.4966278076172,148.6844024658203,493.2221984863281,149.6878204345703,220.7803497314453,159.79660034179688,486.3348693847656,157.01092529296875,206.67147827148438,157.71592712402344,222.3695068359375,153.51748657226562,213.12606811523438,150.5264892578125,208.62998962402344,143.9386749267578,223.0210418701172,153.55787658691406,200.4078369140625,137.12847900390625,224.1257781982422,159.71934509277344,0
29,214.4197235107422,148.65982055664062,493.2190856933594,149.5200653076172,220.7797393798828,159.74472045898438,486.2672424316406,156.9687042236328,222.3119659423828,157.71258544921875,222.4036865234375,153.4891815185547,213.1329803466797,150.565185546875,208.58868408203125,143.91552734375,223.02191162109375,153.55796813964844,200.38490295410156,137.20486450195312,224.16659545898438,159.69139099121094,0
30,214.3496856689453,148.62852478027344,493.27703857421875,149.6373291015625,220.82107543945312,159.79103088378906,486.3152160644531,157.010986328125,222.3467559814453,157.71597290039062,222.3978271484375,153.427734375,213.11024475097656,150.59078979492188,208.53875732421875,143.86056518554688,223.05001831054688,153.6206512451172,200.35580444335938,137.2375030517578,224.194091796875,159.72732543945312,0
31,214.4349822998047,148.66917419433594,493.364990234375,149.65281677246094,220.8441162109375,159.74839782714844,486.2902526855469,156.9840087890625,222.3522491455078,157.734375,222.4546356201172,153.4647216796875,213.1551055908203,150.61019897460938,208.57484436035156,143.8658447265625,223.0294647216797,153.52255249023438,200.37158203125,137.2436981201172,224.1530303955078,159.68727111816406,0
32,214.4375457763672,148.67608642578125,493.1863098144531,149.831787109375,220.782958984375,159.68930053710938,486.33502197265625,157.00946044921875,222.33421325683594,157.7069854736328,222.4406280517578,153.48313903808594,213.1507568359375,150.57723999023438,208.6099853515625,143.91624450683594,223.0004119873047,153.4887237548828,200.4115447998047,137.17483520507812,224.10546875,159.68362426757812,0
33,214.50933837890625,148.60562133789062,493.27337646484375,149.6676788330078,220.9078826904297,159.86843872070312,486.29278564453125,156.98997497558594,222.38133239746094,157.70547485351562,222.4730224609375,153.4261474609375,213.11839294433594,150.50030517578125,208.69175720214844,143.90692138671875,223.00303649902344,153.5618438720703,200.43505859375,137.24244689941406,224.093994140625,159.80352783203125,0
34,214.4600830078125,148.7072296142578,493.2862854003906,149.55654907226562,220.85128784179688,159.73651123046875,486.2809143066406,157.00848388671875,222.40338134765625,157.7129364013672,222.4750518798828,153.45095825195312,213.0965118408203,150.6005859375,208.61424255371094,143.92294311523438,223.01487731933594,153.53863525390625,200.37347412109375,137.22425842285156,224.16441345214844,159.69505310058594,0
35,214.40869140625,148.59657287597656,493.2435607910156,149.61892700195312,220.88157653808594,159.81396484375,486.2862854003906,157.01353454589844,222.30526733398438,157.68409729003906,222.38706970214844,153.45538330078125,213.09671020507812,150.46995544433594,208.56712341308594,143.91766357421875,223.03854370117188,153.5464324951172,200.4764404296875,137.17523193359375,224.1375274658203,159.8102569580078,0
36,214.4944610595703,148.54698181152344,493.21685791015625,149.78207397460938,220.9584503173828,159.90736389160156,478.6022033691406,156.64466857910156,222.29974365234375,157.6885223388672,222.393798828125,153.4849853515625,213.1285858154297,150.4534912109375,208.6541290283203,143.92324829101562,222.9702606201172,153.62380981445312,200.51998901367188,137.20472717285156,224.09959411621094,159.88729858398438,0
37,214.48715209960938,148.57554626464844,493.2838439941406,149.68002319335938,221.03753662109375,159.88687133789062,486.2464904785156,157.0197296142578,222.40542602539062,157.75054931640625,222.5126495361328,153.46397399902344,213.14129638671875,150.4913787841797,208.63162231445312,143.91506958007812,223.02403259277344,153.6204071044922,200.48562622070312,137.1970672607422,224.18896484375,159.82383728027344,0
38,214.6634521484375,148.52052307128906,493.26104736328125,149.70724487304688,221.12643432617188,160.06723022460938,486.292236328125,157.01980590820312,222.32904052734375,157.73300170898438,222.62942504882812,153.46299743652344,213.1995086669922,150.41680908203125,208.77403259277344,143.86074829101562,222.96896362304688,153.56924438476562,200.4196014404297,137.3170928955078,224.08798217773438,159.9141082763672,0
39,214.62413024902344,148.64340209960938,493.2564392089844,149.6813201904297,221.0093536376953,159.87815856933594,486.3180236816406,157.01014709472656,222.34097290039062,157.72976684570312,222.63861083984375,153.4477996826172,213.1842803955078,150.46719360351562,208.6999969482422,143.9467315673828,222.9235076904297,153.47042846679688,200.43487548828125,137.2211456298828,224.0582733154297,159.78717041015625,0
40,214.67431640625,148.6329345703125,493.26275634765625,149.7457275390625,221.00762939453125,159.87448120117188,478.5867614746094,156.797607421875,206.7479248046875,157.64378356933594,222.65158081054688,153.4462432861328,213.15589904785156,150.49069213867188,208.73538208007812,143.9297332763672,222.94540405273438,153.4596710205078,200.4011688232422,137.256103515625,224.0540008544922,159.7952880859375,0
41,214.5946502685547,148.59521484375,493.2012023925781,149.89569091796875,220.9512176513672,159.8792266845703,478.5438232421875,156.7085723876953,206.71896362304688,157.6827392578125,222.56634521484375,153.4414520263672,213.16961669921875,150.50656127929688,208.6822509765625,143.87193298339844,222.95205688476562,153.50302124023438,200.40362548828125,137.2497100830078,224.05723571777344,159.77767944335938,0
42,214.47581481933594,148.6082305908203,493.3915710449219,149.6793212890625,220.983642578125,159.87515258789062,486.3921813964844,157.00732421875,222.32423400878906,157.75279235839844,222.59922790527344,153.466796875,213.1494903564453,150.51229858398438,208.6480255126953,143.83482360839844,222.95504760742188,153.51632690429688,200.38206481933594,137.26678466796875,224.03668212890625,159.79495239257812,0
43,214.59597778320312,148.56053161621094,493.36004638671875,149.66510009765625,221.01870727539062,159.9189453125,486.41162109375,157.01071166992188,222.32447814941406,157.7340545654297,222.63296508789062,153.45440673828125,213.20213317871094,150.47409057617188,208.68333435058594,143.91481018066406,222.92892456054688,153.50210571289062,200.44595336914062,137.25376892089844,224.0233154296875,159.8455352783203,0
44,214.37020874023438,148.62155151367188,493.4404602050781,149.6064453125,220.883544921875,159.7975616455078,486.3375244140625,157.0269775390625,222.29159545898438,157.71563720703125,222.52015686035156,153.4850311279297,213.2090606689453,150.5264129638672,208.5836944580078,143.82763671875,222.9499053955078,153.49493408203125,200.41143798828125,137.2992401123047,224.097900390625,159.7579803466797,0
45,214.55186462402344,148.77557373046875,493.24725341796875,149.57334899902344,220.80311584472656,159.6569366455078,486.2811279296875,157.01292419433594,222.3179931640625,157.7010498046875,222.6311798095703,153.5240478515625,213.21624755859375,150.5777587890625,208.7647705078125,143.90447998046875,222.87599182128906,153.3568878173828,200.30642700195312,137.26321411132812,224.03741455078125,159.6563720703125,0
46,214.4878387451172,148.5977783203125,493.2820129394531,149.6259765625,220.878662109375,159.8616485595703,486.3031921386719,157.03182983398438,222.20791625976562,157.69442749023438,222.5641632080078,153.4473876953125,213.15615844726562,150.47702026367188,208.6729278564453,143.7933349609375,222.82559204101562,153.5461883544922,200.36013793945312,137.34060668945312,223.95127868652344,159.87600708007812,0
47,214.4644012451172,148.6060791015625,493.2139892578125,149.62806701660156,220.8986053466797,159.79708862304688,486.2848815917969,157.07177734375,206.67823791503906,157.7255401611328,222.614501953125,153.45208740234375,213.1562042236328,150.48617553710938,208.68641662597656,143.77928161621094,222.85093688964844,153.47918701171875,200.3695526123047,137.3089141845703,224.0005340576172,159.7736053466797,0
48,214.42990112304688,148.65594482421875,493.32781982421875,149.48240661621094,220.8807830810547,159.70570373535156,486.23907470703125,157.03839111328125,222.33367919921875,157.71871948242188,222.53627014160156,153.43267822265625,213.1544647216797,150.558349609375,208.6295928955078,143.8878936767578,222.89703369140625,153.45196533203125,200.41119384765625,137.254638671875,224.0520477294922,159.67962646484375,0
49,214.57557678222656,148.5489501953125,493.3741149902344,149.4188995361328,220.98031616210938,159.9409942626953,486.2682800292969,157.04428100585938,222.25962829589844,157.69229125976562,222.56251525878906,153.4980010986328,213.145751953125,150.4470672607422,208.77040100097656,143.84555053710938,222.8943328857422,153.5811309814453,200.44046020507812,137.3260955810547,224.01480102539062,159.88475036621094,0
50,214.5444793701172,148.59381103515625,493.4042663574219,149.4174041748047,220.96649169921875,159.85096740722656,486.2770690917969,157.02955627441406,222.30601501464844,157.69100952148438,222.57275390625,153.4756622314453,213.1702117919922,150.47332763671875,208.7191162109375,143.8197021484375,222.9259490966797,153.5352783203125,200.40846252441406,137.33966064453125,224.08656311035156,159.80613708496094,0
51,214.5587615966797,148.7117156982422,493.5005187988281,149.39268493652344,220.90541076660156,159.74636840820312,486.3352966308594,157.01881408691406,222.34019470214844,157.69537353515625,222.6138916015625,153.47413635253906,213.15248107910156,150.56295776367188,208.7105712890625,143.86587524414062,222.85755920410156,153.4490203857422,200.39141845703125,137.30552673339844,224.02340698242188,159.7147674560547,0
52,214.5707550048828,148.68446350097656,493.33905029296875,149.40293884277344,220.8561553955078,159.8080291748047,486.3475036621094,157.0201416015625,206.7307891845703,157.7503204345703,222.5703887939453,153.42672729492188,213.0927734375,150.49728393554688,208.71240234375,143.85060119628906,222.91969299316406,153.49343872070312,200.4414825439453,137.28854370117188,224.0227508544922,159.72283935546875,0
53,214.6155548095703,148.60751342773438,493.31927490234375,149.39076232910156,220.97348022460938,159.85665893554688,486.3748474121094,156.99288940429688,206.72271728515625,157.73324584960938,222.62722778320312,153.4223175048828,213.1044464111328,150.496337890625,208.71751403808594,143.87049865722656,222.93312072753906,153.5322265625,200.5120086669922,137.27243041992188,224.05104064941406,159.74847412109375,0
54,214.47813415527344,148.61183166503906,493.33013916015625,149.4291229248047,220.89840698242188,159.89292907714844,486.3749694824219,156.98585510253906,222.3474884033203,157.6920166015625,222.48606872558594,153.46304321289062,213.08815002441406,150.5259552001953,208.6232452392578,143.84326171875,223.00576782226562,153.60537719726562,200.47763061523438,137.25650024414062,224.1411895751953,159.7856903076172,0
55,214.5490264892578,148.61685180664062,493.3442687988281,149.47476196289062,220.96434020996094,159.8687744140625,486.3736267089844,157.02749633789062,222.3566436767578,157.70091247558594,222.57395935058594,153.4814910888672,213.10678100585938,150.5047607421875,208.69406127929688,143.8662567138672,220.2435760498047,134.3959503173828,200.45033264160156,137.28517150878906,224.09291076660156,159.7897186279297,0
56,214.5294647216797,148.6499786376953,493.32098388671875,149.53564453125,220.94615173339844,159.8802032470703,486.3838195800781,157.05078125,222.3629608154297,157.67977905273438,222.57290649414062,153.45303344726562,213.10726928710938,150.52333068847656,208.6757049560547,143.8519287109375,222.9666748046875,153.54861450195312,200.40419006347656,137.2906951904297,224.1092987060547,159.7700653076172,0
57,214.59568786621094,148.7383575439453,493.3375549316406,149.50650024414062,220.9199981689453,159.7584686279297,486.383056640625,157.05001831054688,206.7714385986328,157.6902618408203,222.68023681640625,153.45135498046875,213.1226043701172,150.55288696289062,208.6590576171875,143.90280151367188,222.88986206054688,153.46304321289062,200.4052276611328,137.28892517089844,224.05374145507812,159.67001342773438,0
58,214.57469177246094,148.5806121826172,493.36505126953125,149.539306640625,220.96157836914062,159.93882751464844,486.4391174316406,157.0657501220703,222.3296356201172,157.6519317626953,222.55819702148438,153.4427490234375,213.12062072753906,150.46954345703125,208.69699096679688,143.82440185546875,222.92904663085938,153.6104736328125,200.46485900878906,137.32859802246094,224.08493041992188,159.85914611816406,0
59,214.4613037109375,148.53367614746094,493.38079833984375,149.4804229736328,220.9291229248047,159.94102478027344,486.3611755371094,157.06922912597656,222.3167724609375,157.6725616455078,222.48326110839844,153.3869171142578,213.1287841796875,150.48788452148438,208.6087188720703,143.8391571044922,222.96942138671875,153.6429443359375,200.3590545654297,137.33091735839844,224.07479858398438,159.8717803955078,0
60,214.4783477783203,148.6193389892578,493.3150634765625,149.5369110107422,220.8522186279297,159.82357788085938,486.346435546875,157.12889099121094,206.76266479492188,157.73228454589844,222.55482482910156,153.42745971679688,213.1804656982422,150.51881408691406,208.60861206054688,143.83213806152344,222.99537658691406,153.51974487304688,200.37997436523438,137.29273986816406,224.08506774902344,159.75897216796875,0
61,214.44625854492188,148.62051391601562,493.2676086425781,149.5332794189453,220.82260131835938,159.7912139892578,486.3773498535156,157.12843322753906,206.7361602783203,157.73416137695312,222.5151824951172,153.43292236328125,213.16964721679688,150.528076171875,208.56307983398438,143.86553955078125,222.99456787109375,153.51266479492188,200.37197875976562,137.252197265625,224.04872131347656,159.71905517578125,0
62,214.40538024902344,148.6245880126953,493.2568054199219,149.55990600585938,220.84719848632812,159.76861572265625,486.4024353027344,157.0975341796875,222.41700744628906,157.6999969482422,222.52857971191406,153.42567443847656,213.1807861328125,150.51473999023438,208.58787536621094,143.82347106933594,222.97073364257812,153.52720642089844,200.3616485595703,137.27407836914062,224.1036376953125,159.71966552734375,0
63,214.5114288330078,148.60308837890625,493.1020202636719,149.61167907714844,220.8824462890625,159.85037231445312,486.3614196777344,157.09593200683594,222.3445281982422,157.68753051757812,222.54501342773438,153.4861602783203,213.17678833007812,150.52056884765625,208.5966033935547,143.80538940429688,222.94618225097656,153.5367889404297,200.42706298828125,137.2769012451172,224.0249786376953,159.7563934326172,0
64,214.52755737304688,148.59780883789062,493.1305847167969,149.68649291992188,221.02243041992188,159.98780822753906,486.38714599609375,157.09259033203125,222.29364013671875,157.67333984375,222.56378173828125,153.4842987060547,213.16627502441406,150.478271484375,208.59967041015625,143.8806610107422,220.23077392578125,134.3584442138672,200.5186004638672,137.23965454101562,224.03111267089844,159.8968963623047,0
65,214.59678649902344,148.47647094726562,493.15576171875,149.83673095703125,221.0850067138672,160.15367126464844,486.4003601074219,157.17636108398438,222.2525177001953,157.66262817382812,222.50906372070312,153.43667602539062,213.1676788330078,150.38816833496094,208.65304565429688,143.82421875,220.2079620361328,134.34500122070312,200.5283203125,137.2897186279297,224.04901123046875,160.04544067382812,0
66,214.54933166503906,148.61813354492188,493.0959777832031,149.690185546875,221.0611114501953,159.98423767089844,486.39581298828125,157.10733032226562,222.2669677734375,157.66104125976562,222.59266662597656,153.46414184570312,213.1499481201172,150.4464111328125,208.567626953125,143.95108032226562,220.21592712402344,134.29168701171875,200.54312133789062,137.17068481445312,223.9745330810547,159.9368896484375,0
67,214.68678283691406,148.74270629882812,493.066650390625,149.6121063232422,221.00457763671875,159.8912811279297,486.3660583496094,157.06866455078125,206.67601013183594,157.73028564453125,222.72958374023438,153.48992919921875,213.1909942626953,150.49879455566406,208.70176696777344,144.00039672851562,222.86630249023438,153.4353790283203,200.54408264160156,137.16946411132812,223.9738311767578,159.8267822265625,0
68,214.64682006835938,148.7561492919922,493.072265625,149.5657196044922,220.94619750976562,159.87176513671875,486.3817138671875,157.08514404296875,222.31842041015625,157.66629028320312,222.67935180664062,153.50494384765625,213.1298065185547,150.52243041992188,208.54864501953125,143.96365356445312,222.85757446289062,153.45962524414062,200.55331420898438,137.18502807617188,223.92137145996094,159.86749267578125,0
69,214.6945037841797,148.63658142089844,493.1300048828125,149.54296875,221.00900268554688,159.94740295410156,486.42218017578125,157.11312866210938,222.3056640625,157.6730499267578,222.59994506835938,153.48828125,213.16294860839844,150.4524688720703,208.5982208251953,143.96914672851562,222.90811157226562,153.52569580078125,200.5213165283203,137.22901916503906,223.97650146484375,159.94439697265625,0
70,214.6580352783203,148.6273193359375,493.1969909667969,149.70645141601562,221.11973571777344,160.0132293701172,486.4776306152344,157.1527557373047,222.3134765625,157.7097625732422,222.68222045898438,153.47988891601562,213.1749267578125,150.45823669433594,208.6067352294922,143.9512939453125,222.91685485839844,153.53292846679688,200.5181884765625,137.20657348632812,224.00624084472656,160.0019073486328,0
71,214.63394165039062,148.6260986328125,493.1584167480469,149.62939453125,221.07760620117188,159.9700164794922,486.4328308105469,157.16427612304688,222.31805419921875,157.7204132080078,222.6374969482422,153.449462890625,213.13299560546875,150.48899841308594,208.66049194335938,143.95687866210938,222.92648315429688,153.54708862304688,200.40194702148438,137.19956970214844,224.0288848876953,159.91468811035156,0
72,214.5369110107422,148.6782684326172,493.2097473144531,149.64645385742188,221.12364196777344,159.95199584960938,486.45281982421875,157.13961791992188,222.37246704101562,157.72975158691406,222.63136291503906,153.47303771972656,213.09385681152344,150.54212951660156,208.61558532714844,144.00588989257812,222.98837280273438,153.59912109375,200.41314697265625,137.11180114746094,224.179931640625,159.88185119628906,0
73,214.46463012695312,148.67591857910156,493.18426513671875,149.62403869628906,221.06459045410156,159.90225219726562,486.4594421386719,157.1558380126953,206.6986541748047,157.7557830810547,222.54039001464844,153.45018005371094,213.08628845214844,150.52365112304688,208.65643310546875,143.9736785888672,222.99099731445312,153.61407470703125,200.34573364257812,137.14547729492188,224.16294860839844,159.86570739746094,0
74,214.47193908691406,148.61158752441406,493.2689514160156,149.5085906982422,221.0901336669922,160.01817321777344,486.44580078125,157.12989807128906,222.24095153808594,157.7223663330078,222.51161193847656,153.4534149169922,213.04957580566406,150.5170135498047,208.60580444335938,143.9099884033203,222.99111938476562,153.67794799804688,200.38278198242188,137.21859741210938,224.1354522705078,159.9423065185547,0
75,214.5357666015625,148.73867797851562,493.2552795410156,149.6002655029297,220.92860412597656,159.77772521972656,486.4498596191406,157.16310119628906,222.3019561767578,157.6702880859375,222.558349609375,153.46688842773438,213.0550537109375,150.55564880371094,208.6959991455078,143.935302734375,222.929931640625,153.5140380859375,200.37367248535156,137.19674682617188,224.08074951171875,159.7301788330078,0
76,214.37460327148438,148.81924438476562,493.1538391113281,149.6457977294922,220.85511779785156,159.67593383789062,486.4662780761719,157.1801300048828,222.29794311523438,157.67803955078125,222.5476837158203,153.52305603027344,213.1034393310547,150.61148071289062,208.53231811523438,144.0286102294922,222.9031982421875,153.43115234375,200.4481201171875,137.1196746826172,224.02157592773438,159.67483520507812,0
77,214.43898010253906,148.6952667236328,493.11285400390625,149.9346923828125,220.94850158691406,159.88424682617188,486.4714660644531,157.20254516601562,222.25173950195312,157.6971435546875,222.5128631591797,153.48074340820312,213.07781982421875,150.5264129638672,208.58291625976562,143.96157836914062,222.9829864501953,153.57237243652344,200.3667449951172,137.17544555664062,224.0941162109375,159.8367156982422,0
78,214.4335479736328,148.7628173828125,493.19921875,150.10377502441406,220.8961181640625,159.69583129882812,486.525146484375,157.25637817382812,222.304443359375,157.71978759765625,222.56893920898438,153.49720764160156,213.10784912109375,150.58486938476562,218.26373291015625,153.96087646484375,222.92945861816406,153.45501708984375,200.4417266845703,137.15574645996094,224.03868103027344,159.70809936523438,0
79,214.54124450683594,148.71702575683594,493.0392150878906,149.9407501220703,220.98416137695312,159.8019561767578,486.4665222167969,157.20997619628906,222.31680297851562,157.69029235839844,222.6031494140625,153.49868774414062,213.12925720214844,150.53665161132812,208.69161987304688,143.94580078125,222.91943359375,153.46763610839844,200.39910888671875,137.2142791748047,224.0715789794922,159.79676818847656,0
80,214.5445098876953,148.66387939453125,493.076171875,150.06668090820312,220.9678192138672,159.8252716064453,478.789794921875,156.92691040039062,222.24310302734375,157.71923828125,222.59060668945312,153.4670867919922,213.1189422607422,150.5328369140625,218.2557373046875,153.9171142578125,222.8593292236328,153.5007781982422,200.41285705566406,137.2015380859375,223.933349609375,159.854736328125,0
81,214.4434356689453,148.6842498779297,493.1745910644531,150.05198669433594,220.8684539794922,159.7377166748047,486.5022277832031,157.25601196289062,222.25762939453125,157.70919799804688,222.4963836669922,153.43838500976562,213.13194274902344,150.53904724121094,208.57687377929688,143.93380737304688,222.96803283691406,153.48846435546875,200.4760284423828,137.1764678955078,224.03297424316406,159.75607299804688,0
82,214.33567810058594,148.64047241210938,493.1919860839844,150.18846130371094,220.85682678222656,159.78790283203125,478.77215576171875,156.8148193359375,222.20118713378906,157.7501220703125,222.38389587402344,153.46725463867188,213.1045379638672,150.5823211669922,208.5295867919922,143.91522216796875,223.0242462158203,153.60531616210938,200.49798583984375,137.19735717773438,224.0408172607422,159.78981018066406,0
83,214.0972137451172,148.5564727783203,493.0729064941406,150.0729217529297,220.61607360839844,160.01507568359375,478.7532043457031,156.86390686035156,222.02293395996094,157.82183837890625,222.0526885986328,153.54415893554688,211.6383819580078,155.64614868164062,208.50416564941406,143.86611938476562,223.1259002685547,153.85232543945312,200.51461791992188,137.2113494873047,224.03439331054688,159.95565795898438,0
84,214.1066436767578,148.6232452392578,493.1125183105469,150.07765197753906,220.75559997558594,160.05787658691406,478.74468994140625,156.824462890625,222.16824340820312,157.8738555908203,222.26370239257812,153.5350799560547,213.0026092529297,150.60519409179688,208.57167053222656,143.8025360107422,223.16085815429688,153.76458740234375,200.43402099609375,137.23768615722656,224.1072235107422,159.8284149169922,0
85,214.11151123046875,148.63357543945312,493.1647033691406,150.0669403076172,220.7581024169922,160.02281188964844,486.4704284667969,157.20745849609375,222.0835418701172,157.8275146484375,222.2771759033203,153.58642578125,213.0169677734375,150.5753936767578,208.589111328125,143.6958770751953,223.1256561279297,153.6742401123047,200.3419189453125,137.26300048828125,224.11766052246094,159.8979034423828,0
86,214.09219360351562,148.56890869140625,493.07220458984375,149.86326599121094,220.751953125,160.01016235351562,486.4378967285156,157.24203491210938,222.0886993408203,157.8194122314453,222.19354248046875,153.49453735351562,212.9962615966797,150.59315490722656,208.53939819335938,143.74130249023438,223.1650390625,153.7657470703125,200.4122772216797,137.2244873046875,224.1363067626953,159.8617401123047,0
87,214.102294921875,148.6254119873047,493.21435546875,149.84783935546875,221.0220184326172,160.07766723632812,486.4169006347656,157.10577392578125,222.23159790039062,157.84498596191406,222.4258270263672,153.47445678710938,213.04241943359375,150.6158905029297,208.39866638183594,143.83840942382812,223.20065307617188,153.7427520751953,200.5405731201172,137.14944458007812,224.12136840820312,159.94802856445312,0
88,213.98768615722656,148.66944885253906,493.2707824707031,149.62413024902344,220.85440063476562,159.90267944335938,486.3908996582031,157.01657104492188,222.19461059570312,157.80809020996094,222.34585571289062,153.4985809326172,211.66539001464844,155.6752166748047,208.46481323242188,143.91456604003906,223.17738342285156,153.72625732421875,200.4576873779297,137.0985565185547,224.2075653076172,159.86856079101562,0
89,214.148681640625,148.74269104003906,493.088134765625,149.4940643310547,220.986328125,159.76889038085938,486.24676513671875,157.01248168945312,222.2525634765625,157.82455444335938,222.4753875732422,153.46302795410156,211.70140075683594,155.74481201171875,208.60809326171875,143.99490356445312,223.1644744873047,153.5819091796875,200.41033935546875,137.0596160888672,86.97493743896484,310.7734375,0
90,214.04953002929688,148.7386016845703,493.08392333984375,149.37612915039062,220.86326599121094,159.7747344970703,486.2967529296875,156.98373413085938,222.15560913085938,157.87295532226562,222.3895721435547,153.43858337402344,211.64927673339844,155.68069458007812,208.3260040283203,143.95545959472656,223.16725158691406,153.58409118652344,200.5819854736328,137.1058349609375,87.44197845458984,274.0218505859375,0
91,213.84584045410156,148.63194274902344,493.1163330078125,149.3679656982422,220.63536071777344,159.6998291015625,486.44476318359375,157.04579162597656,222.0752410888672,157.8647003173828,221.97637939453125,153.41558837890625,211.55596923828125,155.69451904296875,208.36819458007812,144.02273559570312,223.20416259765625,153.830322265625,200.46768188476562,137.0786590576172,224.03555297851562,159.6649169921875,0
92,213.9818115234375,148.49404907226562,493.36395263671875,149.16497802734375,220.74929809570312,160.02633666992188,486.46533203125,156.9935760498047,221.99517822265625,157.86239624023438,221.9351348876953,153.45486450195312,213.03147888183594,150.5111846923828,208.4692840576172,143.804443359375,220.39874267578125,134.45303344726562,200.6896514892578,137.28732299804688,86.32577514648438,296.5061340332031,0
93,213.7938690185547,148.90850830078125,493.54766845703125,149.3446044921875,325.8824768066406,618.0706787109375,486.5531921386719,157.15525817871094,320.3810729980469,620.3898315429688,315.7120666503906,622.38916015625,211.59866333007812,155.80828857421875,297.5688171386719,625.2476806640625,325.5576171875,618.7538452148438,200.5196533203125,137.09869384765625,87.23456573486328,306.1197509765625,0
94,213.93463134765625,148.75439453125,493.2862548828125,149.64280700683594,283.6646728515625,576.706298828125,299.31121826171875,596.4359130859375,302.107421875,581.5086669921875,299.198974609375,588.3670654296875,300.64984130859375,589.3111572265625,310.786376953125,596.0064086914062,341.8382873535156,595.8102416992188,344.67889404296875,587.8728637695312,336.1478271484375,600.9820556640625,0
95,213.86622619628906,148.79771423339844,493.16717529296875,149.6337127685547,373.6816101074219,552.8118286132812,346.5433044433594,571.3771362304688,367.5865783691406,559.193603515625,346.2004699707031,556.8248901367188,363.9968566894531,558.22607421875,347.41632080078125,554.2929077148438,373.1488342285156,550.506103515625,361.7091064453125,562.72265625,364.8080749511719,560.2439575195312,0
96,213.7332763671875,148.8705596923828,493.6285400390625,149.53643798828125,388.1506042480469,531.6563110351562,347.4677429199219,543.589599609375,375.63604736328125,538.6746215820312,362.3289489746094,537.9839477539062,356.99658203125,540.7919921875,358.9295959472656,534.5045166015625,384.9509582519531,532.3065185546875,364.6271057128906,541.4857788085938,382.98388671875,536.4453125,0
97,213.64906311035156,149.03851318359375,493.7969665527344,149.62704467773438,394.70452880859375,510.5556640625,354.9418029785156,524.5265502929688,349.2713928222656,505.2641296386719,378.6299743652344,517.0505981445312,365.26922607421875,521.951171875,371.1351013183594,515.4578857421875,392.1461181640625,508.6427307128906,376.11102294921875,522.3242797851562,383.0340881347656,520.486328125,0
98,213.57577514648438,149.14675903320312,493.6854248046875,149.6309814453125,355.4775390625,460.9148864746094,373.23583984375,484.5572509765625,383.32745361328125,470.22113037109375,373.47039794921875,474.5014953613281,377.0347595214844,476.91046142578125,387.42083740234375,477.8035583496094,404.2581481933594,470.15411376953125,387.80963134765625,477.9579772949219,411.3550109863281,471.5223083496094,0
99,213.43638610839844,149.0280303955078,493.6354675292969,149.64923095703125,218.354248046875,134.73268127441406,486.6267395019531,157.06581115722656,222.1455841064453,158.2535400390625,221.78062438964844,154.15553283691406,211.94105529785156,156.13809204101562,207.668701171875,144.33737182617188,220.57763671875,134.652099609375,401.7310791015625,433.7327575683594,432.42193603515625,428.1825256347656,0
100,213.44500732421875,149.1573028564453,493.77337646484375,149.04074096679688,218.35726928710938,134.8174591064453,486.3794250488281,156.75628662109375,222.12762451171875,158.25686645507812,221.83737182617188,154.23583984375,211.9484100341797,156.193603515625,207.65980529785156,144.2879638671875,220.62210083007812,134.57040405273438,200.7287139892578,136.7694549560547,223.70071411132812,132.8784637451172,0
101,213.52232360839844,148.80429077148438,493.8917541503906,147.97421264648438,440.71551513671875,402.16326904296875,486.4960632324219,157.18484497070312,509.52197265625,157.5135498046875,221.35743713378906,154.4102783203125,212.11227416992188,156.12844848632812,207.6322479248047,144.33055114746094,220.66661071777344,134.62997436523438,483.02471923828125,421.19512939453125,441.7092590332031,401.5039367675781,0
102,213.52552795410156,148.79237365722656,493.97967529296875,148.14305114746094,440.7151184082031,402.1640319824219,486.5158386230469,157.18106079101562,509.6158142089844,157.42874145507812,221.34860229492188,154.40440368652344,212.11495971679688,156.12820434570312,207.6395721435547,144.3261260986328,220.65826416015625,134.63719177246094,483.0245361328125,421.1957702636719,441.7085266113281,401.50421142578125,0
103,213.5503692626953,148.87716674804688,495.94110107421875,147.82504272460938,218.3210906982422,134.86766052246094,492.27996826171875,150.13525390625,509.7522277832031,157.15550231933594,221.36183166503906,154.52760314941406,212.178955078125,156.17449951171875,207.59524536132812,144.27081298828125,220.67755126953125,134.62635803222656,200.77825927734375,136.82357788085938,341.91375732421875,186.31405639648438,0
104,213.50624084472656,148.71600341796875,503.05682373046875,145.79959106445312,462.54266357421875,123.32933044433594,485.8820495605469,150.97415161132812,493.98681640625,155.24844360351562,220.9773406982422,154.4965362548828,499.75433349609375,148.55868530273438,491.87103271484375,143.4501953125,461.5102844238281,123.37187194824219,484.21240234375,141.01174926757812,464.2582092285156,123.66471862792969,0
105,213.6381378173828,148.92922973632812,502.20904541015625,145.35015869140625,461.23828125,122.72858428955078,486.1915283203125,150.30130004882812,494.3983154296875,154.9742889404297,482.7936096191406,138.8192901611328,500.61083984375,148.3070526123047,492.96826171875,143.81809997558594,461.07684326171875,123.0235366821289,484.3226318359375,141.05567932128906,462.54095458984375,123.06107330322266,0
106,213.82351684570312,149.07086181640625,502.197509765625,145.33839416503906,461.6993103027344,122.31199645996094,494.728759765625,152.5878143310547,494.6870422363281,155.50262451171875,493.4795227050781,141.45526123046875,500.55157470703125,148.4732208251953,492.6968688964844,143.4708709716797,461.39105224609375,123.39300537109375,484.5277404785156,140.64108276367188,18.453472137451172,588.1007080078125,0
107,213.6874237060547,148.4628143310547,502.5382995605469,146.027587890625,462.13983154296875,122.00318145751953,494.4862365722656,152.85862731933594,495.2533264160156,155.6625213623047,493.8583068847656,141.66139221191406,500.8026123046875,148.88145446777344,493.08642578125,143.45904541015625,461.6549377441406,123.53185272216797,484.6776428222656,140.39553833007812,26.399738311767578,579.7052612304688,0
108,213.14361572265625,147.5086212158203,501.6150817871094,148.1011199951172,461.8050537109375,121.10981750488281,493.15313720703125,153.85861206054688,221.39430236816406,158.2805938720703,218.9866485595703,141.28622436523438,212.83457946777344,151.1449432373047,493.0613098144531,144.64501953125,220.75718688964844,135.47560119628906,416.099365234375,337.9248046875,443.6006774902344,344.49041748046875,0
109,212.53793334960938,146.07943725585938,501.96148681640625,148.22930908203125,461.4729309082031,121.0322036743164,492.962646484375,154.46307373046875,221.13778686523438,158.040283203125,218.7533416748047,153.371826171875,212.39794921875,149.88877868652344,206.61109924316406,143.49037170410156,220.6945037841797,135.76837158203125,200.65415954589844,136.90728759765625,41.69485092163086,546.9468383789062,0
110,212.087158203125,144.89231872558594,499.31475830078125,148.69439697265625,201.77896118164062,158.8097381591797,205.18484497070312,143.66525268554688,220.4173583984375,157.55747985839844,209.22776794433594,140.56015014648438,211.92886352539062,149.04933166503906,206.68553161621094,143.04383850097656,221.35218811035156,136.16732788085938,200.24717712402344,137.48345947265625,41.096866607666016,536.5653076171875,0
111,212.38824462890625,142.87559509277344,496.5699157714844,149.23419189453125,201.93072509765625,159.00335693359375,205.3611297607422,143.0336151123047,221.36756896972656,149.24227905273438,209.52989196777344,140.1618194580078,206.02725219726562,142.97032165527344,212.061279296875,142.6261444091797,223.31382751464844,158.42897033691406,199.9448699951172,137.59632873535156,42.275882720947266,530.6301879882812,0
112,211.9796600341797,141.7176055908203,495.7040100097656,149.31863403320312,202.39535522460938,158.7213897705078,205.53529357910156,142.12107849121094,220.98646545410156,149.1829376220703,211.58767700195312,153.7666473388672,205.92579650878906,142.5526580810547,206.1861114501953,142.44639587402344,222.48599243164062,136.69911193847656,199.89996337890625,137.72354125976562,158.8870086669922,429.1174621582031,0
113,212.1219940185547,139.66529846191406,494.6455383300781,148.920166015625,220.1421356201172,140.7017822265625,206.1764678955078,140.52125549316406,220.03553771972656,148.4141845703125,220.59458923339844,140.677978515625,219.93528747558594,141.19740295410156,218.12643432617188,140.53872680664062,222.7107391357422,137.8720703125,375.92730712890625,347.056396484375,392.7208557128906,383.431640625,0
114,212.43653869628906,137.1217803955078,493.8003845214844,148.73341369628906,240.4933624267578,143.56814575195312,221.05752563476562,139.39718627929688,220.92234802246094,140.9805450439453,221.26048278808594,139.7133026123047,219.91514587402344,139.42002868652344,217.19131469726562,139.1495361328125,222.92388916015625,138.28067016601562,384.75274658203125,356.6308288574219,409.20355224609375,413.6080322265625,0
115,211.89968872070312,136.6749725341797,493.73309326171875,148.69139099121094,240.19020080566406,142.14393615722656,220.52276611328125,133.67172241210938,220.8753662109375,140.27735900878906,221.1278839111328,138.7887725830078,219.03707885742188,133.5907440185547,211.761962890625,139.66172790527344,222.76963806152344,138.72683715820312,220.00535583496094,142.5068817138672,48.09687423706055,505.97772216796875,0
116,212.6764373779297,136.4191436767578,493.7369079589844,148.56613159179688,222.83462524414062,141.279541015625,220.33480834960938,133.8507537841797,221.27981567382812,140.05291748046875,218.955322265625,132.7451171875,219.14247131347656,133.61195373535156,212.5048370361328,139.3965301513672,222.6199951171875,138.740966796875,386.9983825683594,322.6063537597656,410.5346374511719,367.56964111328125,0
117,212.53338623046875,134.1450958251953,494.0498962402344,148.78150939941406,223.1310272216797,140.402099609375,220.20242309570312,133.3397979736328,221.31150817871094,139.7416534423828,218.57876586914062,132.26234436035156,218.82469177246094,133.32534790039062,211.80824279785156,138.76390075683594,378.566162109375,305.6829528808594,398.1153564453125,335.2777404785156,420.61358642578125,376.8515625,0
118,211.92626953125,133.51333618164062,494.4754333496094,148.7470245361328,406.6364440917969,298.32794189453125,220.61016845703125,132.61026000976562,221.3262176513672,139.2515411376953,219.03179931640625,131.2950439453125,218.3717498779297,132.81614685058594,389.0014953613281,301.8679504394531,365.11541748046875,302.1926574707031,390.0593566894531,333.8462829589844,408.85430908203125,362.47216796875,0
119,211.9239501953125,133.1917724609375,495.2122802734375,148.91908264160156,358.7274169921875,297.80609130859375,378.1410827636719,311.0774841308594,380.8143310546875,293.5106201171875,372.3116455078125,300.5202941894531,379.9433898925781,301.8245544433594,398.4859619140625,301.5821533203125,358.5002136230469,299.6790771484375,398.09429931640625,311.4018249511719,49.09909439086914,497.3875427246094,0
120,211.31430053710938,132.71116638183594,496.72991943359375,149.24806213378906,440.0664978027344,321.20758056640625,420.0530700683594,301.8047180175781,407.4855041503906,328.8653869628906,419.6120300292969,313.3109436035156,410.29193115234375,311.78387451171875,392.0559997558594,303.5348815917969,353.75537109375,296.8712158203125,399.6202392578125,285.3857116699219,45.171878814697266,496.07098388671875,0
121,211.63844299316406,133.09034729003906,496.97332763671875,149.45074462890625,455.22576904296875,329.9612731933594,434.98553466796875,307.8219909667969,422.7388000488281,336.0283203125,434.416015625,322.1256408691406,425.09844970703125,315.49737548828125,401.82318115234375,307.5044250488281,351.6387023925781,300.8052062988281,209.8633270263672,140.2843475341797,44.23923110961914,497.8104248046875,0
122,211.3721466064453,132.85667419433594,497.4773864746094,149.88197326660156,469.06268310546875,340.28997802734375,452.07965087890625,315.374755859375,437.9166564941406,343.443359375,449.94647216796875,328.7584228515625,440.24749755859375,323.548828125,412.2374267578125,309.5605163574219,353.37652587890625,301.5132141113281,406.6329650878906,321.72564697265625,43.653472900390625,499.8232116699219,0
123,211.49261474609375,133.11207580566406,499.1029968261719,149.43252563476562,480.80352783203125,346.2425842285156,466.77508544921875,320.64630126953125,449.9914245605469,352.7178955078125,462.54119873046875,337.0359802246094,453.06866455078125,330.30523681640625,416.68658447265625,314.3045654296875,355.541748046875,303.05474853515625,209.9855194091797,141.01638793945312,40.08889389038086,504.08404541015625,0
124,211.81654357910156,133.62681579589844,501.5030822753906,149.01898193359375,501.1860656738281,353.3211669921875,480.57037353515625,332.4391784667969,467.02764892578125,361.59100341796875,479.4986572265625,343.83209228515625,465.960205078125,340.02801513671875,418.7894592285156,319.38275146484375,358.82586669921875,303.514892578125,210.2095489501953,141.55421447753906,236.53958129882812,136.63031005859375,0
125,212.23301696777344,136.33670043945312,503.860107421875,148.92025756835938,512.8818359375,358.8485412597656,493.5867919921875,341.41265869140625,482.26123046875,370.2001037597656,492.8214111328125,354.0113830566406,480.8140563964844,350.7554931640625,435.7194519042969,328.2933654785156,368.9830627441406,305.8827819824219,218.77064514160156,143.00247192382812,239.93505859375,139.0231170654297,0
126,212.01243591308594,138.99880981445312,509.7430725097656,146.0904541015625,545.941162109375,384.18341064453125,527.9725952148438,363.0858154296875,515.8325805664062,390.4913330078125,526.9448852539062,376.33941650390625,516.6431884765625,371.2709045410156,459.1207275390625,341.0376892089844,398.1882629394531,312.4269714355469,411.2587585449219,318.37469482421875,10.348374366760254,536.2431640625,0
127,212.3390350341797,141.74412536621094,511.0706787109375,145.8150634765625,559.2715454101562,392.3857116699219,540.8522338867188,370.13458251953125,527.3494873046875,398.1833190917969,540.3212280273438,382.9820251464844,528.7625732421875,378.3212890625,480.9541015625,351.7724609375,410.339599609375,325.57061767578125,408.76873779296875,332.6923828125,201.87686157226562,162.5879364013672,0
128,212.12094116210938,145.0817413330078,513.8192138671875,146.06561279296875,572.4911499023438,400.0381164550781,553.72265625,376.0935974121094,540.808837890625,404.04443359375,553.535888671875,390.5674133300781,542.1221923828125,384.4667663574219,486.45770263671875,356.1759948730469,427.7205810546875,338.6974182128906,407.4493713378906,331.2578430175781,517.240234375,181.48545837402344,0
129,213.2183837890625,147.411376953125,212.15878295898438,148.41363525390625,584.1845092773438,405.15545654296875,565.050537109375,380.0852355957031,552.9130859375,408.6988220214844,566.3307495117188,394.5710754394531,553.6371459960938,388.8731994628906,496.7994384765625,364.2090148925781,439.1011657714844,352.0316467285156,419.27838134765625,345.6690368652344,521.4559326171875,180.70677185058594,0
130,214.26312255859375,148.61753845214844,213.36094665527344,149.50714111328125,596.8931884765625,404.1080322265625,573.8731079101562,381.8946533203125,563.6548461914062,411.78436279296875,574.9615478515625,395.5866394042969,563.0069580078125,392.4186706542969,504.9494323730469,370.74334716796875,448.16778564453125,358.813720703125,428.052978515625,358.9786682128906,521.837890625,176.3055419921875,0
131,214.22332763671875,148.97366333007812,213.518310546875,149.91937255859375,606.4998779296875,404.0621643066406,582.296630859375,383.3605041503906,575.33447265625,412.2075500488281,585.3012084960938,396.8658142089844,572.5527954101562,394.0906066894531,509.49017333984375,374.0080871582031,450.3914489746094,359.76678466796875,442.4096984863281,364.6710510253906,521.6156616210938,165.2784423828125,0
132,214.1976318359375,149.34091186523438,213.75311279296875,150.3077392578125,621.9877319335938,381.1690979003906,588.9666748046875,372.3904113769531,593.80224609375,406.48211669921875,598.4990844726562,386.2965393066406,583.5863647460938,388.57012939453125,526.06982421875,380.7546081542969,471.2453308105469,371.3944396972656,455.64105224609375,363.5401611328125,454.45269775390625,365.5840759277344,0
133,214.3413848876953,149.41827392578125,213.8966827392578,150.20130920410156,628.2767333984375,375.9757385253906,591.7608642578125,366.6995544433594,599.2899169921875,399.8228454589844,603.2496948242188,378.3587951660156,587.6868286132812,382.1126403808594,532.3646850585938,381.9444885253906,479.9429016113281,378.0124206542969,456.1963806152344,377.3452453613281,521.5919799804688,160.4447784423828,0
134,214.26754760742188,149.45628356933594,506.5833740234375,139.06321716308594,631.8563232421875,371.0504150390625,594.7114868164062,361.71624755859375,600.5326538085938,396.2296142578125,606.4892578125,374.8726501464844,590.4102783203125,378.0471496582031,538.99169921875,383.1152648925781,482.876708984375,391.90753173828125,457.5569763183594,386.1783447265625,479.1929016113281,120.17298126220703,0
135,214.16229248046875,149.32501220703125,503.8584289550781,140.0376739501953,636.90380859375,366.0777893066406,595.519775390625,357.22100830078125,602.8682250976562,391.32861328125,608.5632934570312,370.8146057128906,592.11767578125,376.1040344238281,545.2651977539062,386.17022705078125,488.89141845703125,399.8789978027344,464.873046875,400.25799560546875,449.5142822265625,391.25848388671875,0
136,214.01307678222656,148.9787139892578,502.02606201171875,142.99298095703125,642.2462768554688,364.6763916015625,601.3035278320312,352.9493713378906,605.739501953125,388.65814208984375,613.453369140625,367.0688781738281,596.46533203125,371.7772216796875,549.4139404296875,387.9970397949219,495.3642883300781,409.5719909667969,468.362060546875,412.9493713378906,448.700927734375,404.2757263183594,0
137,213.837158203125,149.2267608642578,497.6410217285156,146.31385803222656,645.0908813476562,364.5643615722656,602.0404663085938,353.8584899902344,611.0392456054688,389.5908508300781,615.5907592773438,367.4233703613281,598.607421875,372.8297424316406,552.332275390625,388.7436218261719,501.97357177734375,411.34722900390625,476.5508117675781,420.04644775390625,451.29815673828125,415.05609130859375,0
138,214.39535522460938,148.88751220703125,492.89532470703125,149.58811950683594,647.882568359375,361.7606201171875,601.8797607421875,352.44287109375,610.5657958984375,387.55206298828125,616.3145751953125,364.7427673339844,598.1498413085938,371.5556640625,550.559814453125,388.7154541015625,499.38134765625,412.9949645996094,477.91802978515625,419.5024108886719,455.7135314941406,412.80126953125,0
139,214.2362518310547,148.77035522460938,493.016845703125,149.69671630859375,646.0546264648438,359.9993896484375,600.8147583007812,352.1484375,610.6177368164062,386.4842529296875,615.6298828125,363.5008544921875,597.1659545898438,370.919677734375,550.0657958984375,388.0907287597656,500.619873046875,414.54779052734375,479.6209411621094,420.8667907714844,456.0267333984375,413.56982421875,0
140,214.2801971435547,148.976318359375,493.2261047363281,149.70135498046875,626.9641723632812,348.05029296875,590.0127563476562,353.3673095703125,610.0859375,385.9071960449219,605.907958984375,361.202880859375,591.8606567382812,372.5149230957031,550.540771484375,390.5144958496094,503.4032897949219,415.68280029296875,482.5242919921875,423.565185546875,87.21142578125,338.4984436035156,0
141,214.35845947265625,148.89996337890625,492.99920654296875,149.88026428222656,601.89404296875,335.144287109375,574.4738159179688,354.9875183105469,602.8710327148438,378.4283752441406,591.6458740234375,356.9833984375,582.3983154296875,371.1356201171875,546.9578247070312,395.23345947265625,502.39569091796875,419.55242919921875,477.8925476074219,428.682861328125,457.43310546875,426.9283447265625,0
142,214.17401123046875,148.84068298339844,492.96527099609375,149.93405151367188,570.0995483398438,308.8379821777344,552.5994262695312,342.4337158203125,586.1204223632812,348.4222106933594,568.4889526367188,333.94305419921875,568.2446899414062,350.5985412597656,548.7124633789062,391.854248046875,501.0481872558594,423.7195129394531,455.3098449707031,424.4594421386719,417.6195373535156,392.3166198730469,0
143,214.32200622558594,148.6181182861328,492.7721862792969,149.97396850585938,559.44287109375,297.3344421386719,548.0949096679688,330.86590576171875,580.3042602539062,333.90557861328125,561.3768920898438,322.9503173828125,560.6846313476562,339.7392272949219,549.3275756835938,386.30413818359375,506.706298828125,425.6061096191406,457.0590515136719,427.20782470703125,414.4350280761719,390.0899353027344,0
144,214.25152587890625,148.7191162109375,492.8099670410156,150.0002899169922,554.018798828125,286.3970031738281,544.1914672851562,322.5284118652344,577.1040649414062,323.2447204589844,557.4900512695312,312.6409912109375,559.4096069335938,328.8052062988281,552.9700927734375,376.7023010253906,514.8699340820312,424.6088562011719,471.3216247558594,436.8244934082031,419.8794250488281,406.408203125,0
145,214.41529846191406,148.7921905517578,492.7615051269531,149.92686462402344,552.4271850585938,277.79644775390625,542.4749145507812,311.063720703125,575.2373657226562,312.82568359375,556.8154296875,300.55718994140625,558.3624877929688,315.95660400390625,555.5037841796875,368.7203063964844,523.0809326171875,423.3629455566406,477.1565856933594,442.58062744140625,425.1598205566406,416.16387939453125,0
146,214.4986114501953,148.77365112304688,492.8282470703125,149.99925231933594,556.0180053710938,266.65032958984375,544.8908081054688,300.9806823730469,578.1799926757812,301.1688232421875,559.09619140625,290.4622497558594,559.824462890625,307.14093017578125,562.9524536132812,360.8919372558594,538.9396362304688,417.4764099121094,507.71954345703125,447.1493225097656,469.9496765136719,440.2477722167969,0
147,214.3838348388672,148.59825134277344,492.9102783203125,149.85646057128906,560.5403442382812,262.2210998535156,549.73974609375,296.0169677734375,581.9276123046875,297.3680725097656,563.305419921875,285.5370788574219,564.8909912109375,301.7633361816406,567.4707641601562,359.26385498046875,547.5411987304688,416.59832763671875,520.343994140625,449.87310791015625,471.1431884765625,443.6507568359375,0
148,214.5236053466797,148.662353515625,492.9319763183594,149.89817810058594,562.5427856445312,257.3345642089844,554.0076904296875,294.10882568359375,586.0346069335938,292.7640380859375,566.7437744140625,281.67779541015625,569.7749633789062,298.56915283203125,569.8480834960938,356.2324523925781,554.6851196289062,414.4627380371094,527.1295166015625,450.3184509277344,471.3274841308594,443.75787353515625,0
149,214.86729431152344,148.6205291748047,493.0688171386719,149.70748901367188,564.442138671875,252.02371215820312,555.2230834960938,288.4558410644531,587.5750732421875,287.67449951171875,569.3506469726562,276.59820556640625,571.0234985351562,293.9777526855469,572.70849609375,349.3232116699219,557.6456298828125,413.95123291015625,535.8173217773438,442.2012939453125,486.6446533203125,439.75433349609375,0
150,214.88516235351562,148.60885620117188,493.088623046875,149.69454956054688,563.7299194335938,250.52923583984375,554.3486328125,282.31854248046875,584.7650146484375,280.9791259765625,567.6070556640625,272.2411804199219,569.9152221679688,286.4587097167969,571.168701171875,340.19610595703125,557.7635498046875,407.4501647949219,525.5662231445312,435.6786804199219,453.54254150390625,424.02288818359375,0
151,214.8389892578125,148.74574279785156,493.07501220703125,149.50782775878906,559.2572631835938,249.810791015625,552.5364379882812,281.7989196777344,583.3025512695312,278.1925964355469,564.5672607421875,270.3700866699219,568.5884399414062,284.8873291015625,570.8956909179688,338.0362854003906,559.9866333007812,408.6227722167969,524.180908203125,436.3009033203125,453.5404968261719,423.7794494628906,0
152,214.77468872070312,148.68370056152344,493.1153869628906,149.55409240722656,554.062255859375,248.4459991455078,549.085205078125,279.9560241699219,581.1503295898438,276.2504577636719,561.3159790039062,267.8953552246094,564.6854858398438,283.44091796875,571.3588256835938,337.57379150390625,563.8968505859375,407.0620422363281,540.4468383789062,438.1037902832031,498.119140625,439.5310974121094,0
153,214.71524047851562,148.6540985107422,493.1825866699219,149.51089477539062,553.316162109375,244.60903930664062,546.1134033203125,277.49493408203125,578.7525634765625,274.9305419921875,558.3884887695312,265.3577880859375,561.8702392578125,281.9442443847656,571.4164428710938,332.02020263671875,565.834228515625,405.6315612792969,543.1824951171875,438.6459655761719,499.5091247558594,440.5615234375,0
154,214.6428985595703,148.668212890625,493.1642150878906,149.67953491210938,550.5894775390625,240.3150177001953,544.3538818359375,274.7510070800781,576.9833374023438,270.8582763671875,557.6226806640625,262.0137023925781,560.7463989257812,278.19891357421875,569.5720825195312,332.35394287109375,566.150390625,404.22894287109375,544.1867065429688,435.82879638671875,501.19195556640625,440.2259521484375,0
155,214.7100067138672,148.54525756835938,493.1644592285156,149.5363311767578,549.3257446289062,235.3485870361328,542.537353515625,271.1321716308594,576.101318359375,266.58770751953125,556.0612182617188,256.8683776855469,559.5828247070312,273.4222412109375,567.647216796875,328.28582763671875,568.8319702148438,403.89117431640625,544.7807006835938,434.7138671875,501.3987121582031,438.080322265625,0
156,214.4833526611328,148.57803344726562,493.08123779296875,149.28097534179688,548.7470703125,232.54342651367188,541.8447265625,265.59503173828125,573.5840454101562,261.0225524902344,554.8716430664062,252.6068115234375,558.5130004882812,267.3774108886719,569.406005859375,325.2505798339844,570.2088623046875,397.8374328613281,551.276611328125,431.44244384765625,504.8512878417969,438.1993103027344,0
157,214.62545776367188,148.5041961669922,493.0130615234375,149.64083862304688,546.03759765625,226.84237670898438,541.5267944335938,263.7264404296875,572.5336303710938,256.5489807128906,553.8140258789062,248.54205322265625,558.0404663085938,264.97564697265625,568.5863037109375,314.6685791015625,571.7593994140625,393.747802734375,555.0961303710938,430.07745361328125,508.7669372558594,436.4980773925781,0
158,214.49465942382812,148.5326690673828,493.0137634277344,149.39688110351562,543.5194091796875,222.91128540039062,540.2822265625,263.7155456542969,570.7161254882812,254.73460388183594,551.0399169921875,248.08346557617188,556.3978881835938,263.680419921875,570.597900390625,313.4211730957031,575.777099609375,391.5657958984375,560.3530883789062,429.3396301269531,515.9524536132812,435.8573303222656,0
159,214.52593994140625,148.54161071777344,492.9009094238281,149.42591857910156,543.1751708984375,220.9613037109375,541.0897216796875,264.2347412109375,571.36083984375,255.61947631835938,551.4857788085938,248.07254028320312,557.2964477539062,264.2179870605469,571.868408203125,313.11920166015625,582.9161376953125,388.4207763671875,571.3043212890625,428.4329528808594,526.8873291015625,436.6068115234375,0
160,214.4832000732422,148.53350830078125,492.92730712890625,149.33432006835938,545.6262817382812,222.32305908203125,542.4434814453125,265.4777526855469,574.162841796875,256.95745849609375,555.082275390625,248.33602905273438,559.6527709960938,265.7680358886719,576.2250366210938,314.41412353515625,587.39111328125,388.29345703125,579.9939575195312,428.5445556640625,537.1658935546875,439.93255615234375,0
161,214.55892944335938,148.5896453857422,492.88336181640625,149.21310424804688,552.8063354492188,226.3055419921875,545.7826538085938,269.4364318847656,577.45068359375,264.01806640625,558.3140869140625,253.7830047607422,560.7366943359375,270.4560546875,579.2420043945312,319.86810302734375,591.0323486328125,389.3536071777344,579.8681640625,428.0182800292969,491.4277038574219,425.6922302246094,0
162,214.58021545410156,148.61727905273438,492.98822021484375,149.29103088378906,556.595703125,226.48573303222656,546.4952392578125,270.8991394042969,580.2705688476562,266.3218688964844,559.664306640625,255.57147216796875,562.7766723632812,273.1529541015625,578.3906860351562,321.3928527832031,589.5975341796875,391.29534912109375,577.8112182617188,429.3990783691406,490.74920654296875,426.635009765625,0
163,214.53465270996094,148.54849243164062,493.056884765625,149.222412109375,561.4005737304688,227.9298553466797,549.0538940429688,271.7901916503906,583.7389526367188,267.73553466796875,563.16552734375,256.7541198730469,565.5760498046875,273.6002197265625,578.6972045898438,322.9128112792969,589.1705322265625,391.1567077636719,577.1417846679688,429.6375732421875,532.9287719726562,436.65704345703125,0
164,214.59555053710938,148.5687713623047,493.0266418457031,149.2037811279297,564.7215576171875,230.2207794189453,551.27001953125,274.20245361328125,586.0391235351562,271.18597412109375,565.7080078125,259.2653503417969,568.212158203125,276.7942199707031,579.2064208984375,326.1451416015625,588.481689453125,391.3208923339844,575.5599975585938,430.35833740234375,485.1329040527344,426.0762023925781,0
165,214.68312072753906,148.59141540527344,493.0391845703125,149.38511657714844,568.4570922851562,231.79005432128906,552.9676513671875,275.0754089355469,586.7880249023438,273.17327880859375,568.41259765625,261.231201171875,569.6400146484375,278.8819885253906,578.507568359375,327.7576904296875,587.5703125,393.6422119140625,575.3716430664062,430.66851806640625,485.5519104003906,427.3052673339844,0
166,214.69003295898438,148.4641876220703,493.02716064453125,149.2835235595703,578.8300170898438,237.3146514892578,557.5662841796875,274.3233947753906,592.9551391601562,280.0186462402344,575.5716552734375,263.6093444824219,574.0098266601562,282.0133056640625,580.2576904296875,328.7559814453125,587.4664916992188,392.0292663574219,574.8218383789062,431.23114013671875,487.1758728027344,428.1221923828125,0
167,214.6059112548828,148.56845092773438,493.0323181152344,149.3266143798828,589.65625,244.4420928955078,564.1828002929688,276.3248596191406,598.65966796875,285.21002197265625,583.6878662109375,270.31805419921875,579.2279663085938,285.763671875,581.1067504882812,332.1150817871094,587.7451782226562,394.3389892578125,573.4046630859375,432.2555236816406,487.8309326171875,428.957275390625,0
168,214.68463134765625,148.555419921875,492.9864501953125,149.40489196777344,599.3295288085938,246.1650390625,572.3388061523438,277.5521545410156,604.081298828125,289.7757873535156,589.7503662109375,271.1913757324219,585.2511596679688,288.3292541503906,581.0200805664062,333.96063232421875,585.5550537109375,396.78143310546875,570.6207275390625,433.37957763671875,486.30322265625,430.0952453613281,0
169,214.72378540039062,148.6259002685547,493.09991455078125,149.79336547851562,615.3889770507812,241.30812072753906,586.0271606445312,271.016357421875,615.3189086914062,285.24884033203125,603.367919921875,265.7783508300781,596.8906860351562,282.04266357421875,587.168701171875,329.9960632324219,585.0274047851562,394.718017578125,565.45849609375,433.3778991699219,483.982177734375,423.72467041015625,0
170,214.75111389160156,148.5299835205078,492.9676208496094,149.46673583984375,621.7621459960938,233.6732940673828,591.48193359375,259.6871337890625,620.5155029296875,276.16326904296875,609.534423828125,257.4482421875,601.9814453125,271.12371826171875,592.9142456054688,322.15478515625,585.1870727539062,388.3245544433594,571.1619873046875,429.7248840332031,515.8524169921875,437.6008605957031,0
171,214.74978637695312,148.5424041748047,493.067626953125,149.513427734375,629.1719360351562,224.21505737304688,595.0367431640625,245.7996368408203,623.6957397460938,265.0594177246094,615.1881103515625,246.4284210205078,606.3289184570312,260.9468688964844,596.523681640625,311.1019287109375,586.7003173828125,378.3572692871094,576.7939453125,423.9432373046875,529.9586791992188,441.5466003417969,0
172,214.8046417236328,148.5782012939453,493.0826416015625,149.52626037597656,637.20751953125,215.58880615234375,598.6296997070312,235.6727294921875,625.3322143554688,257.2023620605469,616.98876953125,236.2197723388672,606.5390625,249.74961853027344,596.2648315429688,299.2286376953125,583.492919921875,366.67169189453125,578.3856201171875,412.6510314941406,547.4447631835938,440.6021423339844,0
173,214.82232666015625,148.71707153320312,493.0554504394531,149.48780822753906,640.9061279296875,209.09994506835938,598.4854125976562,226.69090270996094,625.5751953125,252.09555053710938,618.9048461914062,231.06137084960938,607.472900390625,244.80548095703125,593.1206665039062,288.0461120605469,577.0043334960938,354.70892333984375,570.4502563476562,395.5318298339844,554.8570556640625,414.27313232421875,0
174,214.8175048828125,148.67918395996094,493.1689147949219,149.30093383789062,642.0820922851562,206.59828186035156,599.1261596679688,222.37210083007812,623.3828735351562,247.0876007080078,617.3355712890625,226.47389221191406,605.7188720703125,237.816162109375,588.3779907226562,279.93316650390625,576.5478515625,346.04473876953125,567.3490600585938,368.80743408203125,559.8544921875,386.2626037597656,0
175,214.78530883789062,148.67477416992188,493.1741943359375,149.3297882080078,645.5677490234375,198.20339965820312,601.0874633789062,214.53662109375,627.7561645507812,242.07997131347656,621.5454711914062,218.0364532470703,609.709228515625,231.67498779296875,594.0714111328125,271.9054870605469,583.712646484375,337.1827087402344,555.641357421875,375.85662841796875,486.57818603515625,384.49969482421875,0
176,214.7675323486328,148.48440551757812,493.2218017578125,149.28042602539062,645.1030883789062,192.98025512695312,602.5947875976562,212.5288848876953,629.8778686523438,237.22265625,623.4437255859375,216.0425567626953,611.6143188476562,229.37655639648438,597.7218017578125,268.8617248535156,585.1676025390625,333.5387878417969,563.9537353515625,376.0733947753906,502.4248352050781,393.4423828125,0
177,214.8993682861328,148.4133758544922,493.1339416503906,149.53265380859375,644.2268676757812,185.4173126220703,602.0932006835938,207.5753631591797,630.437255859375,231.7535400390625,622.79736328125,209.21237182617188,612.0262451171875,222.8109588623047,599.2377319335938,267.26983642578125,585.776123046875,326.8669738769531,568.6488037109375,375.6701965332031,504.76953125,401.1695556640625,0
178,214.81895446777344,148.4808349609375,493.1031188964844,149.581298828125,649.2096557617188,184.41207885742188,603.6915893554688,204.26657104492188,629.3858032226562,230.74285888671875,623.5657958984375,207.35574340820312,611.3469848632812,219.8046875,597.4129638671875,261.36614990234375,576.393310546875,318.93304443359375,563.5852661132812,358.6050720214844,545.9182739257812,386.10382080078125,0
179,214.81472778320312,148.4971466064453,493.1369934082031,149.50108337402344,647.4585571289062,187.1073760986328,602.8605346679688,206.40475463867188,628.785888671875,232.63369750976562,622.2657470703125,209.34957885742188,610.1063842773438,222.204345703125,594.5692138671875,260.09625244140625,571.31982421875,313.97540283203125,551.4536743164062,349.5416259765625,529.87353515625,377.20574951171875,0
180,214.7902374267578,148.46414184570312,493.13818359375,149.4625701904297,645.8485107421875,191.91160583496094,600.5466918945312,210.7167205810547,628.0711669921875,236.95755004882812,621.3391723632812,214.92529296875,608.8931274414062,228.0451202392578,592.4166870117188,262.8126525878906,569.7705078125,313.6744689941406,536.600830078125,355.3223571777344,473.5270080566406,375.5887451171875,0
181,214.80996704101562,148.62794494628906,493.0672607421875,149.35008239746094,645.1365966796875,199.332763671875,600.0198974609375,213.77102661132812,626.8209838867188,244.06529235839844,619.9539184570312,219.6062469482422,607.7012329101562,232.21202087402344,589.3203735351562,267.4172058105469,567.970703125,315.9866943359375,536.419677734375,354.8475036621094,470.650146484375,377.1054382324219,0
182,214.8514862060547,148.5758819580078,493.0893859863281,149.22784423828125,644.5868530273438,218.23480224609375,601.3409423828125,222.41360473632812,620.9168701171875,254.37107849121094,619.161865234375,231.5250244140625,606.143798828125,242.22547912597656,584.6607666015625,274.66204833984375,566.2166748046875,316.7557678222656,531.816650390625,358.7930603027344,463.5429382324219,383.67315673828125,0
183,214.84561157226562,148.55303955078125,493.15570068359375,149.34564208984375,648.5126342773438,236.23382568359375,605.2094116210938,229.9188690185547,617.4069213867188,265.38800048828125,620.4530029296875,243.04710388183594,606.9727172851562,250.12673950195312,584.0304565429688,277.63690185546875,567.0515747070312,315.8483581542969,532.4652099609375,358.88909912109375,462.9998474121094,386.2511901855469,0
184,214.78115844726562,148.45907592773438,493.1947326660156,149.3697052001953,654.726318359375,250.2323455810547,605.87841796875,238.89974975585938,616.78564453125,273.93731689453125,621.6939697265625,249.960693359375,605.6202392578125,257.6847229003906,584.4926147460938,278.3590393066406,566.5119018554688,315.02838134765625,532.035888671875,358.4822692871094,466.52618408203125,385.510498046875,0
185,214.7374725341797,148.55801391601562,493.2206726074219,149.1431121826172,655.7868041992188,260.3761901855469,609.2465209960938,243.9028778076172,616.6605224609375,278.6896057128906,622.8380126953125,258.15374755859375,608.1011352539062,262.9988708496094,584.9048461914062,278.42205810546875,564.7926635742188,314.50567626953125,530.0917358398438,355.0050354003906,465.3960876464844,385.7713623046875,0
186,214.7560577392578,148.4563751220703,493.322509765625,149.20803833007812,658.4042358398438,269.52471923828125,611.7286376953125,247.69117736816406,615.1233520507812,283.44903564453125,625.2308959960938,264.53558349609375,610.5490112304688,266.107421875,585.0385131835938,278.3300476074219,564.647705078125,313.841064453125,528.6172485351562,352.4369812011719,464.5235290527344,383.5579833984375,0
187,214.7482147216797,148.4603729248047,493.2875061035156,149.25827026367188,661.9600830078125,272.69793701171875,614.1410522460938,252.5081787109375,615.9579467773438,288.6104431152344,626.44921875,268.0788879394531,612.2131958007812,271.3667297363281,585.9763793945312,278.4629211425781,564.5656127929688,311.5830383300781,525.965087890625,350.8830871582031,464.94525146484375,382.9804382324219,0
188,214.67132568359375,148.50938415527344,493.3237609863281,149.43740844726562,663.835693359375,278.50311279296875,614.6127319335938,259.5378723144531,617.2362670898438,297.22906494140625,629.21240234375,276.0538330078125,615.009765625,278.06231689453125,586.510498046875,280.70849609375,560.96044921875,308.89971923828125,523.761962890625,345.4111633300781,459.1937561035156,387.3168029785156,0
189,214.68350219726562,148.6099853515625,493.18121337890625,149.494384765625,662.5621948242188,276.6102600097656,612.863525390625,258.9380798339844,616.7355346679688,297.78326416015625,627.8423461914062,275.603759765625,613.95263671875,278.1631164550781,585.4370727539062,281.2183837890625,559.2398681640625,308.3596496582031,521.5494384765625,345.047119140625,458.317138671875,388.6915588378906,0
190,214.6281280517578,148.5963134765625,493.212646484375,149.45651245117188,662.5288696289062,275.9483947753906,612.5029296875,257.6040954589844,616.1160278320312,295.5296630859375,627.2390747070312,274.206298828125,613.1024780273438,277.02069091796875,583.2830200195312,280.4056396484375,556.3888549804688,308.5400390625,515.3511352539062,345.370361328125,458.3226623535156,387.5096740722656,0
191,214.7529296875,148.55612182617188,493.1287841796875,149.40904235839844,661.9810791015625,275.22723388671875,613.9095458984375,254.50784301757812,616.2786254882812,292.6224365234375,627.3820190429688,272.2578430175781,613.3167114257812,274.3777770996094,583.2408447265625,279.8008728027344,555.8267822265625,309.323974609375,512.4749755859375,342.7641296386719,452.9283142089844,382.9446716308594,0
192,214.7894287109375,148.440185546875,493.2482604980469,149.39942932128906,662.8313598632812,271.3609619140625,614.3447875976562,252.5787353515625,616.9512329101562,290.9917907714844,627.9275512695312,269.03948974609375,612.7369384765625,272.9064636230469,583.6516723632812,280.8478088378906,555.4619140625,309.84234619140625,513.598876953125,342.54864501953125,451.1207275390625,383.9599914550781,0
193,214.75869750976562,148.70660400390625,493.2537536621094,149.3134002685547,655.5133056640625,273.85986328125,608.9510498046875,253.23216247558594,615.3764038085938,290.5620422363281,622.6077270507812,268.2436218261719,609.4860229492188,272.08941650390625,581.0491333007812,280.80096435546875,554.85986328125,309.6146240234375,513.9871826171875,342.17315673828125,451.22503662109375,384.7112121582031,0
194,214.87255859375,148.47882080078125,493.2867736816406,149.4697723388672,654.8834838867188,276.6881408691406,608.331787109375,253.9303741455078,615.1596069335938,291.9824523925781,622.065673828125,270.5182189941406,609.3726806640625,273.8692932128906,581.3369750976562,281.2095031738281,554.6564331054688,308.7633056640625,511.8801574707031,343.0826110839844,450.9440002441406,384.25726318359375,0
195,214.68927001953125,148.6256866455078,493.3148193359375,149.41519165039062,656.5542602539062,278.38348388671875,606.2556762695312,259.8436584472656,614.5396118164062,299.209228515625,622.5620727539062,274.593994140625,609.2014770507812,278.65045166015625,581.826171875,282.60498046875,554.6685791015625,308.2074279785156,511.8079528808594,342.2629699707031,451.43341064453125,383.964599609375,0
196,214.72886657714844,148.61526489257812,493.2746276855469,149.4280548095703,653.1121826171875,275.4508361816406,604.698974609375,259.11651611328125,614.005126953125,298.0630187988281,620.9547729492188,273.75335693359375,607.0156860351562,277.7735595703125,580.8268432617188,283.3671569824219,553.9696655273438,308.6038513183594,511.0959167480469,342.3728942871094,451.05047607421875,383.89300537109375,0
197,214.6641082763672,148.5935821533203,493.3293762207031,149.36981201171875,649.5897216796875,275.0237731933594,603.111083984375,256.5719909667969,613.1287231445312,295.5522766113281,618.08251953125,271.9808654785156,606.718017578125,276.1896667480469,578.4605102539062,282.9983825683594,553.4501953125,310.25457763671875,508.26654052734375,344.80487060546875,449.54443359375,385.0622253417969,0
198,214.69937133789062,148.5468292236328,493.30963134765625,149.3817138671875,648.8896484375,268.7585144042969,600.837646484375,255.88308715820312,612.8738403320312,294.1703186035156,616.6265869140625,268.9352722167969,605.013916015625,275.4903564453125,577.0450439453125,283.5611572265625,553.0850830078125,310.4075012207031,508.8083801269531,344.4892272949219,449.1717529296875,385.837646484375,0
199,214.76568603515625,148.53819274902344,493.3072509765625,149.41961669921875,638.1521606445312,240.5584716796875,591.9992065429688,249.0632781982422,611.7022705078125,280.77484130859375,610.8699340820312,258.3665771484375,596.763671875,267.1466064453125,572.5398559570312,285.8918151855469,544.1830444335938,310.46881103515625,502.6761474609375,346.1408386230469,445.60003662109375,389.7900390625,0
200,214.67324829101562,148.50918579101562,493.2095031738281,149.40516662597656,640.1290893554688,246.29458618164062,592.4424438476562,246.56236267089844,610.4774169921875,281.0853576660156,610.5447387695312,257.05828857421875,596.0145263671875,265.7069091796875,569.2935180664062,285.33612060546875,539.1071166992188,310.1268310546875,496.23187255859375,346.0404357910156,443.6814880371094,391.922607421875,0
201,214.61148071289062,148.607177734375,493.2402038574219,149.5532684326172,641.361083984375,245.16616821289062,593.4114990234375,247.16693115234375,612.7992553710938,281.00262451171875,610.8663940429688,257.1201171875,596.8546752929688,266.2042236328125,569.2337646484375,287.053955078125,534.9067993164062,310.31121826171875,489.60150146484375,347.5069885253906,438.8231201171875,393.1517028808594,0
202,214.6259307861328,148.4456329345703,493.1521301269531,149.56643676757812,642.2791748046875,246.49740600585938,596.161865234375,248.12628173828125,614.6551513671875,281.0518798828125,613.36328125,258.3976135253906,599.0402221679688,266.96875,570.0322875976562,288.9422302246094,530.64453125,311.4963684082031,483.5048828125,346.2257080078125,434.35107421875,393.96331787109375,0
203,214.611328125,148.5355987548828,493.1957702636719,149.64598083496094,643.5343017578125,253.96835327148438,600.6700439453125,251.261474609375,614.59375,282.4098815917969,615.0223999023438,261.7964172363281,600.6543579101562,269.15423583984375,569.7120361328125,289.7600402832031,528.02685546875,311.0714416503906,480.34130859375,344.7007751464844,434.8088073730469,391.1667785644531,0
204,214.6202850341797,148.49447631835938,493.1993103027344,149.67745971679688,646.4138793945312,265.48974609375,605.0618286132812,257.43841552734375,615.1331787109375,290.0071105957031,618.8152465820312,267.9590759277344,603.40869140625,275.8463439941406,568.5889892578125,288.75933837890625,525.6109008789062,309.0148010253906,479.8769836425781,344.0147705078125,433.71722412109375,391.9947814941406,0
205,214.64418029785156,148.48114013671875,493.3384704589844,149.47140502929688,647.5962524414062,274.42205810546875,605.730224609375,262.5550842285156,614.7525634765625,297.1806640625,618.5634765625,276.1039733886719,603.9068603515625,281.16143798828125,568.669677734375,289.9866638183594,524.1998901367188,306.8775939941406,478.0452575683594,342.2555236816406,433.8162536621094,390.899658203125,0
206,214.7071990966797,148.40069580078125,493.2852783203125,149.38931274414062,644.829345703125,286.38507080078125,607.1466064453125,267.5778503417969,609.885986328125,301.6601867675781,617.5274658203125,281.0858459472656,603.8277587890625,282.9905090332031,567.6776733398438,289.3199462890625,523.2269897460938,305.4559020996094,477.36724853515625,341.1378479003906,434.44366455078125,389.9915466308594,0
207,214.63323974609375,148.47962951660156,493.28662109375,149.43992614746094,643.7272338867188,303.3572998046875,613.76513671875,271.6639709472656,605.364501953125,305.933349609375,617.25390625,290.5681457519531,603.7415161132812,288.07318115234375,566.55419921875,287.4520263671875,522.33349609375,304.5501708984375,477.3431091308594,340.0731506347656,434.0296325683594,390.1103515625,0
208,214.6163330078125,148.4982452392578,493.1290588378906,149.46359252929688,642.9994506835938,316.3598937988281,619.0560302734375,280.6822509765625,607.16796875,312.11737060546875,620.8772583007812,297.2637634277344,606.4642944335938,292.6175231933594,567.9522705078125,285.4681701660156,522.2913818359375,303.4501953125,478.92010498046875,338.56268310546875,435.0791015625,387.69305419921875,0
209,214.6017608642578,148.41250610351562,493.1435852050781,149.5056915283203,639.2548828125,329.107421875,628.2785034179688,293.6684265136719,608.2596435546875,318.3069763183594,624.62255859375,310.1722412109375,613.1360473632812,300.901611328125,572.7655029296875,285.2923889160156,523.3978271484375,301.0818786621094,480.2369079589844,338.0287170410156,435.85137939453125,386.4967041015625,0
210,214.47711181640625,148.5010528564453,493.0915832519531,149.64566040039062,634.6488037109375,336.2964782714844,633.731201171875,303.7243957519531,608.9967041015625,322.02142333984375,626.7177734375,317.8331604003906,617.9310913085938,307.328369140625,577.4383544921875,285.21307373046875,524.1489868164062,298.0926513671875,481.4107666015625,333.6509704589844,437.6365966796875,384.1353759765625,0
211,214.5471954345703,148.4875030517578,492.9953308105469,149.5293426513672,624.9006958007812,343.8212585449219,632.6038818359375,316.6355895996094,607.1055297851562,328.884521484375,623.359619140625,327.18743896484375,618.7029418945312,317.010986328125,582.8933715820312,287.1065673828125,527.018798828125,296.5904235839844,483.7528076171875,332.20001220703125,439.5799255371094,380.6850280761719,0
212,214.43832397460938,148.43359375,492.8756103515625,149.55960083007812,617.5413208007812,350.05914306640625,632.8711547851562,326.4750671386719,602.330078125,332.35308837890625,618.1112670898438,335.0430908203125,615.7036743164062,324.1060791015625,588.6126708984375,289.97637939453125,530.762451171875,293.3611755371094,489.0427551269531,329.39031982421875,444.6685791015625,378.7593078613281,0
213,214.46139526367188,148.49452209472656,492.9151306152344,149.42977905273438,616.4326171875,359.0216064453125,628.7037963867188,337.2241516113281,599.353515625,341.2653503417969,613.9786987304688,345.2205810546875,612.6362915039062,334.15618896484375,594.2063598632812,295.9172668457031,535.1175537109375,290.3502502441406,494.91156005859375,323.1472473144531,443.99542236328125,376.2330322265625,0
214,214.45558166503906,148.43809509277344,492.9038391113281,149.53370666503906,610.2432250976562,371.2192077636719,626.1390380859375,352.06329345703125,596.5107421875,351.4900817871094,609.4331665039062,357.51165771484375,610.2467041015625,346.62164306640625,598.9526977539062,302.6361083984375,541.1810302734375,287.6741943359375,502.7386169433594,314.1376037597656,474.4171447753906,339.0321350097656,0
215,214.4700164794922,148.49478149414062,492.8968505859375,149.33343505859375,598.0825805664062,398.81396484375,619.5243530273438,384.2986145019531,590.6967163085938,377.0456237792969,602.093994140625,384.33697509765625,606.5684204101562,373.9600830078125,603.5670776367188,319.79534912109375,563.3684692382812,281.87200927734375,512.7660522460938,307.6780700683594,459.91009521484375,341.9384765625,0
216,214.46234130859375,148.48341369628906,492.923828125,149.4739990234375,595.9815673828125,415.24267578125,617.037109375,399.29058837890625,587.837890625,394.11846923828125,601.1202392578125,400.9101257324219,603.484375,389.64959716796875,606.15771484375,335.2897033691406,584.2872924804688,284.65911865234375,539.4375,288.9072265625,495.7677307128906,319.2112731933594,0
217,214.5632781982422,148.45777893066406,492.9997253417969,149.39117431640625,594.1470336914062,424.7784423828125,615.8309326171875,411.3793640136719,586.4400634765625,405.53826904296875,599.8035278320312,413.12152099609375,601.9097290039062,402.0478820800781,608.0907592773438,348.6125793457031,599.4224853515625,290.3536682128906,562.8944702148438,282.905029296875,529.8602294921875,296.7523193359375,0
218,214.511962890625,148.4613800048828,493.02728271484375,149.43731689453125,590.6549682617188,443.4642028808594,616.4351806640625,426.63165283203125,587.2866821289062,413.7247009277344,597.4613647460938,426.09454345703125,603.7688598632812,413.646484375,614.0101928710938,363.3230895996094,613.8610229492188,308.67730712890625,579.2725830078125,299.9714050292969,547.276611328125,297.017333984375,0
219,214.52041625976562,148.50076293945312,493.01605224609375,149.48695373535156,590.363525390625,444.7960510253906,615.9923095703125,425.3310852050781,586.5324096679688,412.1801452636719,597.0481567382812,425.38311767578125,603.5410766601562,412.88177490234375,613.1341552734375,364.4761962890625,613.9445190429688,310.40521240234375,582.7627563476562,305.7625732421875,545.929931640625,314.1178283691406,0
220,214.46792602539062,148.57020568847656,492.9884338378906,149.46499633789062,587.8457641601562,444.5995788574219,615.8118896484375,421.62548828125,583.9085083007812,408.4981994628906,593.771728515625,424.3656311035156,601.94482421875,410.11358642578125,609.84033203125,361.41644287109375,611.6025390625,307.97509765625,584.157958984375,298.5574951171875,565.8067626953125,299.0029296875,0
221,214.45631408691406,148.6212921142578,492.8496398925781,149.58912658691406,586.103759765625,444.61334228515625,611.6491088867188,420.5022277832031,582.6738891601562,406.830322265625,591.153076171875,422.6981506347656,598.5310668945312,407.6493835449219,607.9765014648438,359.561767578125,608.0524291992188,301.8825988769531,576.755615234375,287.3606872558594,534.2528076171875,289.5785217285156,0
222,214.40774536132812,148.75636291503906,492.9206848144531,149.4711456298828,577.4817504882812,436.3409729003906,607.9970703125,416.16265869140625,578.2279663085938,398.65576171875,586.6170043945312,415.0956115722656,594.2994995117188,401.9395446777344,607.9971923828125,355.5574645996094,609.0607299804688,299.6271667480469,580.9134521484375,276.50140380859375,525.772705078125,277.69012451171875,0
223,214.48123168945312,148.75857543945312,493.04583740234375,149.52676391601562,578.58984375,432.91973876953125,605.9027099609375,411.76568603515625,575.4313354492188,398.5355224609375,585.3298950195312,412.5131530761719,591.4781494140625,398.89337158203125,607.2041625976562,354.0467224121094,612.8008422851562,299.401123046875,589.7609252929688,271.72576904296875,544.1246337890625,267.8285827636719,0
224,214.47894287109375,148.82632446289062,493.07794189453125,149.53143310546875,581.4578857421875,429.5252380371094,607.0648803710938,410.8225402832031,575.6343383789062,399.6307067871094,587.0914916992188,410.5059814453125,591.864501953125,397.3110046386719,606.7932739257812,353.0208435058594,612.1217651367188,297.36346435546875,587.3965454101562,266.88275146484375,534.3406982421875,264.5743713378906,0
225,214.52061462402344,148.79750061035156,492.96636962890625,149.38870239257812,588.087646484375,424.6513366699219,609.0761108398438,411.3155212402344,578.4922485351562,403.64703369140625,591.1153564453125,411.86492919921875,594.6294555664062,399.45751953125,607.2786865234375,352.53143310546875,611.1517333984375,296.61859130859375,584.201416015625,268.4710998535156,531.6046142578125,267.4496765136719,0
226,214.7225341796875,148.76565551757812,493.0609436035156,149.45899963378906,595.3467407226562,424.1951599121094,613.6372680664062,409.13775634765625,583.1271362304688,404.5075378417969,595.9612426757812,410.3046569824219,598.73388671875,398.9002990722656,607.7750854492188,350.98822021484375,611.5543212890625,295.13543701171875,582.7431030273438,268.7331237792969,531.0623779296875,269.2877197265625,0
227,214.65574645996094,148.6302032470703,493.01446533203125,149.4818878173828,597.9674682617188,422.2956237792969,615.7613525390625,410.69110107421875,584.9891357421875,404.40020751953125,599.3903198242188,411.472412109375,601.6903076171875,400.1304016113281,609.6646118164062,351.32049560546875,609.3746337890625,294.5183410644531,582.1260375976562,265.37353515625,530.2546997070312,265.35638427734375,0
228,214.665283203125,148.5313262939453,493.0190734863281,149.521728515625,599.0958251953125,420.4957580566406,620.981689453125,410.5205383300781,587.659912109375,404.810546875,601.805419921875,411.64111328125,603.8325805664062,401.7417297363281,609.7462768554688,351.8529968261719,611.2547607421875,295.0986328125,582.2340087890625,268.85125732421875,530.8782348632812,267.73150634765625,0
229,214.6069793701172,148.45843505859375,492.943359375,149.47369384765625,598.6568603515625,421.7667236328125,619.870849609375,412.1069641113281,588.010498046875,406.4164733886719,602.231201171875,413.79071044921875,603.8815307617188,403.533203125,609.6329956054688,353.3857727050781,609.4678955078125,295.9329528808594,583.575927734375,268.16363525390625,533.0051879882812,266.8711853027344,0
230,214.5414581298828,148.47625732421875,492.9657897949219,149.53140258789062,600.8955688476562,431.40948486328125,619.7033081054688,415.0663146972656,590.5010375976562,411.95526123046875,602.523193359375,417.7485656738281,605.4310302734375,406.8841857910156,607.8987426757812,356.31817626953125,609.7824096679688,298.3506164550781,584.0324096679688,269.0580749511719,531.7540283203125,264.330078125,0
231,214.54373168945312,148.52642822265625,492.8733215332031,149.37002563476562,602.7179565429688,433.21795654296875,622.3904418945312,418.0118713378906,590.9159545898438,414.805908203125,606.0427856445312,420.1057434082031,607.9697265625,409.486328125,608.6647338867188,358.91278076171875,608.8883056640625,301.1873779296875,584.8115844726562,268.3195495605469,532.6201171875,261.5948486328125,0
232,214.49502563476562,148.7839813232422,492.848876953125,149.3518829345703,609.4083251953125,431.10894775390625,626.6829223632812,418.1515197753906,592.8280029296875,416.51324462890625,608.039306640625,421.8351135253906,608.7383422851562,411.3132629394531,608.6458740234375,360.7604064941406,608.8779296875,302.56903076171875,586.41455078125,270.47802734375,536.9625854492188,264.1259765625,0
233,214.35128784179688,148.65467834472656,492.833251953125,149.3980712890625,616.9567260742188,428.8344421386719,629.4893798828125,417.9964904785156,599.4208374023438,418.236083984375,613.4293212890625,422.6797790527344,612.1891479492188,413.4899597167969,609.5307006835938,360.4505920410156,609.9956665039062,301.6783752441406,583.6914672851562,273.03173828125,530.1756591796875,267.24810791015625,0
234,214.57049560546875,148.4617919921875,492.9232482910156,149.3924560546875,612.8350830078125,434.15435791015625,629.8102416992188,418.7274169921875,599.8480224609375,418.8970947265625,613.0579833984375,423.2050476074219,612.2236938476562,414.0160217285156,609.3580932617188,360.26312255859375,609.8802490234375,301.56048583984375,584.4954223632812,271.45843505859375,530.8810424804688,265.7053527832031,0
235,214.54141235351562,148.43601989746094,492.8730773925781,149.2990264892578,611.0902709960938,436.9044494628906,628.7850952148438,420.6196594238281,598.3069458007812,420.1194763183594,612.0198364257812,425.5687255859375,611.7484130859375,416.1832580566406,609.2297973632812,361.0264892578125,609.4979248046875,301.7491760253906,584.32470703125,270.43353271484375,532.4315795898438,262.3866882324219,0
236,214.61544799804688,148.5311279296875,492.99615478515625,149.30636596679688,609.69775390625,438.9801025390625,628.3868408203125,421.80401611328125,598.5752563476562,422.3676452636719,611.8394165039062,427.128662109375,612.2366943359375,417.3305358886719,607.1983642578125,363.0385437011719,609.7623291015625,304.2663879394531,583.9235229492188,270.823974609375,530.0950927734375,261.9465026855469,0
237,214.57101440429688,148.51451110839844,492.9599914550781,149.28665161132812,609.7549438476562,438.66827392578125,628.1298828125,420.77105712890625,598.5592651367188,422.354248046875,612.1560668945312,427.1947326660156,612.2357788085938,417.20977783203125,606.800048828125,365.61279296875,611.321533203125,307.9414978027344,583.5440063476562,273.2076721191406,530.2508544921875,263.6003112792969,0
238,214.6189727783203,148.54092407226562,492.91326904296875,149.34942626953125,608.1705322265625,439.7137756347656,626.6728515625,420.1654052734375,597.6647338867188,420.98291015625,610.5735473632812,426.20556640625,611.0609741210938,415.49554443359375,606.475830078125,365.254638671875,612.2687377929688,308.5525207519531,583.5304565429688,276.91497802734375,530.2523193359375,266.1034851074219,0
239,214.68389892578125,148.61688232421875,492.9413757324219,149.33628845214844,607.523681640625,440.65277099609375,624.9611206054688,418.3445129394531,596.7944946289062,417.04510498046875,609.4147338867188,423.91046142578125,610.0601806640625,412.2340393066406,608.2616577148438,362.79144287109375,615.8550415039062,306.9385681152344,590.2868041992188,274.16229248046875,540.6968994140625,262.91961669921875,0
240,214.5713348388672,148.76710510253906,493.0132751464844,149.34713745117188,607.35986328125,443.0469055175781,626.286376953125,416.23480224609375,597.3074340820312,415.531005859375,609.7007446289062,424.04913330078125,611.6043090820312,410.75830078125,610.5066528320312,359.04998779296875,616.7340087890625,302.6626892089844,599.7606201171875,269.85980224609375,555.0025024414062,258.4383850097656,0
241,214.47267150878906,148.61756896972656,492.9104919433594,149.27720642089844,607.3446044921875,443.5645751953125,625.9077758789062,415.8938903808594,597.1210327148438,414.96844482421875,609.7192993164062,423.8046569824219,610.9959716796875,410.02685546875,609.5859375,358.3580627441406,616.5492553710938,299.289794921875,602.9337768554688,257.84075927734375,555.1589965820312,242.70465087890625,0
242,214.64158630371094,148.629150390625,492.9237976074219,149.20333862304688,610.9195556640625,449.0088195800781,624.5115966796875,413.6387634277344,595.8202514648438,414.07275390625,609.0000610351562,424.1596374511719,609.4423828125,408.93670654296875,609.4802856445312,357.1182556152344,616.7096557617188,299.30804443359375,599.8594360351562,256.450927734375,546.988037109375,237.78831481933594,0
243,214.5699005126953,148.66761779785156,493.0838928222656,149.12722778320312,612.5584106445312,455.0176086425781,626.2461547851562,413.0177307128906,595.868408203125,414.4641418457031,610.32177734375,425.7666015625,609.687255859375,408.85577392578125,608.298583984375,359.0196228027344,615.9265747070312,301.9644775390625,599.5820922851562,257.3656921386719,545.7562255859375,239.97706604003906,0
244,214.52194213867188,148.75782775878906,493.124755859375,149.191650390625,614.3670043945312,457.3755798339844,627.6458129882812,413.2926330566406,596.6680297851562,415.2237548828125,612.1117553710938,427.6288757324219,610.4737548828125,409.8412780761719,608.8753662109375,358.91229248046875,615.6298217773438,302.5229187011719,601.4033203125,257.01080322265625,547.31689453125,239.33453369140625,0
245,214.5030517578125,148.69117736816406,493.15997314453125,149.16064453125,615.5045776367188,458.52825927734375,629.8840942382812,412.989501953125,598.1517333984375,415.2815246582031,614.2389526367188,428.5455017089844,612.1328125,410.1622314453125,609.7919921875,358.7617492675781,615.7621459960938,302.19903564453125,602.107421875,255.75196838378906,547.2351684570312,237.51219177246094,0
246,214.53274536132812,148.7733917236328,493.13446044921875,149.10577392578125,616.2476806640625,460.0948486328125,630.5626220703125,412.3339538574219,598.19140625,414.9604187011719,614.6759643554688,428.7724304199219,612.5575561523438,410.30615234375,610.0330200195312,358.2496643066406,615.6185913085938,302.3616943359375,603.2501220703125,255.78152465820312,548.7422485351562,238.1746063232422,0
247,214.3911895751953,148.60838317871094,493.18359375,149.15940856933594,614.2490234375,462.4828796386719,630.5510864257812,413.8935241699219,598.218505859375,414.95477294921875,613.883056640625,430.1337585449219,612.5874633789062,411.6343994140625,610.482666015625,359.2074279785156,616.9710083007812,302.7124328613281,606.3936157226562,254.82046508789062,552.4057006835938,236.71568298339844,0
248,214.37709045410156,148.70945739746094,493.1338806152344,149.11599731445312,611.3849487304688,465.8086853027344,627.8110961914062,418.3254699707031,596.6526489257812,414.9110412597656,609.772216796875,431.4361572265625,610.0673828125,412.986328125,609.0530395507812,361.1933898925781,616.1642456054688,305.4661865234375,610.2161865234375,256.0113830566406,559.5436401367188,232.5384979248047,0
249,214.59039306640625,148.45248413085938,493.1540832519531,149.18470764160156,608.6488037109375,468.9222717285156,626.5757446289062,419.75,594.6909790039062,414.9476623535156,607.5859985351562,432.9173889160156,608.244873046875,413.63043212890625,609.6353149414062,360.58587646484375,618.2721557617188,305.6015625,610.4965209960938,256.5445861816406,560.3956909179688,233.5993194580078,0
250,214.40818786621094,148.67527770996094,493.1234130859375,149.19778442382812,610.7791137695312,469.8235778808594,628.2330932617188,420.5687561035156,596.3892822265625,416.73681640625,609.6160278320312,434.2747497558594,610.3568725585938,414.6440124511719,611.837646484375,362.9537048339844,620.5942993164062,307.7259826660156,613.785888671875,258.6536865234375,562.662353515625,236.7199249267578,0
251,214.54354858398438,148.6354217529297,493.1314392089844,149.1316680908203,614.31494140625,471.861083984375,632.7952880859375,421.7512512207031,599.662353515625,418.6992492675781,613.6381225585938,435.32489013671875,613.6873779296875,416.5604553222656,614.2326049804688,364.5140075683594,621.3460083007812,309.8659973144531,620.8626098632812,260.5974426269531,575.7581176757812,235.96734619140625,0
252,214.54507446289062,148.6990509033203,493.2060546875,149.2749481201172,615.4610595703125,474.598388671875,637.4634399414062,424.6142272949219,601.8589477539062,421.052490234375,615.8236694335938,437.5947570800781,617.2953491210938,420.3602600097656,616.2589111328125,367.4788513183594,621.6019897460938,311.7567443847656,625.1465454101562,263.26739501953125,579.7577514648438,236.06005859375,0
253,214.51661682128906,148.6315460205078,493.090087890625,149.41796875,621.905029296875,481.5640563964844,639.8958740234375,427.8438720703125,605.061767578125,427.49114990234375,621.4002075195312,443.32757568359375,620.7464599609375,426.4398193359375,615.85595703125,373.7692565917969,620.7698974609375,314.1292724609375,632.7330932617188,270.94561767578125,598.9616088867188,240.520263671875,0
254,214.54885864257812,148.63037109375,493.11767578125,149.41656494140625,624.4234008789062,485.8574523925781,641.6820678710938,430.35040283203125,604.3622436523438,432.9158935546875,624.3056640625,446.9219970703125,622.6836547851562,428.8825378417969,616.141357421875,376.41497802734375,620.2611694335938,318.067626953125,631.04296875,273.09796142578125,595.7037963867188,242.08377075195312,0
255,214.4515380859375,148.5716552734375,493.13458251953125,149.33255004882812,629.696044921875,489.08038330078125,643.2650756835938,434.03167724609375,613.1218872070312,435.2225036621094,627.2825927734375,449.54718017578125,623.448486328125,433.8556823730469,616.3250122070312,379.5759582519531,619.5523071289062,319.9969787597656,630.70166015625,274.3153076171875,594.759521484375,242.7970733642578,0
256,214.51202392578125,148.6909942626953,493.2055969238281,149.35899353027344,632.8634643554688,492.2884826660156,646.2150268554688,437.1920471191406,614.6497802734375,439.49945068359375,628.9773559570312,453.7951354980469,627.6122436523438,439.1275939941406,617.765869140625,383.2768859863281,619.384521484375,323.2427673339844,632.51953125,278.91290283203125,598.4494018554688,248.4900665283203,0
257,214.5547332763672,148.6687469482422,493.1606140136719,149.24545288085938,635.2131958007812,498.847900390625,652.858154296875,443.2161560058594,614.9315795898438,444.9288635253906,634.4637451171875,459.621826171875,632.0693359375,444.9693908691406,620.0629272460938,387.0434875488281,618.4982299804688,327.80718994140625,631.6265258789062,282.3097229003906,605.3544311523438,246.54501342773438,0
258,214.6470947265625,148.67897033691406,493.1111755371094,149.31932067871094,637.6627807617188,501.5443420410156,654.5526733398438,444.2951965332031,618.8568115234375,451.24041748046875,638.2369995117188,462.8083801269531,635.0370483398438,445.8328552246094,621.1470336914062,390.4436950683594,619.0618896484375,329.94281005859375,633.6793823242188,283.805419921875,609.169677734375,238.73178100585938,0
259,214.6229248046875,148.57180786132812,493.1359558105469,149.38441467285156,642.5396728515625,505.2916564941406,623.9522705078125,447.7283935546875,657.1542358398438,452.1688232421875,640.81982421875,465.3713073730469,639.2701416015625,448.4334716796875,623.1055297851562,392.18017578125,621.0399780273438,331.8480224609375,636.560791015625,280.1585388183594,608.7551879882812,231.28086853027344,0
260,214.43017578125,148.6300506591797,493.1773986816406,149.49070739746094,646.6956787109375,509.2701721191406,625.4194946289062,453.9407958984375,660.7705078125,454.98828125,645.2973022460938,467.9932861328125,640.0325927734375,453.9153137207031,624.6713256835938,395.7306823730469,619.5485229492188,335.65069580078125,636.2885131835938,286.4605712890625,612.1619262695312,231.33306884765625,0
261,214.765380859375,148.6466522216797,493.1528015136719,149.46022033691406,649.56005859375,511.20831298828125,627.2344360351562,455.1174621582031,662.4434814453125,455.56011962890625,646.5143432617188,470.586181640625,643.2108764648438,454.8095397949219,625.6275634765625,396.70928955078125,619.685546875,338.6271057128906,633.9713134765625,283.5515441894531,606.166748046875,231.31556701660156,0
262,214.46047973632812,148.723876953125,493.1616516113281,149.3913116455078,650.236083984375,510.9171447753906,629.2713012695312,453.8598327636719,663.203857421875,455.0767517089844,647.6317138671875,470.4388122558594,645.2465209960938,454.5262756347656,626.9138793945312,397.9038391113281,619.54248046875,341.2687683105469,633.9782104492188,285.009521484375,606.8394775390625,232.55047607421875,0
263,214.38841247558594,148.58221435546875,493.1805419921875,149.18704223632812,646.5902709960938,506.48443603515625,627.1387939453125,452.1222839355469,662.993408203125,452.578125,646.9944458007812,466.14141845703125,643.2909545898438,450.95611572265625,627.8560791015625,397.68023681640625,620.351806640625,344.2991638183594,633.2296142578125,287.4514465332031,611.5382080078125,230.5889129638672,0
264,214.25453186035156,148.54299926757812,493.1029357910156,149.22177124023438,644.1964721679688,502.33416748046875,660.7608642578125,443.56182861328125,629.389892578125,447.3351135253906,644.5777587890625,463.7472839355469,641.0648193359375,446.9117431640625,627.5987548828125,396.4885559082031,619.6100463867188,342.8459777832031,633.2958984375,287.45977783203125,611.7515258789062,225.37477111816406,0
265,211.89837646484375,147.539794921875,492.5058898925781,148.564208984375,641.9900512695312,501.98187255859375,659.2159423828125,442.54425048828125,621.4297485351562,445.2691650390625,641.3196411132812,461.6426086425781,639.9007568359375,442.8642578125,626.6759033203125,395.2641906738281,619.513671875,342.4664306640625,632.130859375,286.9159851074219,610.65234375,225.213623046875,0
266,211.72850036621094,147.6327362060547,492.39862060546875,148.6204376220703,644.64306640625,499.3397216796875,659.53564453125,440.8033447265625,658.162841796875,446.77874755859375,642.6903686523438,460.3658752441406,638.8046875,443.3013916015625,627.5499267578125,394.7926330566406,620.7989501953125,340.75128173828125,631.1113891601562,280.79034423828125,621.8005981445312,227.87457275390625,0
267,211.90086364746094,147.3057403564453,492.33392333984375,148.64208984375,645.2427978515625,497.6564025878906,659.2332763671875,439.6467590332031,658.7567138671875,445.14837646484375,643.5990600585938,458.005859375,639.874267578125,443.4608154296875,628.0078735351562,392.9440612792969,622.0477905273438,338.4228515625,630.9088134765625,285.170654296875,620.3915405273438,229.39218139648438,0
268,211.86663818359375,147.52810668945312,492.3328857421875,148.51809692382812,638.6416015625,490.76824951171875,658.5665893554688,436.4880676269531,621.225341796875,439.27294921875,639.2171630859375,454.38836669921875,639.1688232421875,437.0917053222656,628.3971557617188,387.7065734863281,622.14208984375,331.3949890136719,628.5444946289062,279.712646484375,629.0633544921875,232.4651336669922,0
269,211.8278045654297,147.53515625,492.192626953125,148.73709106445312,628.2919921875,474.4958801269531,655.4148559570312,429.30328369140625,616.8978881835938,425.3329772949219,634.4310913085938,442.4067687988281,634.0006713867188,425.7970886230469,627.7120971679688,377.6678771972656,621.673095703125,318.48712158203125,627.9774169921875,272.211669921875,627.5933837890625,222.59776306152344,0
270,211.90762329101562,147.51841735839844,492.26910400390625,148.76776123046875,618.7735595703125,459.4958190917969,647.6171875,419.7161865234375,613.9133911132812,410.53729248046875,625.6063232421875,427.043701171875,627.8765258789062,413.4982604980469,626.1012573242188,366.6278381347656,620.4713134765625,310.00970458984375,628.115234375,263.6999206542969,630.1901245117188,210.9837188720703,0
271,211.8658905029297,147.4163818359375,492.26220703125,148.88844299316406,607.0101928710938,433.1795349121094,640.1154174804688,409.250244140625,606.9763793945312,395.0679931640625,616.1043701171875,410.9312438964844,620.0498657226562,399.6013488769531,622.9740600585938,357.54241943359375,620.0848388671875,298.47515869140625,629.32958984375,250.9560546875,629.2012939453125,204.99620056152344,0
272,211.95884704589844,147.49911499023438,492.2121276855469,148.83935546875,585.8544921875,415.5328063964844,624.5221557617188,406.75140380859375,598.8668823242188,383.9359436035156,601.9285888671875,399.8766174316406,611.8843994140625,392.5242919921875,622.3449096679688,353.2183837890625,622.4850463867188,298.91375732421875,633.179931640625,251.3114471435547,631.7030029296875,204.78466796875,0
273,212.09646606445312,147.45272827148438,492.2399597167969,148.8153533935547,553.1159057617188,387.60693359375,594.9481811523438,395.9580993652344,580.3976440429688,368.0257873535156,575.35400390625,383.7700500488281,589.4766845703125,377.7258605957031,615.945068359375,349.83123779296875,626.87646484375,297.7159423828125,632.6865234375,249.61984252929688,632.2999877929688,204.1285400390625,0
274,212.11648559570312,147.5802764892578,492.25164794921875,148.84371948242188,543.337158203125,384.6559143066406,583.83447265625,392.7834777832031,571.3170166015625,364.2829284667969,566.0850219726562,378.86822509765625,580.696533203125,374.00177001953125,609.8519897460938,349.9333190917969,628.2799072265625,298.229736328125,633.9906005859375,250.3119354248047,632.2813110351562,204.7860107421875,0
275,212.05435180664062,147.53622436523438,492.3450622558594,148.7915802001953,534.5606079101562,381.1912841796875,573.2450561523438,391.6596984863281,561.9778442382812,362.64593505859375,557.5177612304688,377.2600402832031,571.4999389648438,373.73577880859375,603.1156616210938,352.0389404296875,626.6636352539062,300.6361999511719,633.0095825195312,252.02464294433594,631.8469848632812,203.78077697753906,0
276,212.1598663330078,147.56338500976562,492.3271789550781,148.84024047851562,527.8364868164062,382.21014404296875,565.3445434570312,392.4136657714844,554.49267578125,363.277099609375,549.9872436523438,377.37591552734375,564.1275024414062,374.21368408203125,599.1381225585938,355.1808776855469,626.3615112304688,303.31048583984375,635.042724609375,255.98532104492188,632.422607421875,208.72230529785156,0
277,211.99578857421875,147.51780700683594,492.1077575683594,149.01031494140625,522.3452758789062,385.4808044433594,563.6929321289062,394.2336730957031,551.9998779296875,365.2959289550781,546.0429077148438,380.4222717285156,561.1074829101562,376.7284240722656,597.2099609375,357.35028076171875,626.6544799804688,305.6606140136719,634.94921875,262.7263488769531,633.1923217773438,216.0072784423828,0
278,211.9600372314453,147.4957275390625,492.134521484375,149.07553100585938,522.16357421875,383.7525634765625,563.3345336914062,394.50543212890625,553.0552978515625,364.5109558105469,546.2374267578125,379.6588134765625,561.3206176757812,376.3647766113281,597.8174438476562,358.6831359863281,626.0307006835938,309.39056396484375,637.046630859375,265.49566650390625,632.9066162109375,218.01022338867188,0
279,212.12001037597656,147.5260009765625,492.1015319824219,149.11936950683594,520.8750610351562,385.5664367675781,565.6964721679688,393.96435546875,555.1366577148438,362.6225891113281,547.566162109375,379.3466796875,563.4620361328125,375.5022888183594,598.6978149414062,357.9115295410156,628.043701171875,308.9940490722656,639.5115356445312,267.606201171875,575.1405639648438,299.2130126953125,0
280,212.1347198486328,147.62783813476562,492.18597412109375,149.09207153320312,525.850830078125,382.2948303222656,566.6680297851562,393.39715576171875,555.8906860351562,362.2273864746094,549.727783203125,377.57568359375,565.3458251953125,374.60784912109375,599.1309814453125,358.5521240234375,626.2675170898438,310.7652587890625,636.3260498046875,267.9925537109375,634.2132568359375,220.6217803955078,0
281,211.99200439453125,147.80755615234375,492.16229248046875,149.16932678222656,535.0881958007812,371.8985595703125,562.3392944335938,392.31243896484375,554.515625,361.5318298339844,549.3966064453125,374.8742370605469,562.8201904296875,373.51483154296875,599.0314331054688,358.2116394042969,629.2177124023438,307.7164306640625,637.6704711914062,264.9256591796875,633.1414184570312,221.59768676757812,0
282,212.19021606445312,147.6127471923828,492.10467529296875,149.1532745361328,536.1149291992188,368.42718505859375,563.2911376953125,391.00732421875,555.4977416992188,360.70660400390625,550.6834106445312,373.5261535644531,563.8128051757812,372.53143310546875,599.9131469726562,357.7678527832031,631.7567749023438,306.0463562011719,639.2294921875,263.7287902832031,633.6649169921875,219.60789489746094,0
283,212.2891845703125,147.5341796875,492.1495361328125,149.17864990234375,540.2301025390625,368.1579895019531,565.4971923828125,391.2062683105469,556.4080200195312,359.91046142578125,552.5405883789062,372.2548828125,565.0243530273438,372.31103515625,600.8601684570312,358.2541809082031,630.6718139648438,305.3146667480469,638.7930908203125,263.64593505859375,575.3865966796875,299.8873596191406,0
284,212.32322692871094,147.6455078125,492.2064514160156,149.13290405273438,543.4918212890625,370.90155029296875,567.0405883789062,390.73876953125,556.51318359375,359.2552185058594,553.8661499023438,372.32330322265625,565.5413208007812,371.0516052246094,600.245361328125,358.16357421875,631.4213256835938,304.71734619140625,638.958740234375,261.9950866699219,635.8955688476562,217.82266235351562,0
285,212.26193237304688,147.71414184570312,492.25592041015625,149.1837921142578,539.4326171875,374.3513488769531,565.0413208007812,392.9345703125,554.3186645507812,363.86846923828125,551.6229858398438,376.431884765625,564.0455932617188,375.27813720703125,599.5859985351562,359.8647155761719,627.8057250976562,306.920654296875,636.9074096679688,264.8143005371094,632.5855102539062,218.03135681152344,0
286,212.39088439941406,147.6917266845703,492.13116455078125,148.97430419921875,535.9466552734375,377.6020812988281,561.3221435546875,396.4103698730469,550.9768676757812,368.07220458984375,547.30419921875,380.228271484375,560.8493041992188,377.325439453125,593.7750854492188,360.93914794921875,627.2393798828125,305.0736999511719,636.0811767578125,261.0596618652344,633.3500366210938,216.07554626464844,0
287,212.40972900390625,147.6754913330078,492.3753967285156,149.07275390625,527.7361450195312,378.6663818359375,555.9718627929688,399.2785339355469,548.3866577148438,369.25091552734375,543.132080078125,383.2737731933594,556.1583251953125,380.9882507324219,591.812744140625,364.32470703125,626.96435546875,307.9351806640625,635.5753784179688,264.486328125,634.37744140625,222.26702880859375,0
288,212.3220977783203,147.62640380859375,492.341796875,148.9413604736328,522.4856567382812,378.3986511230469,553.5462646484375,399.0934753417969,547.30224609375,369.6250915527344,541.8445434570312,380.6699523925781,554.7425537109375,382.1089172363281,593.1982421875,365.3706970214844,628.3565063476562,311.3874816894531,635.9564819335938,265.1064147949219,573.4617919921875,301.4972839355469,0
289,212.3659210205078,147.87550354003906,492.281982421875,148.95947265625,521.3848876953125,378.1748352050781,553.6488037109375,400.4628601074219,548.1626586914062,369.4629211425781,541.9832763671875,380.5612487792969,555.4514770507812,382.2442932128906,594.0302124023438,367.48626708984375,630.5803833007812,313.6122741699219,638.3939819335938,271.28192138671875,573.3646240234375,301.8157043457031,0
290,212.2856903076172,147.99879455566406,492.2726745605469,148.90557861328125,520.239501953125,378.47705078125,552.880615234375,398.4803466796875,547.8085327148438,368.73138427734375,541.7572631835938,379.60479736328125,555.2385864257812,381.12640380859375,594.5588989257812,368.2088317871094,632.537353515625,313.5655212402344,639.0916137695312,275.0713195800781,573.50634765625,302.3375244140625,0
291,212.40802001953125,147.89187622070312,492.3645935058594,148.9604034423828,513.7222290039062,381.0992736816406,552.6168212890625,400.4554138183594,547.3583984375,368.7324523925781,539.8087768554688,380.6100769042969,554.3944702148438,381.9588928222656,593.27294921875,368.6629333496094,632.4061889648438,315.8503723144531,639.23095703125,278.4407958984375,573.8096923828125,302.177490234375,0
292,212.49758911132812,147.86102294921875,492.36981201171875,148.935546875,513.692138671875,381.10546875,552.6201782226562,400.45184326171875,547.3490600585938,368.724365234375,539.8026123046875,380.6026611328125,554.39892578125,381.9339599609375,593.23388671875,368.6534423828125,632.445068359375,315.79974365234375,639.2267456054688,278.42559814453125,573.8034057617188,302.1616516113281,0
293,212.51881408691406,147.72862243652344,492.3045654296875,149.00767517089844,515.199951171875,381.6627197265625,551.5711669921875,401.5166015625,546.935546875,369.4911804199219,539.527587890625,381.3103332519531,553.308837890625,382.5799560546875,592.5226440429688,368.8819885253906,630.6560668945312,318.53387451171875,639.3118896484375,280.0732727050781,641.885986328125,239.40219116210938,0
294,212.74636840820312,147.83705139160156,492.29278564453125,148.92996215820312,512.0740966796875,388.2923278808594,547.2984008789062,404.8631286621094,541.7258911132812,371.01519775390625,533.6142578125,386.49163818359375,548.0272827148438,385.6133728027344,591.587646484375,371.5142517089844,631.6595458984375,321.8882141113281,639.6638793945312,281.5325012207031,637.5863037109375,241.82864379882812,0
295,212.50958251953125,147.88880920410156,492.3863220214844,148.96676635742188,509.0439453125,389.4723205566406,544.7156372070312,408.3404846191406,539.8450927734375,374.7017517089844,531.0518798828125,389.5642395019531,546.7252197265625,387.9789123535156,587.9248046875,375.2585144042969,632.311767578125,325.3828125,640.5674438476562,283.9489440917969,641.927734375,244.58056640625,0
296,212.59283447265625,147.81625366210938,492.4294128417969,149.03436279296875,501.336669921875,395.9541015625,540.1715698242188,412.7775573730469,533.1784057617188,381.3591003417969,525.6237182617188,394.0665588378906,541.4892578125,392.902099609375,585.4500122070312,376.796875,629.0349731445312,331.2423400878906,641.0050048828125,296.28759765625,639.3255615234375,262.70050048828125,0
297,212.57537841796875,147.8284149169922,492.3917541503906,149.05409240722656,501.32550048828125,395.9535827636719,540.18701171875,412.7929382324219,533.209228515625,381.32830810546875,525.638916015625,394.0769958496094,541.53466796875,392.9109802246094,585.5347290039062,376.8088073730469,629.14306640625,331.1988830566406,641.035400390625,296.1607360839844,639.3203735351562,262.6866455078125,0
298,212.56398010253906,147.74072265625,492.2637939453125,149.0503692626953,494.22991943359375,399.9028625488281,534.5111083984375,414.4070739746094,528.4884033203125,383.55401611328125,521.4000854492188,396.2381591796875,536.9530029296875,396.00262451171875,581.765869140625,378.1492614746094,622.9630126953125,335.9327697753906,637.0479736328125,303.92108154296875,640.5763549804688,274.6134948730469,0
299,212.5438995361328,147.86557006835938,492.3255615234375,149.06985473632812,488.2176818847656,400.39691162109375,522.0869750976562,417.2679748535156,516.15283203125,386.4806213378906,509.6801452636719,397.86773681640625,523.73486328125,398.3121643066406,566.5616455078125,379.0378112792969,615.2575073242188,343.9062194824219,630.8616333007812,320.04449462890625,632.0191040039062,290.0511474609375,0
300,212.3843994140625,147.66001892089844,492.2518005371094,148.9784698486328,482.7738342285156,402.69610595703125,519.7603759765625,419.8627014160156,513.1519775390625,387.1416015625,505.321044921875,400.65057373046875,520.6204223632812,399.5054016113281,564.4724731445312,378.8983154296875,613.8617553710938,347.15289306640625,631.3936767578125,319.310546875,627.087890625,283.0106201171875,0
301,212.56715393066406,147.8189697265625,492.3629455566406,148.888671875,477.65057373046875,401.050537109375,516.5537719726562,418.9665832519531,513.6875,386.2343444824219,504.54693603515625,399.5515441894531,519.2517700195312,399.33966064453125,565.8068237304688,384.9110412597656,613.7975463867188,358.2251892089844,637.3150024414062,335.0722961425781,633.0152587890625,304.8826599121094,0
302,212.51202392578125,147.85556030273438,492.3800354003906,148.9097900390625,477.65362548828125,401.04632568359375,516.5463256835938,418.98150634765625,513.6856689453125,386.21124267578125,504.557861328125,399.5268859863281,519.2745971679688,399.2860412597656,565.8307495117188,384.9998474121094,613.7859497070312,358.24365234375,637.3104858398438,335.0632629394531,633.0103759765625,304.87774658203125,0
303,212.65159606933594,147.7581787109375,492.0284118652344,148.84230041503906,478.5632019042969,401.050537109375,519.675537109375,419.7480773925781,517.1519775390625,386.3599548339844,507.705810546875,398.33087158203125,523.5242309570312,399.3880310058594,568.626953125,384.3941650390625,613.2635498046875,359.32769775390625,639.9117431640625,336.2423400878906,636.2462768554688,303.8887023925781,0
304,212.54684448242188,147.6168212890625,492.2542724609375,148.88853454589844,486.8629150390625,400.0513610839844,524.84228515625,417.4842224121094,518.8880615234375,384.5501708984375,510.196533203125,398.7093505859375,526.7333984375,397.3890075683594,568.779541015625,382.9058532714844,616.3954467773438,357.6543273925781,643.0493774414062,336.3797607421875,643.7966918945312,304.0709533691406,0
305,212.48300170898438,147.6656951904297,492.12158203125,148.8318328857422,487.05194091796875,398.4440612792969,521.7605590820312,418.2660217285156,517.99853515625,386.5113220214844,510.2633056640625,397.38623046875,525.171142578125,398.3822021484375,569.6812744140625,383.0920715332031,615.6918334960938,356.96246337890625,642.405517578125,336.0674743652344,643.1315307617188,303.6616516113281,0
306,212.544921875,147.6287841796875,492.10101318359375,148.84510803222656,487.0341796875,398.47821044921875,521.7093505859375,418.2890625,518.0029296875,386.5359802246094,510.2296142578125,397.41326904296875,525.0543823242188,398.4372863769531,569.6494750976562,383.0705261230469,615.7478637695312,356.9599609375,642.399658203125,335.9893493652344,643.0803833007812,303.60516357421875,0
307,212.4478302001953,147.6407928466797,492.0509033203125,148.84652709960938,476.92620849609375,405.50531005859375,516.40234375,421.8374328613281,512.9851684570312,388.7274169921875,502.2763977050781,403.4605407714844,518.0292358398438,401.4931640625,566.0146484375,386.45416259765625,615.6896362304688,360.0862731933594,641.6666259765625,339.6326904296875,641.3966674804688,308.3460693359375,0
308,212.57708740234375,147.7312774658203,492.1523132324219,149.03184509277344,472.40899658203125,409.5930480957031,513.3054809570312,425.0483703613281,508.0505676269531,390.5708312988281,498.0467224121094,407.583984375,514.471435546875,405.3064270019531,561.9309692382812,388.5989990234375,614.6022338867188,364.3087463378906,640.0936889648438,343.83929443359375,636.6622924804688,303.94482421875,0
309,212.7427520751953,147.85598754882812,492.25604248046875,149.06155395507812,458.0434875488281,411.0203857421875,494.3807067871094,429.0233459472656,489.294921875,395.37750244140625,481.48992919921875,410.7748107910156,496.7705383300781,410.3888244628906,543.8173217773438,394.9332275390625,602.104248046875,372.2143859863281,632.8953857421875,354.31671142578125,635.2540283203125,316.6966552734375,0
310,212.86782836914062,147.8004608154297,492.14215087890625,149.05679321289062,452.9090576171875,413.8262634277344,490.3603210449219,428.9869079589844,483.455322265625,397.6665954589844,476.92578125,410.727783203125,491.7025451660156,410.5375061035156,539.4573364257812,394.0949401855469,597.62060546875,366.59124755859375,627.9483642578125,346.4591979980469,628.3956909179688,310.22711181640625,0
311,212.9820098876953,147.75201416015625,492.18145751953125,149.045166015625,446.6949462890625,410.4183044433594,483.3959045410156,428.344482421875,477.40765380859375,396.648681640625,470.37451171875,409.96002197265625,485.4995422363281,410.2685241699219,533.9515380859375,390.8521728515625,589.9689331054688,363.7792663574219,621.7390747070312,335.94091796875,619.5581665039062,300.5659484863281,0
312,212.98170471191406,147.75254821777344,492.2330322265625,149.0263214111328,446.69830322265625,410.4147644042969,483.4277038574219,428.3186950683594,477.4062194824219,396.6280212402344,470.3699645996094,409.9566345214844,485.5500793457031,410.2667236328125,534.3234252929688,390.75787353515625,589.951171875,363.77215576171875,621.739990234375,335.88836669921875,619.5732421875,300.5342102050781,0
313,212.85205078125,147.83111572265625,492.22119140625,148.92364501953125,438.43621826171875,409.0992736816406,474.26019287109375,427.2585144042969,470.45745849609375,394.2287292480469,461.0369873046875,407.9889831542969,476.85833740234375,408.66168212890625,529.4166259765625,391.38140869140625,584.8326416015625,364.8973083496094,616.6630249023438,333.94097900390625,613.2526245117188,297.1390075683594,0
314,212.97579956054688,147.9513702392578,492.3194885253906,148.71998596191406,418.91546630859375,409.43206787109375,455.6072692871094,428.3593444824219,452.57708740234375,396.5381774902344,442.8897399902344,409.3381652832031,460.1649475097656,409.9317932128906,510.8545837402344,396.49749755859375,571.576171875,378.5404357910156,610.087646484375,353.44573974609375,612.262451171875,320.2715759277344,0
315,212.80125427246094,148.00631713867188,492.3021545410156,148.6787109375,411.1021423339844,411.8514404296875,446.3771057128906,431.7316589355469,443.42938232421875,399.0938720703125,434.15283203125,412.0118408203125,450.34716796875,413.5885925292969,503.1371154785156,404.04705810546875,563.0280151367188,387.7491149902344,607.338623046875,376.98095703125,622.2778930664062,348.0719909667969,0
316,212.68138122558594,147.93081665039062,492.23358154296875,148.55477905273438,388.51995849609375,419.1285705566406,424.91717529296875,437.384033203125,423.30401611328125,403.8048095703125,413.35662841796875,417.2366638183594,430.4488830566406,418.07330322265625,483.99261474609375,410.0780029296875,547.4771118164062,401.64453125,603.7413940429688,398.7099609375,626.5632934570312,341.6705322265625,0
317,212.79981994628906,147.85777282714844,492.21441650390625,148.60525512695312,378.1551208496094,418.0489807128906,411.3101501464844,437.28656005859375,411.1656494140625,403.2409973144531,400.6682434082031,418.2749328613281,417.431396484375,418.4196472167969,471.2134704589844,409.94970703125,532.87451171875,397.5861511230469,587.88037109375,401.98211669921875,623.3473510742188,355.182861328125,0
318,212.8709259033203,147.9320831298828,492.26708984375,148.57566833496094,370.7021179199219,424.07928466796875,403.2473449707031,438.5794677734375,400.51971435546875,405.5948486328125,390.4195556640625,420.4146423339844,406.52972412109375,419.2267761230469,460.7636413574219,408.4669189453125,523.0504760742188,395.12322998046875,576.4307861328125,395.96728515625,609.59912109375,350.077880859375,0
319,212.7799835205078,147.88938903808594,492.3075866699219,148.48892211914062,362.2452087402344,425.10400390625,398.8096618652344,440.9761657714844,394.37835693359375,406.922119140625,385.1911926269531,423.77313232421875,401.6981201171875,421.82867431640625,452.6972351074219,406.6084899902344,514.666259765625,390.16754150390625,565.3453369140625,389.65789794921875,599.1995849609375,348.9618835449219,0
320,213.03440856933594,147.85171508789062,492.2084655761719,148.46102905273438,353.1358642578125,434.1612243652344,392.0800476074219,439.9514465332031,383.4370422363281,407.67657470703125,376.8217468261719,423.7474060058594,391.4903259277344,421.87774658203125,445.1630859375,407.6136779785156,504.6646728515625,396.8419494628906,561.2139892578125,385.3049621582031,583.5834350585938,337.1947326660156,0
321,213.05267333984375,147.86550903320312,492.1875305175781,148.47390747070312,353.13958740234375,434.1651916503906,392.05706787109375,439.95751953125,383.4317321777344,407.6712341308594,376.7988586425781,423.752685546875,391.44482421875,421.87762451171875,445.1268005371094,407.5941162109375,504.6500549316406,396.83636474609375,561.2032470703125,385.3073425292969,583.5791015625,337.1992492675781,0
322,212.97305297851562,147.9904327392578,492.1839599609375,148.48980712890625,349.8197326660156,438.87396240234375,391.2250671386719,439.625244140625,379.6497497558594,407.4696350097656,374.0390930175781,426.87689208984375,389.49322509765625,421.88043212890625,441.6286926269531,407.7945861816406,500.0542297363281,401.0580139160156,557.7244873046875,391.4571533203125,580.781494140625,344.47369384765625,0
323,213.11537170410156,147.9758758544922,492.21734619140625,148.63363647460938,354.1441955566406,447.07293701171875,392.2936096191406,437.5872802734375,376.9316101074219,409.63531494140625,373.0517578125,430.78704833984375,388.0386962890625,422.7394104003906,439.8184814453125,409.5767517089844,495.7120361328125,403.75360107421875,553.2434692382812,397.249267578125,578.5452270507812,349.9883117675781,0
324,213.05296325683594,148.07200622558594,492.2666320800781,148.46694946289062,357.23828125,451.1971130371094,396.03900146484375,436.5434265136719,377.2597961425781,409.41632080078125,374.0426330566406,431.9548645019531,389.1475830078125,422.7009582519531,442.0546569824219,408.15966796875,497.8846740722656,404.09197998046875,551.9630737304688,404.70123291015625,581.4183959960938,362.1492614746094,0
325,213.031005859375,148.0784912109375,492.3443603515625,148.8154754638672,361.609619140625,454.93402099609375,399.60137939453125,435.25445556640625,377.1882019042969,409.2986755371094,376.4429016113281,432.8281555175781,391.32672119140625,423.0538024902344,442.6552734375,407.2149658203125,499.0097961425781,403.895751953125,557.3032836914062,402.1549072265625,586.869140625,356.0945739746094,0
326,213.03665161132812,147.931884765625,492.2596435546875,148.86135864257812,360.7711181640625,457.7413330078125,398.9743957519531,436.1236572265625,377.2293395996094,410.1080627441406,375.62091064453125,433.6142272949219,390.1634216308594,423.6349182128906,442.86297607421875,406.5001525878906,499.34271240234375,403.60931396484375,558.2473754882812,398.3990478515625,586.823486328125,351.5828552246094,0
327,212.97232055664062,147.9217529296875,492.1806945800781,148.86941528320312,358.8152160644531,456.55926513671875,397.63238525390625,436.5931701660156,377.3917541503906,410.01312255859375,375.89776611328125,433.41912841796875,389.8490905761719,423.95440673828125,442.4870910644531,407.21588134765625,498.7658996582031,403.80316162109375,557.6315307617188,396.4124755859375,585.6192626953125,348.19830322265625,0
328,213.0113983154297,147.94667053222656,492.2110290527344,148.8013916015625,356.48681640625,455.5248718261719,396.89483642578125,437.6925964355469,378.50982666015625,409.7949523925781,375.3092956542969,432.8404235839844,390.0793151855469,424.0410461425781,442.8100280761719,406.703125,498.1692810058594,403.76312255859375,557.3896484375,395.677490234375,584.96630859375,348.1643371582031,0
329,213.28611755371094,148.12937927246094,492.162353515625,148.92532348632812,353.7104187011719,451.1675109863281,395.7718811035156,438.884765625,379.5548095703125,409.1900634765625,374.94097900390625,432.00213623046875,390.5141906738281,424.2522888183594,443.3472900390625,407.59661865234375,498.4158020019531,404.0350036621094,557.762451171875,399.5115661621094,587.3634033203125,353.62646484375,0
330,213.29400634765625,148.1362762451172,492.1324462890625,148.92506408691406,353.6805419921875,451.0390319824219,395.7151794433594,438.990966796875,379.5501708984375,409.19921875,374.86297607421875,432.00616455078125,390.50262451171875,424.2598571777344,443.3503112792969,407.5611572265625,498.4190673828125,404.0419616699219,557.864501953125,399.488037109375,587.3252563476562,353.71466064453125,0
331,213.1676788330078,148.1067657470703,492.2327575683594,148.93453979492188,355.1402282714844,450.936279296875,396.90277099609375,437.1290588378906,379.88226318359375,407.1076965332031,374.8727722167969,429.79034423828125,390.7933349609375,422.106201171875,444.3728332519531,407.7008972167969,498.8927001953125,404.7000427246094,560.5953979492188,402.61083984375,593.792724609375,358.8683776855469,0
332,213.10491943359375,148.00439453125,492.2532958984375,148.89930725097656,355.35772705078125,454.5245056152344,398.3390808105469,438.7436218261719,380.6391296386719,409.55657958984375,375.1120910644531,432.2538146972656,391.7483825683594,423.87042236328125,444.3919372558594,407.65704345703125,498.9708251953125,404.0727233886719,560.1917114257812,396.81292724609375,593.1259155273438,351.3450012207031,0
333,213.1923065185547,147.98086547851562,492.2470703125,149.0182647705078,358.4366455078125,454.5169982910156,400.8807067871094,439.3225402832031,382.8776550292969,410.6529846191406,377.7221374511719,432.8197326660156,393.0661926269531,424.5149841308594,444.5646667480469,408.0072326660156,498.9530334472656,403.74951171875,561.1670532226562,395.38043212890625,592.840576171875,349.8916931152344,0
334,212.9479522705078,148.03628540039062,492.255615234375,149.04080200195312,360.1662292480469,452.08514404296875,403.68243408203125,439.4397888183594,385.49114990234375,408.77362060546875,381.3692321777344,430.8374328613281,395.3423156738281,423.9644775390625,446.0902099609375,408.08453369140625,501.3103332519531,403.814208984375,562.4913330078125,396.53594970703125,596.79052734375,352.07373046875,0
335,212.91238403320312,148.01666259765625,492.2633972167969,149.15155029296875,358.9518127441406,442.0069274902344,403.42236328125,438.28192138671875,390.6250915527344,406.0704040527344,382.4512023925781,427.2177429199219,398.7173767089844,420.5771789550781,449.3014221191406,408.15545654296875,503.0025329589844,404.2747802734375,565.6970825195312,395.5530090332031,599.8590087890625,349.7839050292969,0
336,213.13143920898438,147.95504760742188,492.2703552246094,149.1478729248047,360.2731018066406,413.482666015625,399.4466552734375,433.11053466796875,399.7986755371094,397.3811340332031,387.40582275390625,413.3303527832031,403.8848876953125,414.8013916015625,453.9970703125,408.3439025878906,506.42437744140625,405.7001037597656,571.0496826171875,403.7868347167969,613.2943115234375,357.74859619140625,0
337,213.1379852294922,147.95944213867188,492.27032470703125,149.14779663085938,360.2818603515625,413.4773254394531,399.416748046875,433.09613037109375,399.8134460449219,397.3878479003906,387.4123229980469,413.3314514160156,403.8978576660156,414.803955078125,453.98406982421875,408.34490966796875,506.40655517578125,405.71826171875,571.0422973632812,403.7919006347656,613.2726440429688,357.71136474609375,0
338,213.0242462158203,147.81529235839844,492.5129699707031,148.86126708984375,362.23565673828125,406.7039489746094,396.5670166015625,428.2825012207031,399.5723876953125,394.3350830078125,385.8597412109375,410.44964599609375,403.0807189941406,412.596435546875,454.0393371582031,408.4149169921875,507.56768798828125,406.3829040527344,575.17138671875,407.19403076171875,617.5231323242188,364.48712158203125,0
339,213.07305908203125,147.7571258544922,492.40655517578125,148.7684326171875,355.2330017089844,395.2134704589844,382.88043212890625,422.37640380859375,387.4696044921875,390.4382629394531,376.2207946777344,402.3887023925781,390.7738952636719,407.1585388183594,445.1240539550781,407.1679382324219,504.4333801269531,411.6668701171875,571.994873046875,419.2650451660156,617.6002197265625,378.7160339355469,0
340,213.1669921875,147.8727569580078,492.2672424316406,148.88592529296875,346.91119384765625,391.7333679199219,371.8111572265625,418.91943359375,377.6529235839844,386.8623046875,366.481201171875,399.25750732421875,381.80096435546875,404.0072021484375,436.0941162109375,407.3751525878906,498.1007995605469,412.216064453125,557.4046630859375,425.1349182128906,613.421142578125,390.19146728515625,0
341,213.19143676757812,148.04840087890625,492.26708984375,148.68246459960938,337.49853515625,392.4278259277344,358.04156494140625,420.4291687011719,364.7825012207031,386.5960388183594,354.56585693359375,399.8858642578125,368.5045471191406,404.5714111328125,423.42425537109375,408.2828063964844,485.5215759277344,416.1905517578125,537.9671020507812,434.7126159667969,589.9027099609375,410.0069274902344,0
342,213.18936157226562,148.04759216308594,492.33551025390625,148.7013397216797,337.4926452636719,392.4307861328125,358.0235290527344,420.4069519042969,364.7645263671875,386.5928039550781,354.5690002441406,399.86053466796875,368.50958251953125,404.5399169921875,423.4820251464844,408.1296081542969,485.5809326171875,416.1557922363281,538.0217895507812,434.72540283203125,590.0365600585938,409.90020751953125,0
343,213.1184844970703,147.9363250732422,492.2751770019531,148.69479370117188,332.7339172363281,392.85626220703125,357.78887939453125,423.366943359375,363.9390563964844,389.5210876464844,351.8770751953125,402.01849365234375,367.73663330078125,406.8504638671875,422.55657958984375,408.6844482421875,482.94195556640625,416.3703918457031,536.3441162109375,439.6528625488281,591.5618896484375,420.4554748535156,0
344,213.17178344726562,147.99017333984375,492.277587890625,148.70872497558594,328.4206848144531,392.9515380859375,354.15020751953125,423.4563293457031,362.90478515625,390.7305908203125,350.29345703125,401.4334411621094,365.2006530761719,407.91473388671875,419.75250244140625,409.02215576171875,480.85980224609375,410.6057434082031,531.710693359375,430.8677673339844,583.9927978515625,420.8215026855469,0
345,212.92379760742188,147.9169158935547,492.348388671875,148.80296325683594,324.58843994140625,390.6806335449219,353.60205078125,422.0530700683594,361.7696533203125,388.1090087890625,348.86236572265625,399.6515197753906,364.93988037109375,406.1244812011719,418.6761169433594,408.3941345214844,479.4930725097656,407.61407470703125,532.2081298828125,425.0466613769531,581.9093017578125,411.9376525878906,0
346,212.9627227783203,148.16864013671875,492.2454833984375,148.79994201660156,322.4241943359375,387.6058654785156,351.38140869140625,418.3351135253906,360.1664123535156,386.1332702636719,347.0381774902344,396.4164123535156,362.5083312988281,403.07830810546875,415.8382568359375,407.40625,477.0326232910156,406.4229431152344,533.8872680664062,423.44677734375,584.0942993164062,401.3439025878906,0
347,213.1007080078125,148.03628540039062,492.1728515625,148.80606079101562,320.32830810546875,384.0160217285156,345.6615905761719,416.050537109375,355.13238525390625,383.3126525878906,341.4278564453125,394.30694580078125,356.759521484375,401.28106689453125,410.352783203125,406.2839050292969,473.8050842285156,406.4755554199219,532.4221801757812,422.8226318359375,586.993896484375,398.7051086425781,0
348,213.20794677734375,148.00523376464844,492.2633972167969,148.8985137939453,309.00091552734375,380.977294921875,336.2144775390625,414.046630859375,347.0477600097656,382.9181213378906,332.5564270019531,393.42138671875,348.474853515625,399.081298828125,403.3630065917969,406.2940673828125,467.0768737792969,406.2234802246094,524.1823120117188,423.0919189453125,577.9944458007812,404.8199768066406,0
349,213.3136749267578,147.9253692626953,492.2995300292969,148.90953063964844,302.4006652832031,380.626708984375,331.2405090332031,413.6037902832031,341.1764221191406,381.4386901855469,325.7855224609375,392.91925048828125,342.2870788574219,398.2686462402344,395.35821533203125,404.53521728515625,461.3275146484375,404.78411865234375,519.9834594726562,422.4539489746094,568.322021484375,405.0113830566406,0
350,213.10105895996094,147.96861267089844,492.2362976074219,148.8572998046875,289.2036437988281,380.5242919921875,320.892578125,412.5015869140625,330.3209533691406,380.2197570800781,315.34930419921875,390.8344421386719,331.4604187011719,396.12310791015625,383.7781982421875,397.79583740234375,448.981201171875,400.0832824707031,501.0506286621094,419.38262939453125,548.0936889648438,418.1513671875,0
351,213.11204528808594,147.96832275390625,492.2353515625,148.85986328125,289.1969909667969,380.5270080566406,320.8836975097656,412.4734191894531,330.2900085449219,380.2490539550781,315.33013916015625,390.81439208984375,331.3642883300781,396.08721923828125,383.6183776855469,397.8036804199219,448.944580078125,400.0771484375,501.09161376953125,419.36602783203125,548.0863647460938,418.1497802734375,0
352,212.97544860839844,148.04812622070312,492.28668212890625,148.94383239746094,283.78759765625,380.98193359375,312.86590576171875,412.23187255859375,320.364013671875,379.6348571777344,306.423095703125,391.37176513671875,322.5826110839844,396.08856201171875,379.0126037597656,397.180419921875,443.5958557128906,400.82763671875,501.9081115722656,415.1091613769531,551.4067993164062,404.4595031738281,0
353,213.19847106933594,148.00933837890625,492.2589111328125,148.71632385253906,273.88604736328125,386.5984191894531,303.1044921875,413.6946716308594,310.32757568359375,380.63409423828125,297.4409484863281,392.8882751464844,313.5922546386719,397.53546142578125,368.0904541015625,405.2349548339844,432.3487243652344,410.4466857910156,487.9202880859375,430.84088134765625,538.2814331054688,432.55059814453125,0
354,213.18392944335938,148.002685546875,492.3316650390625,148.9436492919922,270.20623779296875,386.8874206542969,294.5733642578125,415.0687561035156,301.5105285644531,383.37786865234375,289.4866638183594,394.7721862792969,304.0216064453125,400.05548095703125,360.8586730957031,408.7422790527344,428.4335021972656,413.84722900390625,484.6216735839844,435.6898193359375,538.6556396484375,435.0120849609375,0
355,213.2537078857422,147.97723388671875,492.4742736816406,149.01559448242188,266.7573547363281,384.6689758300781,286.7870178222656,415.182861328125,294.6944580078125,382.7046203613281,285.58502197265625,393.3674011230469,297.13336181640625,400.0970764160156,354.0305480957031,407.1498107910156,421.3583068847656,413.78277587890625,472.9306640625,432.40484619140625,514.8754272460938,435.6081848144531,0
356,213.36309814453125,147.90362548828125,492.4122314453125,148.9092559814453,260.4723205566406,380.3128967285156,278.255126953125,411.4345703125,286.25042724609375,380.42889404296875,275.276611328125,391.64935302734375,288.9855041503906,398.8244323730469,344.05438232421875,406.4062194824219,415.3226318359375,415.4560546875,472.3157043457031,437.0574951171875,535.4873046875,424.4391174316406,0
357,213.14805603027344,148.1564483642578,492.5536193847656,148.83074951171875,241.65286254882812,368.0268859863281,258.30792236328125,402.65545654296875,269.77447509765625,372.6617126464844,257.4282531738281,381.42449951171875,270.71014404296875,390.13751220703125,328.837158203125,403.22418212890625,396.95880126953125,413.0333251953125,453.5023498535156,436.3053894042969,506.0148620605469,436.12664794921875,0
358,213.1527862548828,148.0202178955078,492.58575439453125,148.90040588378906,234.8728790283203,363.7147216796875,249.27017211914062,397.1654968261719,262.71466064453125,368.34393310546875,249.1765594482422,375.9610290527344,262.2265319824219,384.8194274902344,315.530517578125,401.04058837890625,389.4382629394531,411.14178466796875,441.24725341796875,434.4332580566406,490.1059875488281,439.200927734375,0
359,213.1811981201172,147.99554443359375,492.78497314453125,149.10400390625,216.3843536376953,359.6540832519531,233.3762969970703,391.76910400390625,245.3699493408203,360.6975402832031,232.06211853027344,370.3383483886719,245.84774780273438,378.09283447265625,298.7560119628906,392.1732482910156,368.2835998535156,401.3517761230469,415.8636474609375,421.5157470703125,457.87286376953125,433.2347106933594,0
360,213.17926025390625,147.9985809326172,492.7340087890625,149.1319580078125,216.38392639160156,359.65203857421875,233.3702850341797,391.7683410644531,245.35858154296875,360.68194580078125,232.05343627929688,370.327392578125,245.83087158203125,378.0903625488281,298.74456787109375,392.1708068847656,368.2850036621094,401.34967041015625,415.8728332519531,421.5172424316406,457.883544921875,433.226806640625,0
361,213.3145294189453,148.05587768554688,492.6634521484375,149.04147338867188,206.0751495361328,358.6587219238281,226.36337280273438,390.0655517578125,239.02549743652344,360.65924072265625,224.41436767578125,369.2969665527344,238.31802368164062,377.1717834472656,293.7438659667969,388.9068298339844,358.2084045410156,403.1104736328125,416.52886962890625,420.3450622558594,466.8262939453125,412.7412414550781,0
362,213.1688995361328,147.9683380126953,492.58056640625,149.0040283203125,181.45254516601562,360.5128479003906,208.92745971679688,391.11248779296875,218.7095489501953,358.6790466308594,204.8437042236328,369.7848205566406,220.3626251220703,375.87969970703125,275.3641052246094,388.8245544433594,336.9894104003906,406.03509521484375,384.5673828125,428.34716796875,429.12835693359375,436.5881652832031,0
363,213.15992736816406,148.0994415283203,492.44647216796875,149.02459716796875,171.39671325683594,357.55987548828125,197.17381286621094,389.5733642578125,209.1949462890625,357.76202392578125,193.9901580810547,368.2258605957031,209.0069580078125,374.21954345703125,263.8994445800781,388.0320129394531,323.1591796875,409.4949645996094,377.57391357421875,433.4888916015625,437.48138427734375,431.5945129394531,0
364,213.15870666503906,148.02406311035156,492.38616943359375,149.0143280029297,163.74905395507812,356.2062072753906,187.7115478515625,387.87164306640625,200.21461486816406,356.1128845214844,186.04087829589844,365.671142578125,200.22640991210938,372.9942321777344,252.6782989501953,385.9351501464844,315.4063720703125,407.5826110839844,358.647216796875,435.959228515625,399.89398193359375,449.5367736816406,0
365,213.1977081298828,147.9847869873047,492.4783630371094,148.98329162597656,151.0845947265625,358.3083190917969,175.8076629638672,389.63836669921875,187.4824676513672,357.4597473144531,173.0249786376953,368.2164306640625,187.61729431152344,374.7539978027344,241.55833435058594,383.3585205078125,303.8460388183594,399.61669921875,347.27447509765625,425.85882568359375,391.76873779296875,441.2511901855469,0
366,213.18685913085938,147.9685516357422,492.4637756347656,148.88916015625,151.06649780273438,358.2857971191406,175.7672882080078,389.64044189453125,187.44091796875,357.2791442871094,172.99029541015625,368.1761779785156,187.52716064453125,374.6163330078125,241.2664794921875,383.30291748046875,303.83746337890625,399.6153259277344,347.2770080566406,425.87835693359375,391.9276428222656,441.2460632324219,0
367,213.3015594482422,148.1792449951172,492.47625732421875,148.90567016601562,157.5743865966797,345.90118408203125,163.53810119628906,378.15643310546875,176.0431671142578,347.8245849609375,166.09146118164062,358.1918640136719,176.3765869140625,367.4579162597656,227.7915802001953,376.407470703125,292.0468444824219,386.5362854003906,343.2777099609375,412.1111755371094,400.61456298828125,425.23577880859375,0
368,213.3034210205078,148.1898956298828,492.5823974609375,149.0226287841797,157.09832763671875,345.81842041015625,161.2272491455078,377.3717041015625,174.69451904296875,347.39764404296875,163.0688934326172,357.0510559082031,173.4916229248047,366.0316162109375,226.0978546142578,375.494384765625,288.71173095703125,385.4445495605469,338.2009582519531,409.61151123046875,398.0006103515625,415.8630065917969,0
369,213.33001708984375,148.25196838378906,492.689697265625,149.18374633789062,149.6395721435547,340.5227355957031,153.45774841308594,375.4179992675781,166.9229278564453,344.4930114746094,154.2726593017578,353.6337585449219,165.6744842529297,362.9310607910156,217.67413330078125,373.9297180175781,281.5489196777344,385.1234130859375,335.6899108886719,407.0680847167969,392.7087097167969,408.8427734375,0
370,213.3350830078125,148.23345947265625,492.6205139160156,149.1433868408203,149.62135314941406,340.52874755859375,153.45872497558594,375.4484558105469,166.920654296875,344.60955810546875,154.296875,353.6798400878906,165.78890991210938,362.98944091796875,217.3874053955078,373.8938903808594,281.5472717285156,385.0965881347656,335.6452941894531,407.096435546875,392.7059631347656,408.84320068359375,0
371,213.20782470703125,148.35858154296875,492.5402526855469,148.9295654296875,144.90892028808594,339.452392578125,148.54373168945312,374.06390380859375,163.46575927734375,344.0441589355469,150.78318786621094,352.98486328125,162.80255126953125,362.5496520996094,215.7554473876953,376.3822021484375,279.3257141113281,387.4871826171875,329.8714904785156,411.08935546875,385.8371276855469,416.5564270019531,0
372,213.18467712402344,148.2804718017578,492.4705505371094,149.05783081054688,137.91818237304688,346.76080322265625,145.34710693359375,376.488525390625,158.66236877441406,345.8876037597656,146.5865020751953,356.5583801269531,157.90379333496094,364.0049743652344,211.22210693359375,380.0346984863281,276.29364013671875,393.4376220703125,322.50274658203125,420.72808837890625,373.3217468261719,433.8280944824219,0
373,213.2089385986328,148.19863891601562,492.3954162597656,149.10565185546875,138.9241943359375,350.6559143066406,145.48841857910156,378.75543212890625,155.6083984375,347.8513488769531,144.5144805908203,359.57781982421875,156.5352783203125,367.12164306640625,209.82672119140625,379.665771484375,274.6950378417969,393.5140380859375,320.043701171875,420.5571594238281,371.75341796875,433.8691101074219,0
374,213.260986328125,148.40345764160156,492.5187072753906,149.0515594482422,131.38246154785156,347.8879089355469,141.15420532226562,380.43988037109375,150.4123077392578,349.2000732421875,139.72247314453125,359.3687744140625,152.03289794921875,367.37841796875,206.71315002441406,377.7889099121094,273.1974792480469,391.61175537109375,320.32757568359375,417.142578125,390.35711669921875,424.2852783203125,0
375,213.2458953857422,148.38099670410156,492.5209655761719,149.0543670654297,131.35751342773438,347.85699462890625,141.1448516845703,380.44012451171875,150.4386749267578,349.1524963378906,139.76834106445312,359.3171691894531,152.0435028076172,367.3603210449219,206.55413818359375,377.6239929199219,273.1095886230469,391.6488037109375,320.2588806152344,417.1153259277344,390.3693542480469,424.2940979003906,0
376,213.18527221679688,148.24996948242188,492.5478210449219,149.07113647460938,126.90772247314453,348.98870849609375,135.23968505859375,380.709716796875,146.66250610351562,348.19207763671875,135.43246459960938,359.079345703125,147.70140075683594,367.7651672363281,203.11181640625,376.99371337890625,270.5411071777344,391.3005676269531,322.7845458984375,418.0118408203125,391.822021484375,421.3770446777344,0
377,213.2567901611328,148.21556091308594,492.49700927734375,149.09605407714844,117.89466094970703,340.2550048828125,127.38908386230469,375.7326965332031,140.10667419433594,347.2427062988281,127.82875061035156,354.24609375,139.60060119628906,363.47174072265625,194.6074981689453,376.376708984375,262.4895935058594,390.7079162597656,309.4225769042969,419.1936340332031,379.5715637207031,428.7055969238281,0
378,213.0679168701172,148.2954864501953,492.32489013671875,149.1614990234375,115.81732177734375,339.9514465332031,123.99031829833984,374.9929504394531,137.0851287841797,345.8833923339844,125.46190643310547,352.52679443359375,137.09600830078125,362.53607177734375,192.01544189453125,376.1268005371094,259.5376281738281,389.7557373046875,303.5662536621094,415.436279296875,375.7071533203125,424.6514892578125,0
379,212.93905639648438,148.2543487548828,492.4278564453125,149.2583465576172,113.23836517333984,345.34625244140625,119.46743774414062,378.1535339355469,129.88015747070312,346.0627136230469,119.41433715820312,356.50335693359375,130.82382202148438,364.90289306640625,184.79519653320312,371.8394470214844,253.32737731933594,382.19415283203125,303.41461181640625,408.6429138183594,355.40045166015625,423.1203918457031,0
380,212.92886352539062,148.26980590820312,492.42364501953125,149.25686645507812,113.25089263916016,345.3463134765625,119.46794128417969,378.15234375,129.877685546875,346.0638427734375,119.41118621826172,356.5022888183594,130.82168579101562,364.9034423828125,184.80267333984375,371.8306884765625,253.33303833007812,382.1929016113281,303.42254638671875,408.6513977050781,355.36920166015625,423.0883483886719,0
381,212.96632385253906,148.43853759765625,492.37091064453125,149.22576904296875,108.9153823852539,343.9823913574219,115.50328063964844,377.0934143066406,126.5997543334961,345.99591064453125,115.94090270996094,356.9542236328125,127.67041015625,365.0243835449219,182.47293090820312,368.300048828125,252.6497344970703,376.9048156738281,304.76959228515625,403.1377868652344,357.6494445800781,414.7602844238281,0
382,213.0453643798828,148.3718719482422,492.535400390625,149.1427764892578,101.69395446777344,336.4900817871094,108.8772964477539,372.74139404296875,121.46110534667969,343.1731262207031,110.27604675292969,351.0523986816406,120.44888305664062,360.82550048828125,177.64291381835938,368.2093200683594,244.4975128173828,376.12213134765625,300.2806091308594,398.6297607421875,359.5169982910156,404.1729431152344,0
383,213.11912536621094,148.3765869140625,492.47808837890625,149.05404663085938,104.31126403808594,332.18951416015625,106.15699768066406,370.30133056640625,120.95980834960938,341.7064208984375,110.69202423095703,348.7671813964844,119.61811828613281,359.2750549316406,172.79824829101562,368.4342041015625,240.339111328125,380.32928466796875,295.25653076171875,402.9097595214844,353.79425048828125,408.330322265625,0
384,212.93804931640625,148.41969299316406,492.4823913574219,149.0634002685547,107.34931945800781,327.65277099609375,106.26429748535156,364.5008239746094,121.12310791015625,338.10211181640625,110.58417510986328,344.2512512207031,118.64800262451172,356.1335754394531,170.1159210205078,371.9819641113281,235.18882751464844,386.3177795410156,284.86163330078125,412.54315185546875,344.463134765625,422.32232666015625,0
385,213.06761169433594,148.2953338623047,492.4461669921875,148.98843383789062,107.59730529785156,322.5470886230469,105.5804672241211,362.2444152832031,121.8446044921875,337.86505126953125,110.44084930419922,340.6221008300781,118.0218276977539,354.42529296875,170.47901916503906,373.6401672363281,235.7071075439453,387.5339660644531,280.3011474609375,415.0703430175781,337.7138366699219,431.0282897949219,0
386,212.96661376953125,148.36363220214844,492.5409851074219,148.96343994140625,111.83519744873047,317.9439697265625,104.26549530029297,359.1121520996094,124.4604263305664,335.4666442871094,110.40774536132812,337.5080871582031,118.29429626464844,351.6163635253906,169.80064392089844,374.8265686035156,234.02182006835938,390.6893310546875,277.4749755859375,417.9897766113281,321.4847106933594,433.90777587890625,0
387,212.923583984375,148.3365478515625,492.5381774902344,148.95640563964844,111.87619018554688,317.9526062011719,104.27469635009766,359.1512451171875,124.50270080566406,335.49053955078125,110.4145278930664,337.5281982421875,118.31782531738281,351.621337890625,169.78929138183594,374.7688293457031,234.02589416503906,390.6781311035156,277.41119384765625,417.9489440917969,321.4759216308594,433.9112243652344,0
388,213.03208923339844,148.2252197265625,492.4981384277344,148.9510040283203,113.91028594970703,315.5174560546875,104.84671020507812,356.18463134765625,125.46463012695312,331.7431945800781,110.82186126708984,335.3372802734375,119.43872833251953,348.5982971191406,168.72569274902344,372.0406188964844,232.18350219726562,390.28521728515625,273.8241882324219,420.2441101074219,318.8563537597656,438.2352294921875,0
389,212.95021057128906,148.24200439453125,492.55718994140625,149.0155029296875,104.51544189453125,309.44879150390625,102.27532958984375,348.5204162597656,123.03557586669922,324.0936584472656,108.14749908447266,327.6512145996094,116.90836334228516,341.0731506347656,163.65835571289062,367.293701171875,227.22462463378906,391.0213623046875,267.58184814453125,420.3804626464844,311.3431396484375,435.6111145019531,0
390,212.974365234375,148.253173828125,492.54937744140625,149.05776977539062,99.34290313720703,307.144775390625,101.27091217041016,346.267822265625,120.40955352783203,321.226806640625,105.6978759765625,325.14288330078125,115.85608673095703,337.8211364746094,163.0598907470703,365.8037109375,223.3063507080078,389.4549255371094,261.85357666015625,418.774658203125,304.5413818359375,434.557861328125,0
391,213.07772827148438,148.31649780273438,492.62725830078125,149.013427734375,90.93798828125,314.87359619140625,99.80271911621094,349.8689880371094,119.69789123535156,323.3578796386719,103.6590347290039,328.542724609375,115.33511352539062,340.072998046875,162.10760498046875,366.2498779296875,218.62835693359375,389.6766052246094,257.54119873046875,418.1252136230469,302.83990478515625,434.1566162109375,0
392,213.12799072265625,148.29359436035156,492.5787048339844,149.01116943359375,90.93758392333984,314.87353515625,99.80412292480469,349.8672180175781,119.69335174560547,323.3579406738281,103.65817260742188,328.5412292480469,115.33084869384766,340.0740051269531,162.07139587402344,366.2203674316406,218.63873291015625,389.6605224609375,257.6233215332031,418.17645263671875,303.0746154785156,434.19903564453125,0
393,213.2436065673828,148.14138793945312,492.5656433105469,149.0815887451172,89.02359771728516,315.897216796875,97.94659423828125,351.49432373046875,119.62439727783203,325.5072937011719,102.33475494384766,331.1029052734375,113.50144958496094,342.59765625,162.38189697265625,367.7002868652344,217.37315368652344,392.68243408203125,254.51181030273438,421.5614929199219,299.6481628417969,436.6329650878906,0
394,213.28317260742188,148.1398162841797,492.59771728515625,148.96621704101562,80.16332244873047,324.01507568359375,101.59407806396484,357.4413146972656,119.83110046386719,328.48492431640625,101.2330322265625,336.386962890625,115.92240142822266,345.1931457519531,162.03961181640625,368.27630615234375,215.0050506591797,393.6375732421875,248.0841827392578,426.8164367675781,297.1213073730469,451.1591796875,0
395,213.3990936279297,148.26560974121094,492.4551696777344,148.85414123535156,76.77656555175781,326.96673583984375,101.61602783203125,359.21966552734375,117.8342056274414,327.9960632324219,99.44175720214844,337.8984375,115.03712463378906,346.0222473144531,161.33856201171875,365.7330017089844,215.7956085205078,389.0071105957031,250.72659301757812,422.1446838378906,287.3228454589844,442.85791015625,0
396,213.29994201660156,148.3027801513672,492.4458312988281,148.8436737060547,73.4917221069336,338.9691162109375,107.08710479736328,365.8262634277344,116.90796661376953,334.31427001953125,99.7588882446289,345.4568176269531,116.4975814819336,351.0086975097656,167.07000732421875,362.4640197753906,219.38914489746094,384.0982360839844,261.9714050292969,413.22674560546875,333.2599792480469,424.9613952636719,0
397,213.2998809814453,148.30335998535156,492.4140319824219,148.83966064453125,73.48876953125,338.9653625488281,107.08325958251953,365.822998046875,116.88795471191406,334.3152770996094,99.74725341796875,345.4601135253906,116.4903564453125,350.9909362792969,166.9256134033203,362.4197998046875,219.35903930664062,384.17138671875,261.9439392089844,413.2289733886719,333.23046875,424.95806884765625,0
398,213.9580078125,148.69581604003906,492.7278747558594,149.526611328125,76.36166381835938,347.90948486328125,111.30130767822266,370.6397399902344,119.3307113647461,336.6534118652344,103.94107818603516,349.4177551269531,119.16834259033203,352.6318054199219,167.49591064453125,362.8996276855469,218.45086669921875,384.9736633300781,263.74383544921875,414.72332763671875,331.7774353027344,426.07525634765625,0
399,214.22195434570312,148.60040283203125,492.7373046875,149.6471710205078,74.62580108642578,359.82305908203125,113.59574127197266,378.1910705566406,116.13786315917969,345.4487609863281,101.52538299560547,360.0768127441406,117.69740295410156,361.23944091796875,168.86453247070312,364.83782958984375,221.85125732421875,385.5845642089844,261.6332702636719,414.72308349609375,306.5751647949219,432.4295349121094,0
400,214.30755615234375,148.431640625,492.58123779296875,149.6304473876953,76.21102905273438,362.0185546875,114.03103637695312,380.991455078125,115.81474304199219,348.6123962402344,102.99683380126953,361.2538757324219,118.50585174560547,364.004638671875,169.4382781982422,365.4979553222656,223.1915740966797,384.94287109375,267.4649963378906,414.3055419921875,320.619384765625,430.18072509765625,0
401,214.31349182128906,148.62278747558594,492.7894287109375,149.52418518066406,80.25042724609375,364.2596435546875,112.52386474609375,386.64666748046875,117.85873413085938,354.23797607421875,105.12004852294922,365.09075927734375,119.43255615234375,368.4993896484375,167.9891815185547,367.0497131347656,223.00979614257812,384.30975341796875,274.2577819824219,414.1756591796875,330.5963439941406,426.4103088378906,0
402,214.24903869628906,148.5427703857422,492.78277587890625,149.6156005859375,86.79884338378906,365.984619140625,110.53536224365234,387.0450744628906,115.60943603515625,355.9731750488281,105.01265716552734,366.40570068359375,117.33763122558594,368.98602294921875,168.83526611328125,367.94732666015625,223.3951873779297,385.014404296875,276.9326477050781,416.1662292480469,336.0177917480469,425.3252258300781,0
403,214.3736114501953,148.61598205566406,492.7331848144531,149.5201416015625,87.88526153564453,365.2902526855469,109.62683868408203,388.40374755859375,114.01396179199219,356.6240539550781,104.82538604736328,369.329345703125,116.48170471191406,370.71026611328125,168.60145568847656,370.5896911621094,225.126220703125,385.1395263671875,271.04791259765625,415.1025695800781,325.69256591796875,430.5369567871094,0
404,214.29005432128906,148.5120849609375,492.6537170410156,149.54188537597656,88.25904846191406,366.8347473144531,107.4761734008789,391.84368896484375,109.47129821777344,358.41510009765625,100.9159927368164,372.55877685546875,113.72738647460938,373.89898681640625,166.54049682617188,371.2431640625,223.76539611816406,387.9082946777344,263.4755554199219,418.9074401855469,309.26641845703125,434.4560852050781,0
405,214.39138793945312,148.82179260253906,492.7598876953125,149.5600128173828,87.50601196289062,369.7398986816406,104.38326263427734,392.7775573730469,105.35945129394531,359.80755615234375,97.29704284667969,372.7511291503906,110.62416076660156,375.2713623046875,163.5844268798828,371.1213684082031,221.76097106933594,386.5140075683594,259.43902587890625,420.18743896484375,300.13385009765625,440.57183837890625,0
406,214.3843536376953,148.85646057128906,492.895263671875,149.63343811035156,82.27137756347656,373.1347351074219,104.1137466430664,394.84002685546875,104.72187805175781,363.6061096191406,95.57382202148438,375.5134582519531,108.58451080322266,376.67877197265625,160.32888793945312,373.0975646972656,218.20091247558594,384.3547058105469,260.4361877441406,413.873046875,309.7272644042969,430.3274230957031,0
407,214.38143920898438,148.85382080078125,492.8953552246094,149.63131713867188,82.28765106201172,373.1338195800781,104.1041488647461,394.8410949707031,104.73167419433594,363.58807373046875,95.56253051757812,375.5081481933594,108.54312133789062,376.6240539550781,160.32061767578125,373.0626525878906,218.25787353515625,384.3645935058594,260.46368408203125,413.8932800292969,309.765625,430.31231689453125,0
408,214.33213806152344,148.83364868164062,492.969482421875,149.53578186035156,80.7487564086914,371.0185241699219,103.42986297607422,393.9039001464844,104.3883285522461,362.417236328125,94.834716796875,374.20428466796875,107.50052642822266,377.1322021484375,160.11593627929688,372.66986083984375,218.01512145996094,383.5677490234375,260.9376525878906,412.7318420410156,311.44329833984375,429.4851989746094,0
409,214.41004943847656,148.8231201171875,492.9591369628906,149.55226135253906,90.54655456542969,370.298095703125,101.78822326660156,393.95941162109375,103.02659606933594,360.4634704589844,94.84130859375,375.66497802734375,107.89063262939453,377.44476318359375,157.49267578125,371.40533447265625,217.57049560546875,383.2081604003906,263.95550537109375,412.8561096191406,333.7178955078125,425.6604309082031,0
410,214.53659057617188,148.76058959960938,492.8583679199219,149.61581420898438,94.13192749023438,370.29248046875,102.99571990966797,394.0457458496094,104.17951202392578,360.28448486328125,95.65382385253906,375.3545227050781,108.33831024169922,378.06158447265625,159.21206665039062,373.36749267578125,217.6791534423828,383.2689208984375,263.5630798339844,412.752685546875,329.5808410644531,426.95458984375,0
411,214.41021728515625,148.82762145996094,492.9723205566406,149.6525115966797,91.25798034667969,370.0033874511719,103.02548217773438,394.1026611328125,103.96669006347656,360.9540710449219,95.52732849121094,375.2425537109375,108.52287292480469,377.3107604980469,159.87841796875,373.80352783203125,219.2236328125,383.5910339355469,263.5030212402344,413.48699951171875,321.8136901855469,430.7929382324219,0
412,214.4069366455078,148.83197021484375,492.9627685546875,149.66571044921875,91.26547241210938,369.98486328125,103.02511596679688,394.0943908691406,103.96287536621094,360.9152526855469,95.53983306884766,375.2379455566406,108.53746795654297,377.28509521484375,159.8732147216797,373.81927490234375,219.17860412597656,383.5874938964844,263.47119140625,413.4690246582031,321.8314208984375,430.7901306152344,0
413,214.4300994873047,148.82470703125,492.9049987792969,149.60337829589844,90.29142761230469,369.3579406738281,102.88629150390625,393.92108154296875,103.774658203125,360.39910888671875,95.302490234375,374.8672790527344,108.31863403320312,376.8525390625,160.0323028564453,373.2319030761719,219.50811767578125,383.0929260253906,267.51495361328125,413.2290954589844,329.7964782714844,427.1360778808594,0
414,214.42269897460938,148.82948303222656,492.90545654296875,149.5030975341797,94.60462951660156,370.16656494140625,104.3774642944336,395.00604248046875,105.12647247314453,360.6563415527344,97.5000228881836,375.81707763671875,109.9693832397461,378.5234069824219,160.04769897460938,372.8570251464844,219.2444610595703,382.3344421386719,271.9640197753906,413.2450256347656,336.0087585449219,425.19921875,0
415,214.4974365234375,148.8211669921875,492.9279479980469,149.46426391601562,95.04698944091797,371.2813720703125,105.8822250366211,394.7930908203125,105.84111022949219,360.9800109863281,98.28524780273438,376.3701171875,110.844482421875,378.6681823730469,162.10728454589844,373.5541687011719,220.61093139648438,383.37738037109375,272.5372314453125,413.97711181640625,338.0014343261719,424.8394470214844,0
416,214.49755859375,148.7489013671875,492.99822998046875,149.4019775390625,93.5083236694336,373.97454833984375,109.26274871826172,396.18475341796875,106.8412857055664,364.0010986328125,100.21844482421875,377.868896484375,111.43126678466797,379.5790710449219,163.4876708984375,373.8937683105469,221.4564666748047,383.691650390625,266.50042724609375,415.47113037109375,328.9162292480469,433.6002502441406,0
417,214.60362243652344,148.71131896972656,492.85406494140625,149.440185546875,91.53585052490234,377.7923278808594,109.95912170410156,397.668701171875,107.75729370117188,366.3835144042969,101.05693817138672,380.14459228515625,112.13088989257812,381.5763244628906,163.76470947265625,373.5323181152344,221.2286834716797,383.49151611328125,267.2282409667969,414.643310546875,329.837646484375,429.91192626953125,0
418,214.4532928466797,148.79835510253906,492.8809509277344,149.3801727294922,87.35933685302734,384.6666564941406,111.76206970214844,400.1761169433594,109.46614074707031,368.4537048339844,102.17320251464844,382.28466796875,113.88196563720703,382.5313415527344,165.71173095703125,374.02740478515625,221.78012084960938,383.5225830078125,268.3905944824219,414.6253356933594,332.96051025390625,428.94573974609375,0
419,214.5468292236328,148.7786865234375,492.8363037109375,149.3716583251953,82.34347534179688,386.5458679199219,112.6561508178711,402.3026123046875,110.01913452148438,369.67193603515625,101.24411010742188,383.9919738769531,114.25135803222656,383.81060791015625,165.77731323242188,374.9109802246094,221.80674743652344,384.1090393066406,269.84210205078125,415.8479309082031,334.76318359375,428.2530822753906,0
420,214.59292602539062,148.7433624267578,492.9304504394531,149.35296630859375,74.59375,393.9710388183594,113.33853149414062,406.53912353515625,109.82511901855469,372.1816101074219,97.40812683105469,388.5420227050781,113.59562683105469,386.5553283691406,165.05438232421875,375.7247619628906,220.7364501953125,383.77337646484375,267.2828063964844,416.0283508300781,333.03900146484375,430.0358581542969,0
421,214.5828857421875,148.7333984375,492.8884582519531,149.4607696533203,74.59088134765625,393.9713134765625,113.35420989990234,406.5399475097656,109.8188247680664,372.1834411621094,97.40372467041016,388.54119873046875,113.60546112060547,386.5569763183594,165.06427001953125,375.7248840332031,220.73690795898438,383.7729187011719,267.2836608886719,416.0206604003906,333.0523986816406,430.0306396484375,0
422,214.4784393310547,148.705322265625,492.8568115234375,149.556396484375,72.4937515258789,397.23223876953125,113.20648956298828,408.6674499511719,109.21271514892578,373.63623046875,96.75984191894531,390.89044189453125,113.71395111083984,388.942626953125,163.53627014160156,376.4067077636719,219.09091186523438,382.9753723144531,267.05621337890625,413.2739562988281,325.974365234375,429.4495544433594,0
423,214.45791625976562,148.68959045410156,492.9961242675781,149.540771484375,69.66866302490234,404.56561279296875,114.80390930175781,410.87432861328125,109.72076416015625,377.768310546875,96.24513244628906,396.28448486328125,113.46868133544922,393.4176330566406,162.3551788330078,375.9144287109375,218.828125,381.9141845703125,270.6658630371094,410.8765869140625,334.9612121582031,421.7015686035156,0
424,214.54135131835938,148.7287139892578,493.0512390136719,149.4805145263672,68.01805877685547,405.6020812988281,113.74494171142578,412.5733337402344,109.29033660888672,379.307861328125,95.3574447631836,397.3149719238281,112.20619201660156,395.0750732421875,161.8065185546875,376.75750732421875,219.39016723632812,381.5165710449219,270.1268615722656,409.74444580078125,336.3042297363281,420.6745910644531,0
425,214.53411865234375,148.63339233398438,492.9723205566406,149.57420349121094,70.58039855957031,407.82635498046875,116.2454833984375,411.8863525390625,110.4252700805664,378.7015380859375,97.48218536376953,397.80224609375,113.95234680175781,394.8331298828125,164.68869018554688,376.71600341796875,220.64111328125,382.1609191894531,271.6628723144531,411.3234558105469,336.5965576171875,423.63824462890625,0
426,214.46524047851562,148.60665893554688,492.9754943847656,149.56239318847656,72.75072479248047,409.7630615234375,117.95118713378906,412.6339111328125,111.76570892333984,378.3932800292969,99.77198791503906,397.94940185546875,115.79430389404297,394.3586120605469,165.7674560546875,376.4811706542969,221.59046936035156,382.47198486328125,273.33563232421875,412.79547119140625,337.62298583984375,425.21246337890625,0
427,214.59149169921875,148.44454956054688,493.0557861328125,149.56947326660156,74.59659576416016,410.3712158203125,120.74362182617188,412.99951171875,113.27482604980469,379.10479736328125,102.57733917236328,399.0633544921875,117.83869171142578,395.19219970703125,166.25460815429688,376.6000061035156,222.77647399902344,382.6016540527344,274.0702209472656,413.168212890625,337.8488464355469,424.71185302734375,0
428,214.5453338623047,148.5312042236328,492.94000244140625,149.5228729248047,79.36642456054688,412.23638916015625,124.7459487915039,412.8993225097656,117.14443969726562,379.0462951660156,108.27742004394531,397.7232971191406,122.48062133789062,393.86248779296875,167.86888122558594,376.76507568359375,222.97265625,382.5348815917969,275.04296875,413.3779602050781,340.0726623535156,425.2362060546875,0
429,214.57412719726562,148.48411560058594,493.0704345703125,149.8330535888672,87.85421752929688,412.39306640625,134.91458129882812,412.0618896484375,126.1456527709961,376.91497802734375,115.97305297851562,398.5022277832031,129.96566772460938,394.2933044433594,174.81332397460938,378.32647705078125,227.93280029296875,385.7950134277344,274.8744201660156,415.7103271484375,330.59844970703125,431.2027587890625,0
430,214.54640197753906,148.48939514160156,492.9549560546875,149.81314086914062,87.85448455810547,412.39349365234375,134.9167022705078,412.0574951171875,126.14720916748047,376.91937255859375,115.9710464477539,398.50274658203125,129.9651336669922,394.29168701171875,174.8083038330078,378.2981262207031,227.92845153808594,385.79913330078125,274.8721923828125,415.708251953125,330.5975646972656,431.20318603515625,0
431,214.509765625,148.50152587890625,492.8217468261719,149.7462158203125,88.41925048828125,413.56072998046875,135.6707000732422,412.76300048828125,127.16423034667969,378.1603698730469,117.40711212158203,399.1480407714844,132.3152618408203,394.3706970214844,174.71585083007812,378.213623046875,226.76319885253906,386.02166748046875,269.705078125,415.162109375,319.7323913574219,434.3726501464844,0
432,214.509765625,148.41470336914062,492.8662414550781,149.7532196044922,87.0333023071289,421.2856750488281,136.71128845214844,417.654052734375,127.1352310180664,383.5071716308594,116.02820587158203,404.2073974609375,131.1612091064453,400.8591613769531,174.4188995361328,379.4756164550781,227.1975860595703,386.4617919921875,267.7094421386719,416.85400390625,309.3061828613281,435.9258728027344,0
433,214.48056030273438,148.48873901367188,492.83465576171875,149.6983642578125,88.2702407836914,422.5783996582031,139.89845275878906,420.0075378417969,129.3317413330078,385.4546203613281,117.74464416503906,405.509765625,133.0331268310547,401.5382080078125,175.11595153808594,379.34375,227.4642333984375,386.0300598144531,271.92034912109375,415.43072509765625,321.1495361328125,434.37774658203125,0
434,214.5738525390625,148.34226989746094,492.8480529785156,149.64987182617188,82.30579376220703,429.67547607421875,132.8726043701172,426.7614440917969,119.89473724365234,390.7722473144531,110.6675033569336,414.82318115234375,126.4161376953125,407.1037292480469,170.04104614257812,382.1000061035156,225.7720489501953,385.1424865722656,269.62982177734375,412.7140197753906,309.6043701171875,431.3546447753906,0
435,214.57247924804688,148.34429931640625,492.85772705078125,149.64793395996094,82.32321166992188,429.71295166015625,132.79339599609375,426.8013000488281,119.87413024902344,390.8789978027344,110.66016387939453,414.91455078125,126.48115539550781,407.1571350097656,170.0087890625,382.1378479003906,225.7759246826172,385.14166259765625,269.62872314453125,412.74859619140625,309.6104736328125,431.3538818359375,0
436,214.58123779296875,148.41012573242188,492.8349304199219,149.74317932128906,82.62669372558594,431.7822570800781,133.40948486328125,428.1246337890625,121.36570739746094,394.0874938964844,111.48094177246094,416.3764343261719,127.76061248779297,409.84637451171875,169.04220581054688,382.734130859375,225.40977478027344,385.1811828613281,267.76947021484375,412.7021789550781,307.7187194824219,431.7209777832031,0
437,214.48631286621094,148.56607055664062,492.9831237792969,149.8373565673828,84.61946105957031,439.6475524902344,135.23365783691406,431.13958740234375,121.7212142944336,395.2846984863281,111.17527770996094,420.807373046875,128.0223388671875,413.6864929199219,168.3553466796875,384.3778991699219,224.192626953125,385.4046325683594,266.0530090332031,413.0669860839844,304.687255859375,432.46954345703125,0
438,214.3416290283203,148.4977264404297,492.9358215332031,149.76161193847656,83.47624206542969,441.4037780761719,135.2998504638672,433.0050048828125,121.35816955566406,397.5889892578125,110.5715103149414,423.2225646972656,127.89736938476562,415.4024353027344,167.46295166015625,384.5828552246094,223.5654296875,384.9039001464844,265.7596130371094,413.4639892578125,305.3166809082031,433.38543701171875,0
439,214.3978729248047,148.43667602539062,493.01654052734375,149.80389404296875,88.00656127929688,444.45672607421875,137.88743591308594,436.64886474609375,123.38502502441406,401.140380859375,112.54531860351562,425.3657531738281,129.79100036621094,417.161376953125,168.5227813720703,387.3208923339844,223.91148376464844,385.7696228027344,268.0429382324219,414.7864990234375,308.4761047363281,435.2532958984375,0
440,214.40194702148438,148.4397430419922,493.0162048339844,149.80398559570312,88.0481185913086,444.4753112792969,137.96609497070312,436.6208801269531,123.43721771240234,401.1195068359375,112.59810638427734,425.2142333984375,129.88851928710938,417.02288818359375,168.50535583496094,387.2491149902344,223.91891479492188,385.7770690917969,267.99261474609375,414.7510986328125,308.3558654785156,435.21044921875,0
441,214.4404296875,148.4974822998047,493.0221252441406,149.71974182128906,87.01121520996094,446.83660888671875,140.07351684570312,440.26806640625,124.87175750732422,404.51434326171875,117.82633972167969,428.83740234375,131.8595733642578,420.06134033203125,167.10215759277344,387.8594055175781,222.85472106933594,384.3229675292969,269.1237487792969,412.2981262207031,307.8007507324219,432.8690490722656,0
442,214.44940185546875,148.52655029296875,492.9714050292969,149.6910400390625,92.31184387207031,452.515625,143.1419219970703,441.9067687988281,124.95281219482422,407.5901184082031,119.45751190185547,434.5342712402344,132.73648071289062,422.958984375,168.12319946289062,388.26519775390625,221.04940795898438,381.7805480957031,276.70721435546875,409.63385009765625,334.5264892578125,431.59136962890625,0
443,214.4612274169922,148.55953979492188,492.9557800292969,149.61300659179688,91.9986343383789,450.50299072265625,143.2370147705078,442.3958435058594,125.79700469970703,406.353759765625,119.51289367675781,431.031494140625,132.6638641357422,422.3771057128906,168.2683563232422,388.71142578125,220.8662109375,382.91143798828125,276.93377685546875,410.4685363769531,329.43310546875,432.63043212890625,0
444,214.34158325195312,148.54705810546875,493.0003356933594,149.58082580566406,94.81538391113281,448.3389587402344,144.1719207763672,441.5735168457031,127.08733367919922,403.7303161621094,121.1393814086914,429.248291015625,133.26974487304688,421.2651062011719,167.2415008544922,387.9037780761719,220.49728393554688,382.62762451171875,278.1363830566406,409.0207824707031,329.73681640625,431.24798583984375,0
445,214.3121795654297,148.54010009765625,492.9411315917969,149.57736206054688,94.78124237060547,448.33636474609375,144.17352294921875,441.5470886230469,127.07205963134766,403.7319030761719,121.1529312133789,429.25006103515625,133.2856903076172,421.28948974609375,167.28912353515625,387.82586669921875,220.49969482421875,382.6424560546875,278.1185302734375,409.0590515136719,329.7275085449219,431.2379455566406,0
446,214.38160705566406,148.53787231445312,492.8985900878906,149.58424377441406,98.37715148925781,444.8119812011719,145.53955078125,441.14508056640625,130.0386505126953,402.17547607421875,123.24480438232422,427.2342529296875,135.7410430908203,421.9161071777344,167.63211059570312,386.8830871582031,220.75112915039062,381.7871398925781,279.9939270019531,406.2210998535156,331.68682861328125,431.0857238769531,0
447,214.48439025878906,148.43592834472656,492.8699951171875,149.7216339111328,87.11724090576172,440.7600402832031,141.99501037597656,437.39691162109375,128.02980041503906,400.2912292480469,118.12864685058594,424.3343811035156,132.7555389404297,417.7064208984375,169.32681274414062,386.0360412597656,221.97972106933594,381.5965576171875,281.8401794433594,403.21636962890625,333.25396728515625,429.17437744140625,0
448,214.58013916015625,148.55294799804688,492.859375,149.65585327148438,86.64839935302734,439.0294494628906,140.1566619873047,438.58209228515625,129.10093688964844,400.02764892578125,117.3853988647461,424.8157958984375,132.23422241210938,418.3988952636719,169.10357666015625,386.702880859375,222.5504913330078,381.5678405761719,282.556884765625,404.123291015625,335.8645935058594,430.0294189453125,0
449,214.5438995361328,148.63587951660156,492.8961486816406,149.60940551757812,87.01803588867188,436.9329833984375,140.66477966308594,437.9416198730469,129.39981079101562,399.8147888183594,118.03865051269531,424.243896484375,132.23162841796875,417.7705993652344,170.17892456054688,387.9058837890625,223.34617614746094,382.4129638671875,283.01287841796875,405.73504638671875,332.9090881347656,429.6399841308594,0
450,214.46983337402344,148.60494995117188,492.8810119628906,149.6890411376953,88.3475112915039,435.3774108886719,142.03265380859375,437.1968078613281,130.62754821777344,397.75531005859375,118.79074096679688,422.0794677734375,133.97926330566406,418.00628662109375,171.880859375,387.7361755371094,224.22210693359375,382.5657043457031,284.07354736328125,407.05364990234375,337.47515869140625,431.18463134765625,0
451,214.41307067871094,148.5869140625,492.9483947753906,149.7291717529297,88.24819946289062,435.3277282714844,142.01708984375,437.1580810546875,130.60211181640625,397.76605224609375,118.78626251220703,422.0760192871094,133.96566772460938,418.0037841796875,171.8137664794922,387.73577880859375,224.20852661132812,382.5665588378906,284.02655029296875,407.0917053222656,337.525146484375,431.1987609863281,0
452,214.48550415039062,148.5028076171875,492.99859619140625,149.45643615722656,92.34415435791016,430.85687255859375,142.32986450195312,436.5469665527344,135.15631103515625,395.9457702636719,122.88274383544922,419.9848327636719,138.0987091064453,416.4559020996094,175.86865234375,385.5083923339844,226.09579467773438,381.4560241699219,286.1739501953125,404.75592041015625,338.8365478515625,430.8893127441406,0
453,214.51473999023438,148.5167999267578,493.0162353515625,149.49639892578125,93.66922760009766,429.73291015625,142.38490295410156,435.9141540527344,135.2841796875,395.04278564453125,123.60789489746094,419.0467224121094,138.3932647705078,415.9110107421875,175.78927612304688,386.2338562011719,225.94566345214844,381.94500732421875,285.4947204589844,405.4410400390625,338.3464660644531,431.04071044921875,0
454,214.53736877441406,148.5259246826172,492.9848327636719,149.42941284179688,97.84796142578125,433.4805908203125,147.4251708984375,434.4193115234375,135.00112915039062,394.30694580078125,124.2801742553711,419.9783935546875,139.50794982910156,414.3524475097656,175.8690643310547,386.0172119140625,226.08755493164062,382.0043029785156,285.93701171875,405.82122802734375,339.7154541015625,431.4092102050781,0
455,214.53945922851562,148.5262908935547,493.0197448730469,149.4499969482422,97.8704605102539,433.4462890625,147.5044708251953,434.43560791015625,135.0149383544922,394.3223571777344,124.36812591552734,420.08929443359375,139.5806121826172,414.4261779785156,175.93637084960938,385.9685363769531,226.1214141845703,381.9959411621094,285.9638366699219,405.8146057128906,339.6325378417969,431.29827880859375,0
456,214.4991912841797,148.6567840576172,493.0242919921875,149.5357208251953,100.29495239257812,436.9818115234375,148.35198974609375,436.01580810546875,135.2779083251953,396.2518615722656,124.53605651855469,421.7423095703125,139.3628387451172,415.62603759765625,176.22360229492188,386.2254638671875,225.9691619873047,381.9869079589844,285.75286865234375,405.7711486816406,341.44757080078125,431.6033020019531,0
457,214.53318786621094,148.6095428466797,493.0373840332031,149.6202392578125,103.69698333740234,434.8582763671875,149.67349243164062,437.30047607421875,137.92391967773438,397.4903259277344,128.10281372070312,421.6072692871094,142.52781677246094,416.0834655761719,177.82318115234375,386.1248474121094,226.8052978515625,381.56243896484375,286.76202392578125,405.798828125,341.28240966796875,431.51019287109375,0
458,214.54934692382812,148.7669677734375,493.014404296875,149.53579711914062,107.19793701171875,434.3890075683594,150.00439453125,436.92926025390625,139.6554718017578,397.3846435546875,128.81825256347656,421.92962646484375,142.63734436035156,415.6131896972656,178.31019592285156,385.9315185546875,226.3716583251953,381.48370361328125,286.57891845703125,405.95355224609375,341.3061828613281,431.4852600097656,0
459,214.34182739257812,148.7613525390625,492.8997802734375,149.45266723632812,100.07475280761719,428.9562683105469,147.6060333251953,434.5745544433594,136.9534454345703,393.9869689941406,126.98997497558594,417.7423400878906,141.0645294189453,413.4866943359375,177.0682373046875,385.4293518066406,225.8506622314453,381.5780944824219,286.1256103515625,406.0025939941406,341.160888671875,431.32598876953125,0
460,214.34884643554688,148.77322387695312,492.9000244140625,149.45196533203125,100.0748062133789,428.9570617675781,147.6059112548828,434.5751037597656,136.95130920410156,393.9869384765625,126.99052429199219,417.7433776855469,141.067138671875,413.4820556640625,177.06756591796875,385.43365478515625,225.84548950195312,381.5740051269531,286.11944580078125,406.0014343261719,341.1532897949219,431.3240661621094,0
461,214.59226989746094,148.37606811523438,492.99639892578125,149.50743103027344,99.61284637451172,425.3489990234375,146.28884887695312,433.5035095214844,136.83233642578125,393.0935974121094,126.76544952392578,416.3033752441406,140.34521484375,412.67840576171875,176.96961975097656,385.077392578125,226.37681579589844,381.3910827636719,285.62603759765625,405.3404541015625,338.19189453125,430.4723205566406,0
462,214.6168212890625,148.37515258789062,492.9942626953125,149.50894165039062,99.6336898803711,425.41314697265625,146.28878784179688,433.5040283203125,136.84796142578125,393.0886535644531,126.76062774658203,416.3133544921875,140.33071899414062,412.6854553222656,176.97579956054688,385.0477600097656,226.37490844726562,381.41058349609375,285.6130065917969,405.29241943359375,338.2343444824219,430.45343017578125,0
463,214.43482971191406,148.59014892578125,493.0296630859375,149.58197021484375,103.3528060913086,419.3343811035156,145.75042724609375,430.45306396484375,138.66012573242188,390.3406677246094,128.88026428222656,413.2530212402344,141.4612274169922,409.7984619140625,176.9414520263672,384.93463134765625,225.52162170410156,381.12615966796875,285.1678466796875,405.2239990234375,337.830322265625,430.47991943359375,0
464,214.70123291015625,148.6487579345703,492.9307861328125,149.58053588867188,103.05290985107422,420.068603515625,146.4645538330078,429.7655334472656,140.0107879638672,388.82183837890625,129.09262084960938,412.5633544921875,141.69677734375,409.1138000488281,177.56593322753906,384.52276611328125,225.51528930664062,381.2705078125,285.3616027832031,405.27569580078125,338.7581787109375,430.86395263671875,0
465,214.69036865234375,148.66372680664062,492.940185546875,149.5762939453125,103.08061981201172,420.0734558105469,146.47996520996094,429.78070068359375,140.02969360351562,388.83111572265625,129.0999755859375,412.5751037597656,141.7179412841797,409.12701416015625,177.55438232421875,384.5467529296875,225.50917053222656,381.2709655761719,285.3961486816406,405.2812194824219,338.7451171875,430.856201171875,0
466,214.60267639160156,148.53936767578125,492.9231872558594,149.6183319091797,99.16547393798828,425.7099304199219,147.28846740722656,430.25457763671875,136.38092041015625,390.9183654785156,127.240478515625,414.4964904785156,141.4396209716797,409.54998779296875,177.43447875976562,384.26776123046875,226.1002655029297,381.369140625,285.4831237792969,405.97259521484375,338.6076354980469,430.7666931152344,0
467,214.58657836914062,148.5462188720703,492.9187316894531,149.583740234375,99.30728149414062,425.62274169921875,147.26307678222656,430.3442687988281,136.40538024902344,390.8838806152344,127.38733673095703,414.43817138671875,141.56336975097656,409.51055908203125,177.41172790527344,384.2945861816406,226.06065368652344,381.36114501953125,285.5029296875,406.0006103515625,338.5892333984375,430.76385498046875,0
468,214.46786499023438,148.56512451171875,492.9380187988281,149.66619873046875,101.05847930908203,426.036865234375,148.0311737060547,431.0362854003906,139.077880859375,391.5578308105469,129.19931030273438,415.0548095703125,142.94082641601562,410.0634765625,179.104736328125,383.9149169921875,226.96253967285156,381.2593994140625,286.8336486816406,405.6863098144531,341.45867919921875,431.2219543457031,0
469,214.51455688476562,148.4563446044922,493.040283203125,149.80128479003906,96.37806701660156,414.8426513671875,142.99172973632812,427.4876403808594,139.96054077148438,388.54754638671875,125.7231674194336,409.7251281738281,141.4517822265625,408.033203125,180.58203125,387.5265197753906,231.74012756347656,382.44189453125,289.6473388671875,406.58392333984375,343.7508239746094,431.4236755371094,0
470,214.6595001220703,148.29052734375,493.0416564941406,149.74037170410156,95.89309692382812,409.84796142578125,141.01844787597656,425.84893798828125,140.53591918945312,387.3787536621094,126.19326782226562,407.7872314453125,141.2875518798828,406.55633544921875,181.5033416748047,386.263916015625,232.51235961914062,382.89056396484375,291.1700439453125,406.78253173828125,344.0334167480469,431.5721740722656,0
471,214.63699340820312,148.4536590576172,493.0963134765625,149.8017578125,94.70774841308594,392.80108642578125,135.92959594726562,419.8490905761719,142.793701171875,382.2022705078125,126.52742767333984,397.0291748046875,142.0989990234375,399.9337463378906,184.84832763671875,385.9877624511719,234.0587615966797,384.7728271484375,293.74786376953125,408.2066345214844,343.3434753417969,432.40313720703125,0
472,214.74819946289062,148.43145751953125,493.0600280761719,149.8309783935547,94.09861755371094,391.3609313964844,135.5370635986328,416.3182678222656,142.3489532470703,378.060302734375,125.90901184082031,394.88287353515625,142.43780517578125,396.9779357910156,184.84710693359375,384.6529846191406,235.65342712402344,383.9664001464844,294.5318908691406,407.95556640625,344.2136535644531,432.6833801269531,0
473,214.7455596923828,148.3990478515625,493.0596008300781,149.78712463378906,92.825439453125,392.34234619140625,134.68356323242188,415.79876708984375,141.44175720214844,377.1513366699219,124.68807220458984,393.4926452636719,141.58372497558594,396.0038757324219,184.1126251220703,382.9642639160156,235.2423858642578,383.4291687011719,294.3883056640625,407.0024108886719,343.8186950683594,432.2040100097656,0
474,214.69683837890625,148.39785766601562,493.1203308105469,149.81556701660156,92.3206558227539,395.0392150878906,133.47769165039062,415.57470703125,139.04864501953125,376.3954772949219,121.99051666259766,393.898681640625,140.25863647460938,395.05609130859375,183.01068115234375,382.428466796875,234.53616333007812,384.19805908203125,292.94354248046875,409.1765441894531,344.19744873046875,433.4455871582031,0
475,214.75,148.3759002685547,493.1184997558594,149.8138885498047,92.31388092041016,395.0415344238281,133.4629669189453,415.57647705078125,139.03428649902344,376.4687805175781,121.9946060180664,393.916259765625,140.22674560546875,395.066650390625,182.84632873535156,382.43231201171875,234.5132293701172,384.1789245605469,293.04266357421875,409.2160949707031,344.14923095703125,433.4324951171875,0
476,214.7178192138672,148.38595581054688,493.13690185546875,149.73043823242188,92.74191284179688,397.07098388671875,134.537353515625,416.91552734375,139.75494384765625,377.9612121582031,124.32288360595703,394.15350341796875,140.67018127441406,396.0885009765625,182.79701232910156,382.2068176269531,233.56103515625,384.1277160644531,291.1191101074219,409.4045104980469,343.1148986816406,433.5218200683594,0
477,214.71437072753906,148.4052734375,493.1354064941406,149.72926330566406,92.712158203125,397.15936279296875,134.54718017578125,416.9103088378906,139.71888732910156,377.8873596191406,124.22113800048828,394.1466064453125,140.58753967285156,396.0128173828125,182.65882873535156,382.3304748535156,233.556396484375,384.07037353515625,290.85125732421875,409.34185791015625,342.679443359375,433.51611328125,0
478,214.6893310546875,148.50791931152344,493.07958984375,149.71023559570312,91.64530181884766,406.99249267578125,134.45486450195312,422.7715759277344,138.53314208984375,382.05718994140625,123.02204895019531,401.2574462890625,138.8313751220703,401.4210510253906,180.17218017578125,383.9407958984375,230.25006103515625,382.1025085449219,288.43756103515625,406.4040832519531,342.7875061035156,431.2622985839844,0
479,214.64869689941406,148.17884826660156,493.1466369628906,149.6745147705078,97.95060729980469,412.6063537597656,137.77703857421875,427.7004699707031,140.77171325683594,387.4755859375,124.81904602050781,408.6648864746094,139.83460998535156,408.1346130371094,180.13937377929688,385.7358093261719,228.81333923339844,381.69598388671875,287.8608703613281,405.6793212890625,341.9969787597656,431.3919982910156,0
480,214.66879272460938,148.27590942382812,493.19525146484375,149.79469299316406,101.24324798583984,409.2279357910156,141.59837341308594,427.3013916015625,142.44107055664062,387.4434814453125,127.40447235107422,408.8179931640625,140.98219299316406,408.53887939453125,181.11248779296875,385.63360595703125,229.141357421875,381.6929931640625,287.3196716308594,405.4158630371094,343.0482177734375,431.38751220703125,0
481,214.58505249023438,148.33453369140625,493.1267395019531,149.83242797851562,99.7843246459961,395.8433837890625,135.32835388183594,424.2579650878906,146.87136840820312,384.4346008300781,127.90125274658203,402.95770263671875,142.19529724121094,405.500732421875,182.7786865234375,387.8359375,229.7762451171875,381.2787170410156,288.7416076660156,404.5251770019531,342.5833435058594,431.29656982421875,0
482,214.64744567871094,148.32887268066406,493.1186218261719,149.81155395507812,99.76947784423828,395.838134765625,135.3263702392578,424.2737731933594,146.83834838867188,384.43145751953125,127.8809585571289,402.95941162109375,142.14952087402344,405.5389099121094,182.73297119140625,387.8612365722656,229.76785278320312,381.2786865234375,288.7439880371094,404.53045654296875,342.5826416015625,431.2947082519531,0
483,214.5772705078125,148.36410522460938,493.15423583984375,149.75257873535156,93.88447570800781,389.4829406738281,135.58746337890625,420.80804443359375,146.64427185058594,379.800537109375,128.6340789794922,396.7379150390625,143.0261688232422,400.9311828613281,183.42601013183594,386.2941589355469,230.1471405029297,381.93109130859375,289.3851623535156,404.4845275878906,343.4134826660156,431.1529541015625,0
484,214.48468017578125,148.2052001953125,493.234619140625,149.68605041503906,99.86937713623047,380.7604675292969,134.51930236816406,414.8116760253906,147.07647705078125,380.12408447265625,126.65817260742188,393.35894775390625,143.65887451171875,398.6705627441406,184.48513793945312,387.837158203125,231.07583618164062,382.84954833984375,290.12548828125,405.36248779296875,343.5193786621094,431.37457275390625,0
485,214.4939727783203,148.1770477294922,493.22650146484375,149.6858367919922,99.87660217285156,380.73443603515625,134.54373168945312,414.8318786621094,147.27015686035156,379.8985290527344,126.92369079589844,393.2997741699219,143.9456329345703,398.5355224609375,184.48146057128906,387.8554992675781,231.24803161621094,382.86224365234375,290.2650146484375,405.40472412109375,343.420166015625,431.344482421875,0
486,214.5572052001953,148.294921875,493.22259521484375,149.51853942871094,130.5076446533203,344.4556579589844,138.08541870117188,393.3116760253906,166.14051818847656,369.37060546875,142.2872772216797,370.65203857421875,152.88629150390625,384.6947326660156,190.40383911132812,394.0084228515625,235.09100341796875,390.4904479980469,293.36004638671875,410.6892395019531,343.3575744628906,433.41131591796875,0
487,214.64791870117188,148.4350128173828,493.27545166015625,149.55911254882812,137.6187744140625,326.81640625,137.18165588378906,375.8139343261719,164.35523986816406,359.4453430175781,144.28387451171875,356.1951904296875,152.3195343017578,371.9418029785156,187.89486694335938,388.2262268066406,235.70176696777344,391.0638427734375,294.45452880859375,410.4339904785156,342.4655456542969,432.73126220703125,0
488,214.5633544921875,148.4365692138672,493.2680969238281,149.54556274414062,141.23944091796875,320.1329040527344,138.14932250976562,368.82489013671875,165.68153381347656,350.51055908203125,146.1767578125,347.8720703125,154.68328857421875,363.12884521484375,187.44082641601562,385.0332336425781,235.9252166748047,391.3211364746094,295.5109558105469,411.15191650390625,343.78680419921875,433.1709899902344,0
489,214.4930419921875,148.392578125,493.2420654296875,149.54771423339844,145.2522430419922,308.41436767578125,137.20098876953125,352.4571228027344,165.21243286132812,338.9023132324219,148.1789093017578,335.23272705078125,153.88600158691406,350.3232727050781,184.92312622070312,377.645263671875,236.12782287597656,392.155029296875,296.3319091796875,411.8497009277344,345.1724548339844,433.5577392578125,0
490,214.53411865234375,148.43951416015625,493.2454833984375,149.677734375,143.14923095703125,304.0640869140625,139.08023071289062,346.672607421875,165.3030242919922,330.8657531738281,147.84878540039062,330.520263671875,154.720947265625,344.2477722167969,184.52182006835938,373.4548034667969,234.66041564941406,395.1272277832031,293.71441650390625,415.6557922363281,344.47357177734375,434.08056640625,0
491,214.55691528320312,148.4534149169922,493.2160949707031,149.7328643798828,143.16342163085938,304.0635070800781,139.07791137695312,346.6720275878906,165.30613708496094,330.8710632324219,147.8512725830078,330.5230407714844,154.72894287109375,344.2516784667969,184.56578063964844,373.4449768066406,234.6787567138672,395.1365051269531,293.81793212890625,415.6416015625,344.4522399902344,434.05047607421875,0
492,214.4569854736328,148.53880310058594,493.21282958984375,149.79168701171875,140.78073120117188,299.5040283203125,138.38238525390625,344.2515869140625,163.47889709472656,327.2516784667969,145.90921020507812,325.3997802734375,153.55123901367188,339.9546203613281,184.24171447753906,371.5064697265625,233.22242736816406,395.3005065917969,285.1819763183594,417.75128173828125,341.7799072265625,434.87347412109375,0
493,214.4744873046875,148.5732421875,493.1720886230469,149.8163604736328,143.9209747314453,297.0703125,135.693115234375,338.7969970703125,164.1720733642578,325.19244384765625,146.86643981933594,320.6590270996094,152.7615966796875,336.1118469238281,183.1422119140625,369.6954040527344,230.78097534179688,395.6666259765625,282.9601135253906,418.90191650390625,328.65325927734375,434.05023193359375,0
494,214.55276489257812,148.40679931640625,493.10601806640625,149.73104858398438,170.07437133789062,276.4900207519531,147.03623962402344,311.4281005859375,177.2024383544922,312.7320251464844,163.37338256835938,301.8737487792969,160.783203125,318.7021179199219,175.5131072998047,360.5901184082031,221.4614715576172,396.3473205566406,268.5500183105469,423.0927734375,309.3741760253906,437.2630615234375,0
495,214.5428924560547,148.421875,493.16064453125,149.6928253173828,170.06353759765625,276.4941711425781,147.0379638671875,311.44818115234375,177.16705322265625,312.74700927734375,163.3595733642578,301.88214111328125,160.76072692871094,318.7332763671875,175.50706481933594,360.7376708984375,221.46038818359375,396.3512878417969,268.5412902832031,423.0890197753906,309.3688049316406,437.26043701171875,0
496,214.43882751464844,148.38067626953125,493.2242736816406,149.6513671875,177.05279541015625,268.2654113769531,150.79200744628906,300.5394592285156,181.53765869140625,304.72100830078125,167.67474365234375,292.6016540527344,164.43714904785156,309.3607482910156,170.90306091308594,355.29010009765625,214.73890686035156,398.22918701171875,257.6394958496094,424.70269775390625,300.1289978027344,439.6495056152344,0
497,214.41636657714844,148.34970092773438,493.22344970703125,149.6409149169922,181.3984375,248.57769775390625,154.8070831298828,279.16998291015625,184.2834014892578,283.4747009277344,172.00193786621094,271.8231506347656,167.35980224609375,287.21563720703125,168.31173706054688,338.3772888183594,200.55955505371094,392.36370849609375,222.06602478027344,424.31781005859375,247.50196838378906,438.53155517578125,0
498,214.2447509765625,148.27813720703125,493.0741271972656,149.6099090576172,183.8738555908203,240.3937530517578,154.4971923828125,271.1629943847656,184.24961853027344,276.8801574707031,173.02740478515625,263.6280517578125,168.5607147216797,280.1394958496094,168.79046630859375,331.8683166503906,196.79171752929688,389.53369140625,224.29026794433594,425.8955078125,260.6839294433594,456.8820495605469,0
499,214.0803985595703,148.309814453125,493.1518249511719,149.55380249023438,183.32611083984375,227.510009765625,155.94384765625,259.80682373046875,187.21592712402344,264.793212890625,174.64910888671875,250.8317108154297,169.98692321777344,266.995361328125,168.6559600830078,316.47430419921875,178.14076232910156,383.2430114746094,202.61053466796875,421.05133056640625,243.6783905029297,439.7003173828125,0
500,214.08123779296875,148.310302734375,493.0489807128906,149.48492431640625,183.32598876953125,227.50808715820312,155.9322052001953,259.8168640136719,187.212646484375,264.7886047363281,174.6369171142578,250.83262634277344,169.98733520507812,266.989990234375,168.5524444580078,316.2891540527344,178.144775390625,383.2427673339844,202.5869903564453,421.0543212890625,243.6748504638672,439.7028503417969,0
501,214.14955139160156,148.41607666015625,493.0946350097656,149.4578094482422,182.2492218017578,219.31924438476562,156.12574768066406,252.2210235595703,185.90106201171875,256.9774169921875,173.10400390625,244.30294799804688,169.2209014892578,261.0480041503906,165.41741943359375,311.6787109375,170.52081298828125,375.6488037109375,192.98353576660156,417.52850341796875,242.7713165283203,446.98602294921875,0
502,214.1387176513672,148.39039611816406,493.1053161621094,149.4654541015625,182.24595642089844,219.33201599121094,156.12335205078125,252.21792602539062,185.9135284423828,256.9626159667969,173.10272216796875,244.31021118164062,169.2324981689453,261.0483093261719,165.40927124023438,311.7219543457031,170.51759338378906,375.6471862792969,192.9472198486328,417.4854431152344,242.7573699951172,446.9450988769531,0
503,214.14572143554688,148.55026245117188,493.17230224609375,149.57574462890625,179.30918884277344,202.31471252441406,152.78009033203125,234.22198486328125,184.37574768066406,238.73199462890625,170.41566467285156,225.81544494628906,166.40623474121094,242.7938995361328,162.00828552246094,294.4931945800781,161.2590789794922,355.56072998046875,160.32225036621094,400.9287414550781,182.5965118408203,431.9732666015625,0
504,214.19007873535156,148.5499725341797,493.1688537597656,149.42599487304688,173.64013671875,196.27003479003906,148.36880493164062,228.10105895996094,180.86451721191406,233.2624969482422,166.64151000976562,220.89874267578125,162.5745086669922,236.4232177734375,159.67408752441406,287.6837158203125,162.7750701904297,350.33013916015625,161.21231079101562,400.34112548828125,183.0867462158203,435.09991455078125,0
505,214.79087829589844,148.3284912109375,493.13067626953125,149.39743041992188,167.5973663330078,169.77418518066406,140.40969848632812,201.43594360351562,169.0968780517578,206.98016357421875,157.2153778076172,193.41531372070312,152.9251708984375,210.52268981933594,155.7721710205078,258.3385925292969,173.16310119628906,323.70904541015625,171.79176330566406,370.3196105957031,180.41683959960938,408.75921630859375,0
506,214.81146240234375,148.74049377441406,493.2454528808594,149.54727172851562,168.55609130859375,160.29769897460938,136.13926696777344,192.3768768310547,168.14622497558594,199.9220733642578,154.958984375,184.5888671875,149.98501586914062,202.72047424316406,156.66531372070312,249.04124450683594,172.86087036132812,313.03515625,176.50938415527344,362.908447265625,193.02525329589844,404.8858337402344,0
507,214.9187469482422,148.70095825195312,493.0406188964844,149.75234985351562,172.2642364501953,161.2812042236328,135.15931701660156,191.82801818847656,167.8618621826172,200.62620544433594,154.874267578125,184.93353271484375,149.0850372314453,202.4199676513672,154.04983520507812,247.2936248779297,166.8828887939453,307.0663146972656,174.52252197265625,354.6121826171875,188.8964385986328,384.87939453125,1
508,214.9906463623047,148.3905792236328,493.162841796875,149.55999755859375,177.23199462890625,167.39877319335938,133.89695739746094,193.8501434326172,166.592041015625,206.68470764160156,154.94082641601562,190.52525329589844,147.03561401367188,205.87765502929688,150.2234344482422,250.04391479492188,161.55645751953125,304.72442626953125,174.18565368652344,358.10491943359375,212.59588623046875,398.69683837890625,1
509,214.9844970703125,148.42947387695312,493.1575927734375,149.55718994140625,177.2188262939453,167.43896484375,133.87750244140625,193.8693084716797,166.585693359375,206.70338439941406,154.89854431152344,190.60165405273438,147.0281524658203,205.92283630371094,150.2275390625,250.05262756347656,161.57113647460938,304.72943115234375,174.17416381835938,358.0943298339844,212.6017303466797,398.7008972167969,1
510,214.9093017578125,148.1634521484375,493.1565246582031,149.5241241455078,183.335693359375,173.0517120361328,137.42115783691406,192.51858520507812,164.45481872558594,213.46095275878906,156.95010375976562,192.7603759765625,146.32821655273438,207.15274047851562,143.1990203857422,252.21165466308594,156.24537658691406,306.9774475097656,153.1178741455078,349.9034118652344,156.2497100830078,381.9908447265625,1
511,214.91140747070312,148.10902404785156,493.1791076660156,149.5099334716797,183.3421173095703,173.05616760253906,137.42161560058594,192.51979064941406,164.4545440673828,213.46083068847656,156.94921875,192.76220703125,146.32884216308594,207.15248107910156,143.19894409179688,252.21206665039062,156.23638916015625,306.97784423828125,153.12864685058594,350.0098876953125,156.16781616210938,382.028076171875,1
512,214.8295440673828,148.010986328125,493.1205749511719,149.52601623535156,180.25486755371094,171.0210418701172,136.8376007080078,193.46240234375,164.59652709960938,213.7777099609375,156.3422088623047,193.48731994628906,146.22079467773438,207.777099609375,142.98207092285156,253.48175048828125,154.54220581054688,307.17755126953125,151.445068359375,366.8717041015625,173.79330444335938,417.48028564453125,1
513,215.02777099609375,148.07223510742188,493.1194152832031,149.57583618164062,181.33119201660156,168.53631591796875,137.5260009765625,191.4744415283203,164.69204711914062,212.79588317871094,157.26296997070312,191.4626922607422,146.30918884277344,205.91102600097656,143.16702270507812,251.6370086669922,153.9998321533203,305.5613708496094,152.89466857910156,365.5895690917969,180.4581298828125,417.0765075683594,1
514,214.89224243164062,148.28260803222656,493.0641174316406,149.60403442382812,179.13900756835938,167.57354736328125,136.16839599609375,192.73020935058594,165.3183135986328,211.96908569335938,156.6671142578125,192.01101684570312,146.54087829589844,206.23797607421875,143.4080047607422,250.77963256835938,153.62631225585938,304.4723205566406,151.33131408691406,366.4029541015625,179.37344360351562,418.64288330078125,1
515,215.3727264404297,148.39244079589844,492.99993896484375,149.64663696289062,176.34469604492188,162.60574340820312,133.82342529296875,190.04383850097656,164.79107666015625,206.82350158691406,154.16514587402344,188.27420043945312,144.5157012939453,202.92864990234375,141.279296875,247.38633728027344,149.39175415039062,300.47076416015625,141.36544799804688,346.59295654296875,140.3834686279297,380.3827819824219,1
516,215.36412048339844,148.39227294921875,493.0119323730469,149.6188201904297,176.342041015625,162.6042022705078,133.82106018066406,190.04580688476562,164.79302978515625,206.82411193847656,154.1656951904297,188.26417541503906,144.5191650390625,202.9272003173828,141.2886199951172,247.38296508789062,149.38710021972656,300.4898681640625,141.35818481445312,346.6343994140625,140.38645935058594,380.419189453125,1
517,214.8730926513672,148.5402069091797,493.01568603515625,149.486572265625,170.9739532470703,160.27862548828125,130.96307373046875,190.06881713867188,164.38658142089844,204.73306274414062,151.66184997558594,185.61276245117188,144.16482543945312,203.10472106933594,141.9371337890625,244.836181640625,151.1101837158203,298.6633605957031,142.60845947265625,352.02044677734375,157.15394592285156,415.3188781738281,1
518,214.18878173828125,148.7528533935547,493.0834655761719,149.54331970214844,157.1836700439453,160.3329620361328,126.37944030761719,195.6223602294922,162.20901489257812,205.6636199951172,146.49868774414062,189.08815002441406,141.5203857421875,205.09193420410156,145.8677978515625,245.1144256591797,159.30755615234375,293.02923583984375,157.2147674560547,339.7806396484375,157.18020629882812,376.23748779296875,0
519,214.06011962890625,149.01290893554688,493.1014099121094,149.57870483398438,145.88694763183594,160.67068481445312,122.50955963134766,202.60983276367188,157.63543701171875,203.91452026367188,141.87808227539062,191.15676879882812,139.95013427734375,209.58872985839844,147.11532592773438,247.75074768066406,161.24545288085938,294.8139343261719,163.84584045410156,360.150634765625,192.3700408935547,411.60968017578125,0
520,214.16888427734375,148.88473510742188,493.10369873046875,149.6571044921875,136.2935028076172,165.00013732910156,115.37664031982422,207.2064666748047,151.94952392578125,206.15737915039062,132.22097778320312,195.42141723632812,132.5869140625,212.2579803466797,145.70492553710938,250.9734649658203,162.194091796875,297.84271240234375,163.913330078125,361.7129821777344,191.18942260742188,415.6331481933594,0
521,214.15785217285156,148.8680877685547,493.0924987792969,149.6497039794922,136.29258728027344,165.00035095214844,115.37943267822266,207.20933532714844,151.9389190673828,206.1599884033203,132.2167510986328,195.42799377441406,132.58056640625,212.26058959960938,145.69168090820312,250.9145965576172,162.19068908691406,297.8389587402344,163.9146728515625,361.75408935546875,191.1855010986328,415.6383361816406,0
522,214.17581176757812,148.81686401367188,493.06109619140625,149.56602478027344,131.66624450683594,166.65789794921875,113.08629608154297,209.89442443847656,151.27691650390625,207.02996826171875,130.03289794921875,196.86607360839844,131.29278564453125,214.1526336669922,145.82379150390625,251.70420837402344,163.02378845214844,298.0325622558594,166.43409729003906,359.6397399902344,191.7540283203125,412.51397705078125,0
523,214.15887451171875,148.87548828125,493.1044921875,149.58702087402344,126.46136474609375,162.33737182617188,112.13166046142578,207.79135131835938,147.4017333984375,202.12673950195312,126.75873565673828,192.4684295654297,129.316650390625,211.10079956054688,145.9271697998047,250.1358642578125,162.60557556152344,296.3343811035156,167.2866973876953,360.01995849609375,196.8711395263672,412.6739196777344,0
524,214.16371154785156,148.68724060058594,493.05841064453125,149.5422821044922,127.74729919433594,155.19760131835938,113.61624145507812,199.26522827148438,147.38839721679688,193.67710876464844,128.00030517578125,184.06629943847656,129.82818603515625,202.60589599609375,144.45228576660156,244.1096954345703,161.86241149902344,295.23260498046875,165.82484436035156,358.9178771972656,193.4189910888672,411.5544738769531,0
525,214.00213623046875,148.76602172851562,493.11370849609375,149.55929565429688,123.18217468261719,139.8924560546875,111.31886291503906,179.58340454101562,140.7800750732422,173.6233367919922,124.68927001953125,165.3268585205078,126.74847412109375,182.5009765625,141.91017150878906,225.99700927734375,157.78836059570312,286.0541076660156,160.8668212890625,346.0304870605469,185.06143188476562,395.604248046875,0
526,213.99147033691406,148.75697326660156,493.1228942871094,149.5614776611328,123.18974304199219,139.88226318359375,111.35372161865234,179.60464477539062,140.76548767089844,173.64332580566406,124.63661193847656,165.24600219726562,126.7345199584961,182.4271240234375,141.6055908203125,225.81044006347656,157.80194091796875,286.0496826171875,160.87213134765625,345.9865417480469,185.0525360107422,395.5928039550781,0
527,214.20106506347656,148.5205078125,493.0252990722656,149.6494598388672,120.75379180908203,130.04147338867188,110.5727767944336,170.5298614501953,140.1229248046875,164.19039916992188,122.84916687011719,156.80613708496094,125.53549194335938,172.43206787109375,140.5950927734375,219.3240203857422,154.52870178222656,279.1259460449219,157.43115234375,336.2384948730469,178.72474670410156,381.4481506347656,0
528,214.17214965820312,148.7883758544922,493.0903625488281,149.6426544189453,115.15428924560547,114.82545471191406,105.55694580078125,149.23141479492188,135.5458984375,141.81198120117188,117.86840057373047,136.5160675048828,121.30747985839844,150.86912536621094,135.02281188964844,201.86318969726562,146.48779296875,264.7605285644531,149.20054626464844,323.2386474609375,175.44871520996094,368.8695373535156,0
529,214.2746124267578,148.50990295410156,493.0927429199219,149.52540588378906,111.2662124633789,107.1061782836914,101.57826232910156,143.47068786621094,131.75146484375,137.10304260253906,113.74396514892578,130.73765563964844,116.5802230834961,146.64495849609375,132.51962280273438,196.91429138183594,149.46514892578125,256.8397521972656,148.75485229492188,315.5678405761719,165.8723602294922,365.35284423828125,0
530,214.13299560546875,148.7749786376953,493.15411376953125,149.52334594726562,106.74637603759766,102.67784881591797,98.322998046875,139.82720947265625,127.3640365600586,132.9346160888672,110.58509063720703,127.30010223388672,112.38036346435547,142.15126037597656,131.13844299316406,191.8645477294922,151.61920166015625,248.71018981933594,154.6287841796875,297.77703857421875,156.9663543701172,336.3900146484375,0
531,214.2019500732422,148.81959533691406,493.0990905761719,149.5895538330078,100.16191101074219,99.05702209472656,95.74144744873047,140.17379760742188,125.2000503540039,128.4775848388672,106.64104461669922,124.79310607910156,110.84429931640625,139.89964294433594,129.23410034179688,189.2554931640625,150.60829162597656,247.40000915527344,152.66261291503906,300.17694091796875,157.77064514160156,341.2041320800781,0
532,214.2515411376953,148.8425750732422,492.9600830078125,149.56494140625,94.84489440917969,87.8877182006836,93.74573516845703,132.0431671142578,122.89757537841797,120.11422729492188,103.54786682128906,113.34883880615234,109.07929992675781,129.95469665527344,126.1474380493164,181.29678344726562,142.16384887695312,237.4170379638672,141.09654235839844,297.2619323730469,150.53379821777344,355.2838439941406,0
533,214.31863403320312,148.6968994140625,492.9259948730469,149.43446350097656,89.01201629638672,79.70330047607422,90.8794937133789,124.37727355957031,120.39248657226562,112.17122650146484,99.7895736694336,106.32623291015625,106.94719696044922,122.27949523925781,123.22843933105469,172.47596740722656,137.60768127441406,229.48631286621094,134.91281127929688,292.13092041015625,152.25173950195312,352.1861877441406,0
534,214.24481201171875,148.66207885742188,492.8598327636719,149.68385314941406,86.91033172607422,63.96845245361328,85.84235382080078,110.65946960449219,118.9124755859375,100.20094299316406,96.1551513671875,92.51007843017578,102.92693328857422,109.61730194091797,118.7879409790039,161.69677734375,132.8078155517578,215.0980224609375,128.18136596679688,270.7412109375,138.95570373535156,337.4277648925781,0
535,214.22691345214844,148.67051696777344,492.8599548339844,149.68472290039062,86.90184783935547,63.968658447265625,85.90132141113281,110.71699523925781,118.87264251708984,100.19621276855469,96.15391540527344,92.5137939453125,102.92045593261719,109.64110565185547,118.86286926269531,161.501220703125,132.805419921875,215.30332946777344,128.17431640625,270.742431640625,138.95603942871094,337.4275207519531,0
536,214.12034606933594,148.7552032470703,492.9415588378906,149.51950073242188,81.61417388916016,57.766231536865234,86.18616485595703,106.63298797607422,118.99398803710938,93.26744842529297,94.69853210449219,88.54497528076172,102.4781723022461,103.48066711425781,117.68827819824219,150.77188110351562,134.4845428466797,206.4958038330078,127.68846893310547,262.49407958984375,132.5578155517578,325.3988037109375,0
537,213.99256896972656,148.6485137939453,493.040771484375,149.47486877441406,77.94084167480469,65.74329376220703,84.90235137939453,107.12260437011719,114.89896392822266,92.4918212890625,92.95228576660156,88.13395690917969,101.09972381591797,104.18204498291016,119.37910461425781,146.33287048339844,133.84642028808594,197.90638732910156,129.0929412841797,239.60569763183594,121.96957397460938,280.9674987792969,0
538,214.1304168701172,148.80059814453125,493.193359375,149.38902282714844,75.58538818359375,68.24469757080078,85.55773162841797,110.30683898925781,114.56002807617188,94.79972839355469,93.0205307006836,92.51702117919922,102.30461120605469,106.49776458740234,117.99718475341797,147.87405395507812,131.36293029785156,200.3039093017578,122.10808563232422,239.30711364746094,108.15219116210938,274.6476135253906,0
539,214.2748260498047,148.71022033691406,493.1327209472656,149.36309814453125,71.91983795166016,73.33953094482422,88.78678894042969,116.03002166748047,116.24691009521484,93.4746322631836,93.2180404663086,94.96389770507812,104.98739624023438,106.80455780029297,121.24336242675781,149.74032592773438,132.476318359375,199.85826110839844,122.00051879882812,241.39480590820312,102.83425903320312,282.191650390625,0
540,214.26487731933594,148.6483917236328,493.0852966308594,149.39044189453125,69.44031524658203,73.69833374023438,88.1971206665039,116.43603515625,116.56263732910156,92.45662689208984,92.7821273803711,94.7344970703125,105.40300750732422,106.87419128417969,122.91569519042969,148.72042846679688,133.6042022705078,199.0671844482422,122.25835418701172,246.67953491210938,107.99618530273438,288.2312316894531,0
541,214.1934356689453,148.49179077148438,493.074951171875,149.44813537597656,68.01643371582031,73.26773071289062,88.2075424194336,116.8019027709961,116.32884216308594,91.6103286743164,92.27855682373047,94.16067504882812,105.3089370727539,106.8284912109375,123.13153076171875,148.1964569091797,133.859375,198.30810546875,124.89446258544922,243.00013732910156,113.95594024658203,280.3467102050781,0
542,214.2166290283203,148.454833984375,493.09136962890625,149.5348663330078,70.09251403808594,73.52819061279297,87.84922790527344,116.77729797363281,116.22947692871094,92.89714813232422,92.70957946777344,94.94699096679688,105.22169494628906,107.7075424194336,122.79837036132812,146.72335815429688,133.2808380126953,197.0014190673828,122.4076156616211,245.39602661132812,113.20054626464844,315.72015380859375,0
543,214.24148559570312,148.48611450195312,493.06494140625,149.5265655517578,69.81029510498047,73.53875732421875,87.88604736328125,116.74342346191406,115.7796630859375,92.77032470703125,92.39213562011719,94.82955932617188,105.13319396972656,107.19430541992188,122.38294219970703,146.46438598632812,133.27671813964844,197.01585388183594,122.36343383789062,245.43368530273438,113.16671752929688,315.63519287109375,0
544,214.1369171142578,148.5210418701172,493.0445556640625,149.43695068359375,67.33509826660156,75.24447631835938,88.2350845336914,117.40116119384766,115.31998443603516,94.62352752685547,92.42985534667969,96.80397033691406,104.66807556152344,109.27544403076172,122.01178741455078,147.4160614013672,133.26995849609375,196.6634063720703,122.5299072265625,242.41087341308594,110.85202026367188,317.0276184082031,0
545,214.1565399169922,148.5407257080078,493.0473327636719,149.426025390625,67.3703384399414,75.26632690429688,88.24468231201172,117.41313171386719,115.33793640136719,94.60028839111328,92.45944213867188,96.81875610351562,104.6829833984375,109.3080062866211,122.18197631835938,147.5004119873047,133.26515197753906,196.61166381835938,122.91862487792969,241.2737274169922,111.24510192871094,280.2846374511719,0
546,214.2268524169922,148.55601501464844,493.11322021484375,149.4374237060547,65.54228210449219,77.28884887695312,88.69364929199219,120.06077575683594,114.91309356689453,94.48990631103516,91.62112426757812,96.5384521484375,104.79850006103516,110.56157684326172,122.6434555053711,148.8266143798828,135.08702087402344,197.2308349609375,128.35479736328125,241.2238006591797,115.75816345214844,281.948974609375,0
547,214.34994506835938,148.515625,493.22515869140625,149.4553680419922,67.20243835449219,73.8038558959961,86.63751983642578,117.57164764404297,113.0836410522461,93.91517639160156,90.5619888305664,95.96585845947266,101.8644027709961,108.59208679199219,122.21769714355469,147.1034698486328,134.70294189453125,195.95326232910156,127.7338638305664,237.96653747558594,115.12428283691406,275.0430908203125,0
548,214.4564666748047,148.453125,493.3009338378906,149.33309936523438,69.32806396484375,76.33003234863281,87.20523071289062,119.72877502441406,114.39657592773438,95.93604278564453,91.70745849609375,97.18357849121094,102.908447265625,111.26583099365234,121.85832977294922,148.4101104736328,134.86328125,195.5486297607422,128.2523651123047,238.16287231445312,115.30978393554688,275.4238586425781,0
549,214.44869995117188,148.64678955078125,493.2649230957031,149.3976287841797,86.72171020507812,79.80480194091797,91.53999328613281,125.32121276855469,121.77058410644531,107.88545227050781,100.08369445800781,106.08148193359375,108.25399780273438,120.11063385009766,120.00090026855469,155.7598876953125,135.54177856445312,198.35687255859375,130.89483642578125,239.572509765625,118.80174255371094,278.3875427246094,0
550,214.4586181640625,148.62986755371094,493.2693786621094,149.39366149902344,86.72509002685547,79.80699157714844,91.54454040527344,125.31147766113281,121.76982879638672,107.88715362548828,100.08878326416016,106.0888900756836,108.2605972290039,120.11972045898438,120.11369323730469,155.7297821044922,135.5458984375,198.36439514160156,130.89712524414062,239.56900024414062,118.81755828857422,278.40435791015625,0
551,214.5027313232422,148.7430419921875,493.2611083984375,149.40542602539062,92.14344787597656,75.3110122680664,92.8738021850586,123.58604431152344,124.8121566772461,109.56143951416016,102.85872650146484,105.47764587402344,109.64368438720703,121.07020568847656,119.95637512207031,156.48545837402344,135.49185180664062,199.3907012939453,131.93896484375,246.5768585205078,120.24171447753906,321.6097717285156,0
552,214.38803100585938,148.846435546875,493.27398681640625,149.40943908691406,96.17251586914062,72.57905578613281,94.74215698242188,118.94821166992188,126.20331573486328,106.12017059326172,105.52216339111328,101.20213317871094,111.0321044921875,116.33375549316406,120.99664306640625,156.44773864746094,135.20465087890625,203.50343322753906,129.63961791992188,248.91307067871094,116.069091796875,286.99639892578125,0
553,214.39454650878906,148.75799560546875,493.2160949707031,149.466796875,99.11566162109375,72.31295776367188,94.71926879882812,113.0347900390625,125.18879699707031,102.77058410644531,105.97628021240234,96.6540298461914,110.27268981933594,112.01495361328125,120.20706939697266,154.46482849121094,135.70498657226562,204.5657196044922,130.70028686523438,249.13514709472656,117.6739730834961,287.9407958984375,0
554,214.54136657714844,148.68064880371094,493.1820983886719,149.46018981933594,102.89936065673828,65.85606384277344,94.49845123291016,101.3257064819336,122.98171997070312,94.52871704101562,106.60411071777344,88.0029067993164,109.88592529296875,103.77376556396484,118.97373962402344,150.55441284179688,135.2888946533203,204.28433227539062,131.5392608642578,251.89422607421875,119.92884826660156,294.3641052246094,0
555,214.55528259277344,148.68173217773438,493.18218994140625,149.4600067138672,102.9015884399414,65.85511779785156,94.50790405273438,101.3280258178711,122.99048614501953,94.5196533203125,106.60801696777344,88.02371978759766,109.86670684814453,103.769287109375,118.99315643310547,150.57723999023438,135.29055786132812,204.36814880371094,131.55776977539062,251.74905395507812,119.90138244628906,294.1340637207031,0
556,214.24781799316406,148.795166015625,493.1905517578125,149.4453125,103.3402099609375,60.16611099243164,93.34625244140625,95.80642700195312,121.1962890625,90.70039367675781,105.84468078613281,83.0246810913086,108.08891296386719,99.17157745361328,118.64208221435547,146.85546875,133.3115692138672,203.16346740722656,128.61888122558594,241.1338653564453,120.7385482788086,274.7097473144531,0
557,214.0773162841797,148.29922485351562,493.2002868652344,149.4895782470703,103.73027801513672,49.827392578125,89.85090637207031,83.06568145751953,119.2825927734375,79.4778060913086,104.67718505859375,72.0454330444336,105.94710540771484,87.17762756347656,114.94605255126953,137.0329132080078,129.42279052734375,195.7181396484375,119.77500915527344,237.38406372070312,104.07310485839844,272.66168212890625,0
558,214.14312744140625,148.49868774414062,493.03179931640625,149.5327911376953,108.15805053710938,47.232818603515625,90.88584899902344,77.1468276977539,120.58274841308594,76.53675079345703,106.16815948486328,67.50631713867188,106.15216827392578,84.16765594482422,113.07688903808594,133.5149383544922,127.00833129882812,191.7727813720703,120.12349700927734,229.77359008789062,102.71258544921875,261.95916748046875,0
559,214.32180786132812,148.46148681640625,493.2054748535156,149.59092712402344,118.42340850830078,47.37696838378906,93.64789581298828,71.72056579589844,123.5875244140625,74.07429504394531,110.23184204101562,63.1707763671875,106.95447540283203,78.01972198486328,109.13809967041016,126.73282623291016,123.18417358398438,187.7322540283203,112.26177978515625,222.1434783935547,91.73648834228516,252.88839721679688,0
560,214.32733154296875,148.46165466308594,493.2052307128906,149.59112548828125,118.42900848388672,47.38554000854492,93.64288330078125,71.71844482421875,123.58824920654297,74.07279968261719,110.22852325439453,63.18445587158203,106.952880859375,78.0201416015625,109.01249694824219,126.564453125,123.19718933105469,187.73704528808594,112.25511169433594,222.1332244873047,91.74298095703125,252.89816284179688,0
561,214.1729278564453,148.38059997558594,493.39068603515625,149.566162109375,124.7840347290039,45.889808654785156,95.072021484375,70.0215835571289,126.69912719726562,74.69683837890625,112.4984130859375,64.31209564208984,109.34137725830078,78.20095825195312,108.72222137451172,124.5722427368164,122.08888244628906,185.16197204589844,109.31776428222656,222.80613708496094,88.62114715576172,251.4982452392578,0
562,214.1754608154297,148.27041625976562,493.238037109375,149.50302124023438,131.39401245117188,42.26826095581055,102.90675354003906,69.09468078613281,133.3268280029297,75.52796936035156,120.6585464477539,63.183448791503906,116.02926635742188,77.72525787353516,110.34578704833984,123.1241455078125,116.93568420410156,183.08859252929688,94.88783264160156,224.2667999267578,74.1712646484375,252.35617065429688,0
563,214.11175537109375,148.32876586914062,493.2418212890625,149.4803924560547,137.09039306640625,41.51551055908203,104.52882385253906,67.84501647949219,136.26182556152344,75.87074279785156,123.86188507080078,62.784908294677734,117.60846710205078,76.74288940429688,110.35010528564453,122.17874145507812,115.77786254882812,182.10501098632812,92.70686340332031,223.1492462158203,65.64073944091797,261.7668151855469,0
564,214.26144409179688,148.32969665527344,493.3218688964844,149.52049255371094,141.86428833007812,41.738059997558594,107.88873291015625,66.99947357177734,140.1869354248047,76.33438110351562,127.14385223388672,63.08429718017578,120.16983795166016,76.11862182617188,111.00680541992188,120.7972412109375,113.47477722167969,180.56991577148438,90.18790435791016,223.96450805664062,65.1741943359375,261.4894104003906,0
565,214.29283142089844,148.36758422851562,493.32403564453125,149.50985717773438,141.8363037109375,41.7500114440918,107.89311981201172,67.00037384033203,140.1946258544922,76.34205627441406,127.14320373535156,63.08423614501953,120.17684936523438,76.11853790283203,111.00764465332031,120.79656219482422,113.47085571289062,180.57122802734375,90.1776123046875,223.96250915527344,65.18511962890625,261.45550537109375,0
566,214.2515411376953,148.2310791015625,493.2983093261719,149.44264221191406,147.16957092285156,41.7071418762207,113.6235580444336,68.09320831298828,144.97369384765625,78.90691375732422,133.53785705566406,63.84492874145508,127.01519012451172,77.77473449707031,115.00726318359375,119.613525390625,109.66341400146484,176.13963317871094,88.06356048583984,213.27105712890625,64.73519134521484,240.48117065429688,0
567,214.110595703125,148.09201049804688,493.38031005859375,149.5034942626953,151.0684814453125,41.94231414794922,115.35061645507812,71.08625793457031,147.12173461914062,85.76114654541016,135.69261169433594,67.05663299560547,127.07051849365234,82.9514389038086,113.65615844726562,117.8378677368164,101.80379486083984,173.4152069091797,83.63307189941406,210.21197509765625,67.80416107177734,236.90049743652344,0
568,214.32257080078125,148.0486602783203,493.3514404296875,149.4832305908203,153.2576446533203,47.17668914794922,115.25659942626953,72.0849609375,145.40261840820312,87.86351776123047,135.337646484375,71.46195220947266,125.95945739746094,85.1907958984375,109.23228454589844,117.84732818603516,98.46434783935547,171.15634155273438,79.04922485351562,202.19725036621094,57.64584732055664,232.53948974609375,0
569,214.20245361328125,148.1844482421875,493.34307861328125,149.44219970703125,164.98867797851562,69.0270767211914,124.14376831054688,72.8048324584961,147.46493530273438,97.36773681640625,141.06704711914062,78.76372528076172,128.34762573242188,88.92425537109375,108.89360809326172,118.78423309326172,98.84015655517578,173.6165008544922,82.48225402832031,203.75413513183594,71.63198852539062,229.46734619140625,0
570,214.23777770996094,148.20045471191406,493.33428955078125,149.41549682617188,164.96205139160156,69.02417755126953,124.13050842285156,72.84883880615234,147.4131622314453,97.39254760742188,141.0410614013672,78.82246398925781,128.31338500976562,88.96807861328125,108.72895812988281,118.85107421875,98.86962127685547,173.6078643798828,82.45716094970703,203.78770446777344,71.63436126708984,229.47296142578125,0
571,214.23992919921875,148.3594207763672,493.27618408203125,149.53091430664062,167.79124450683594,72.42800903320312,129.0038299560547,74.01994323730469,150.80767822265625,98.47696685791016,145.68038940429688,80.89778900146484,132.2537078857422,89.80652618408203,110.19225311279297,118.5579833984375,99.50883483886719,175.30238342285156,82.840576171875,210.87791442871094,84.38703155517578,243.7960662841797,0
572,214.12762451171875,148.36422729492188,493.2821350097656,149.39585876464844,178.3722686767578,73.57887268066406,142.580078125,71.32194519042969,159.67694091796875,98.46837615966797,156.95816040039062,79.3560562133789,141.97412109375,87.40875244140625,113.9241943359375,115.20526885986328,99.67904663085938,172.77320861816406,81.57540893554688,213.2222442626953,87.39749145507812,252.5717315673828,0
573,214.21212768554688,148.31703186035156,493.3498229980469,149.5386199951172,183.32447814941406,74.4679183959961,149.89691162109375,68.52899169921875,163.62034606933594,97.4188461303711,160.5128173828125,79.20133209228516,148.07809448242188,84.71577453613281,116.60777282714844,111.90829467773438,98.12261962890625,168.99688720703125,77.06204223632812,208.64364624023438,78.50971221923828,243.20091247558594,0
574,214.3336639404297,148.135009765625,493.39544677734375,149.486083984375,196.2445831298828,74.09198760986328,161.19107055664062,63.67449951171875,170.2877655029297,93.70799255371094,171.6163787841797,73.49999237060547,157.00607299804688,78.08285522460938,119.81173706054688,104.40864562988281,94.5834732055664,159.64332580566406,73.90994262695312,191.5529327392578,73.12823486328125,225.66900634765625,0
575,214.37680053710938,148.1212615966797,493.4190368652344,149.4999237060547,196.2393341064453,74.09136962890625,161.22097778320312,63.703125,170.350341796875,93.73999786376953,171.6289520263672,73.49446105957031,157.06260681152344,78.06076049804688,120.00748443603516,104.23765563964844,94.68023681640625,159.6248779296875,73.91471862792969,191.57315063476562,73.21292114257812,225.83349609375,0
576,214.27122497558594,148.25148010253906,493.36669921875,149.5003662109375,202.2910614013672,71.51710510253906,169.23965454101562,61.54204177856445,176.66249084472656,91.96012878417969,178.84552001953125,73.21109008789062,164.28257751464844,76.31356048583984,121.99449157714844,100.36051940917969,93.78331756591797,152.43728637695312,72.83187866210938,182.78436279296875,68.28762817382812,216.30218505859375,0
577,214.30845642089844,148.24832153320312,493.30023193359375,149.55526733398438,202.28231811523438,71.50912475585938,169.22703552246094,61.613525390625,176.65773010253906,91.96150207519531,178.905517578125,73.21923828125,164.3041229248047,76.30195617675781,121.05018615722656,99.60467529296875,93.87423706054688,152.35316467285156,73.00386047363281,182.6041259765625,67.18106842041016,214.89356994628906,0
578,214.25343322753906,148.24124145507812,493.23291015625,149.603759765625,215.21925354003906,73.72017669677734,180.86228942871094,59.542816162109375,186.0699462890625,90.71369171142578,189.72586059570312,71.5583724975586,175.2433319091797,74.39012145996094,131.08009338378906,96.07315063476562,98.05018615722656,141.45152282714844,80.8104248046875,165.4705352783203,67.67801666259766,184.16583251953125,0
579,214.34642028808594,148.26022338867188,493.1733093261719,149.6087188720703,217.04554748535156,76.95105743408203,183.1162567138672,58.58245086669922,186.37713623046875,90.14063262939453,191.9152374267578,72.02592468261719,176.9539031982422,74.656982421875,135.16952514648438,94.6126480102539,98.17915344238281,137.257080078125,80.2584228515625,166.4564666748047,84.36729431152344,195.81646728515625,0
580,214.0119171142578,148.41746520996094,493.1259765625,149.28045654296875,214.66094970703125,100.19392395019531,190.22940063476562,61.542686462402344,179.766357421875,89.4792709350586,192.26919555664062,77.59542083740234,177.66363525390625,73.4207534790039,135.2462158203125,83.5530014038086,95.44744873046875,120.84854888916016,74.2475357055664,148.25743103027344,85.78852081298828,178.86524963378906,0
581,214.1156768798828,148.4596405029297,493.10321044921875,149.15379333496094,211.0799560546875,103.89373016357422,189.40191650390625,62.9701042175293,174.03163146972656,89.60279846191406,190.65582275390625,78.7730712890625,174.9469757080078,72.37689971923828,131.9998016357422,80.03917694091797,94.99175262451172,119.22917938232422,76.28800964355469,138.0159912109375,67.99974060058594,161.0953826904297,1
582,213.8791961669922,148.45889282226562,493.1591796875,149.25201416015625,210.78343200683594,106.61808776855469,191.56094360351562,62.956390380859375,173.05703735351562,90.4009780883789,189.13070678710938,81.29296875,175.3964385986328,73.35382843017578,129.39976501464844,78.10711669921875,94.28746032714844,118.56302642822266,75.86270141601562,136.40003967285156,66.4555435180664,154.95802307128906,1
583,213.84617614746094,148.51742553710938,493.0892639160156,149.3094024658203,213.0880584716797,106.7868423461914,192.25225830078125,64.70121765136719,174.54656982421875,90.90996551513672,190.32809448242188,82.30448913574219,175.97625732421875,74.26991271972656,130.10047912597656,76.53580474853516,94.05767059326172,117.01808166503906,74.16181182861328,134.93612670898438,60.23584747314453,143.1119384765625,1
584,213.8349151611328,148.4210662841797,493.0753479003906,149.22067260742188,216.53973388671875,102.6716079711914,195.14537048339844,63.418312072753906,178.7278289794922,90.81990051269531,194.2498779296875,81.63182830810547,179.93382263183594,74.070068359375,132.64190673828125,75.12217712402344,90.92414093017578,113.33209991455078,70.21283721923828,127.47544860839844,47.02671432495117,129.50418090820312,1
585,214.38034057617188,148.63148498535156,493.0377197265625,149.2288818359375,219.30641174316406,87.59856414794922,190.31170654296875,62.26815414428711,182.90879821777344,92.2730712890625,195.11376953125,76.20934295654297,180.9785614013672,73.8658447265625,133.7710418701172,75.0775146484375,93.02953338623047,112.81733703613281,71.5114974975586,126.80840301513672,63.77627944946289,128.93316650390625,0
586,214.36221313476562,148.6123809814453,493.04864501953125,149.29534912109375,219.3132781982422,87.61734008789062,190.34786987304688,62.22386169433594,182.8973388671875,92.27798461914062,195.1186065673828,76.2292251586914,180.9705352783203,73.85658264160156,133.76953125,75.05941772460938,93.01618194580078,112.82158660888672,71.42671966552734,126.82324981689453,63.69675064086914,128.94287109375,0
587,214.4424285888672,148.28099060058594,493.0538330078125,149.38157653808594,222.44696044921875,74.13098907470703,192.83950805664062,54.76784133911133,191.1001434326172,87.61724853515625,199.45408630371094,68.77605438232422,184.33526611328125,68.46895599365234,136.1478271484375,74.587890625,93.65515899658203,112.89165496826172,70.42438507080078,125.81037139892578,77.54621887207031,130.63145446777344,0
588,214.4342041015625,148.1797332763672,493.0999450683594,149.26708984375,233.3795623779297,69.34124755859375,201.7602081298828,50.282310485839844,200.50038146972656,82.24051666259766,208.58956909179688,63.46792984008789,192.5233917236328,64.61446380615234,142.46022033691406,73.69332122802734,98.46994018554688,107.06808471679688,86.28369140625,117.99022674560547,77.98338317871094,126.73324584960938,0
589,214.25022888183594,148.1046600341797,493.19287109375,149.3064422607422,248.77157592773438,67.75374603271484,215.95655822753906,50.78312683105469,217.87623596191406,83.2251205444336,223.93516540527344,63.64945983886719,207.24972534179688,65.71028900146484,152.45057678222656,73.0859603881836,102.01685333251953,95.3896484375,85.13160705566406,119.69954681396484,107.66936492919922,145.20974731445312,0
590,214.25018310546875,148.10926818847656,493.18048095703125,149.27899169921875,248.80479431152344,67.74687194824219,216.03506469726562,50.75148391723633,218.0330352783203,83.35311889648438,224.08230590820312,63.623966217041016,207.46685791015625,65.78834533691406,152.715576171875,73.03715515136719,102.002685546875,95.3895263671875,85.13516235351562,119.68980407714844,107.6690902709961,145.2086944580078,0
591,214.36224365234375,148.1515350341797,493.1604309082031,149.2726287841797,258.7188415527344,68.15191650390625,223.1414031982422,51.120365142822266,226.09217834472656,82.49162292480469,232.5350341796875,63.753211975097656,217.3756561279297,65.31962585449219,163.11912536621094,69.63607788085938,105.58248901367188,87.5483169555664,86.42440032958984,116.61974334716797,114.80809020996094,151.9265899658203,0
592,214.40969848632812,148.1246795654297,493.1027526855469,149.3105926513672,258.9365539550781,68.09019470214844,223.29495239257812,51.1106071472168,226.25990295410156,82.38243103027344,232.693603515625,63.722660064697266,217.53138732910156,65.25531005859375,163.12872314453125,69.62913513183594,105.58831787109375,87.54528045654297,86.413818359375,116.55935668945312,114.75365447998047,151.84024047851562,0
593,214.29632568359375,148.068115234375,493.09722900390625,149.27833557128906,281.7242736816406,73.30884552001953,249.48265075683594,58.865482330322266,248.5321044921875,89.44648742675781,257.5566711425781,71.54027557373047,241.81776428222656,71.61945343017578,184.4887237548828,65.07254791259766,122.7879409790039,78.87171936035156,91.5334243774414,101.76545715332031,92.42369842529297,132.70384216308594,0
594,214.28106689453125,147.8409423828125,493.1735534667969,149.29638671875,294.5442810058594,78.32666015625,263.96044921875,62.887351989746094,261.75421142578125,93.20030212402344,270.1187744140625,74.86773681640625,255.36363220214844,74.19105529785156,196.66795349121094,66.517578125,133.08050537109375,79.32486724853516,92.62043762207031,111.85600280761719,95.43663787841797,158.0880126953125,0
595,214.81472778320312,148.05548095703125,493.1785583496094,149.41294860839844,327.9406433105469,85.9798583984375,297.29449462890625,71.88111114501953,295.6006774902344,104.34632873535156,303.5735168457031,85.29328155517578,287.5151672363281,85.08380889892578,229.88400268554688,74.87650299072266,166.87890625,83.3066635131836,121.81871795654297,89.20296478271484,88.48131561279297,119.79283142089844,0
596,214.81439208984375,148.0491943359375,493.2325744628906,149.38121032714844,327.93084716796875,85.98348999023438,297.43548583984375,71.92237854003906,295.60198974609375,104.31102752685547,303.62408447265625,85.35527801513672,287.5215148925781,85.1694107055664,229.61886596679688,74.86372375488281,166.97462463378906,83.341552734375,121.8389892578125,89.19291687011719,88.48040008544922,119.79283905029297,0
597,214.58078002929688,147.95278930664062,493.0530090332031,149.5363006591797,340.51708984375,87.09552764892578,308.0235595703125,73.54944610595703,308.2074279785156,105.12699127197266,314.7120666503906,86.04171752929688,299.4529724121094,86.88872528076172,240.11181640625,76.01879119873047,176.41322326660156,76.96259307861328,129.05479431152344,80.0470199584961,94.62873840332031,113.44778442382812,0
598,214.9396209716797,148.3244171142578,493.07745361328125,149.3071746826172,363.5030822753906,84.55227661132812,332.39019775390625,72.42538452148438,331.75390625,103.26593017578125,340.32110595703125,84.35443115234375,323.8377380371094,84.96511840820312,262.16827392578125,74.67223358154297,202.19097900390625,70.88878631591797,153.08116149902344,71.96973419189453,115.73754119873047,103.28649139404297,0
599,214.56829833984375,148.41494750976562,493.13201904296875,149.30601501464844,374.3945007324219,84.4266586303711,343.55877685546875,71.56976318359375,344.55621337890625,102.11065673828125,349.8965148925781,83.91259765625,334.87176513671875,84.55917358398438,276.6139221191406,74.69331359863281,216.0071258544922,68.53328704833984,163.25244140625,72.36154174804688,121.50359344482422,110.48719787597656,0
600,214.42776489257812,148.30442810058594,493.0299072265625,149.46273803710938,387.0600280761719,86.09526824951172,355.2109680175781,70.75847625732422,355.275634765625,101.92118835449219,361.04254150390625,83.31160736083984,345.8986511230469,83.68306732177734,286.687255859375,73.85531616210938,225.3995361328125,68.65389251708984,168.55990600585938,71.14198303222656,130.81329345703125,115.71864318847656,0
601,214.4744873046875,148.25308227539062,493.0286865234375,149.4330291748047,387.05621337890625,86.09895324707031,355.2132873535156,70.77906036376953,355.1713562011719,101.87088775634766,361.007568359375,83.31361389160156,345.8940124511719,83.67015838623047,286.7226867675781,73.86997985839844,225.4324188232422,68.66857147216797,168.6211700439453,71.15878295898438,130.80209350585938,115.72553253173828,0
602,214.46763610839844,148.19140625,492.950927734375,149.44212341308594,396.4484558105469,87.24909210205078,367.9308166503906,70.94313049316406,364.3503112792969,102.8475570678711,373.7430114746094,83.92211151123047,358.1781921386719,83.09405517578125,297.2391662597656,76.58277130126953,232.0643310546875,74.6318359375,176.0405731201172,75.19747924804688,131.1902618408203,121.28304290771484,0
603,214.50743103027344,149.19680786132812,493.1205139160156,149.3537139892578,412.3872985839844,95.19688415527344,385.5184326171875,72.3619155883789,379.0035705566406,104.452880859375,389.96533203125,86.94523620605469,374.7579345703125,84.22210693359375,316.7010192871094,81.23558807373047,256.7841796875,86.02254486083984,200.0010223388672,94.90544891357422,153.27206420898438,132.44265747070312,0
604,214.38265991210938,148.96923828125,493.05078125,149.35174560546875,410.3675231933594,98.53031158447266,386.8990478515625,73.92485809326172,377.7490234375,105.33039855957031,389.3543701171875,89.2763671875,374.48388671875,84.72049713134766,317.4705810546875,80.27648162841797,259.6950988769531,85.30364990234375,202.89871215820312,92.44064331054688,156.81884765625,127.85508728027344,0
605,214.45645141601562,148.6820831298828,493.0439758300781,149.46266174316406,406.7649841308594,103.37872314453125,389.5663146972656,78.47991943359375,379.2271728515625,107.19586181640625,389.72589111328125,92.43461608886719,375.0126953125,86.95565032958984,320.0469665527344,80.06787872314453,261.6666259765625,85.34890747070312,206.82672119140625,88.30424499511719,154.9235382080078,118.66912078857422,0
606,214.46226501464844,148.67811584472656,493.04248046875,149.46241760253906,406.6493835449219,103.5133056640625,389.59332275390625,78.47238159179688,379.2066650390625,107.17927551269531,389.7469787597656,92.52565002441406,375.05560302734375,86.99214172363281,320.0829772949219,80.09121704101562,261.6620788574219,85.3454360961914,206.81576538085938,88.30908203125,154.92880249023438,118.68060302734375,0
607,214.28738403320312,148.76390075683594,493.0317687988281,149.4441680908203,404.8658142089844,100.00463104248047,388.5483703613281,78.49344635009766,379.4647521972656,107.67872619628906,388.81719970703125,92.22937774658203,374.76678466796875,87.30271911621094,322.0193786621094,80.6312484741211,263.3300476074219,86.44754028320312,208.10552978515625,89.1792984008789,155.1134796142578,119.30298614501953,0
608,214.30911254882812,148.79127502441406,492.9851379394531,149.43902587890625,395.0699462890625,101.16749572753906,389.00311279296875,78.05751037597656,375.7171630859375,105.94120025634766,384.6112976074219,91.02842712402344,374.0617370605469,86.31217956542969,323.93017578125,81.382080078125,265.4503173828125,86.19306945800781,212.41468811035156,88.04237365722656,157.3575439453125,118.2015151977539,0
609,214.2641143798828,148.55918884277344,493.0089111328125,149.38247680664062,395.68878173828125,104.70692443847656,388.53778076171875,79.12858581542969,375.2225036621094,106.66036987304688,383.7129821777344,92.17896270751953,372.9695129394531,86.80482482910156,323.68475341796875,80.92582702636719,265.7746276855469,86.56512451171875,211.79327392578125,89.06761932373047,158.99424743652344,119.74040985107422,0
610,214.40235900878906,148.74270629882812,493.1105651855469,149.46726989746094,392.9329528808594,104.57811737060547,390.362548828125,80.99943542480469,374.2178955078125,107.67317199707031,383.0278625488281,93.50630950927734,373.2428894042969,87.62348937988281,324.6734619140625,81.7401123046875,266.5299072265625,85.86161041259766,212.04525756835938,88.56185150146484,161.04220581054688,120.40152740478516,0
611,214.0719451904297,148.5405731201172,493.0243835449219,149.53201293945312,391.8328552246094,102.96023559570312,390.2744445800781,82.75570678710938,373.4449462890625,108.62554168701172,384.06280517578125,94.76934051513672,373.48870849609375,88.59275817871094,326.0801086425781,80.79597473144531,267.0828552246094,83.49459838867188,216.2676544189453,82.64500427246094,167.23886108398438,111.45321655273438,0
612,214.39712524414062,148.5432586669922,493.0419921875,149.5829315185547,387.62225341796875,97.68474578857422,384.85028076171875,78.69810485839844,368.8782043457031,105.68354797363281,379.38580322265625,90.87152862548828,369.1830139160156,84.441650390625,322.1441345214844,75.31439971923828,265.41064453125,77.4524917602539,216.89964294433594,71.7947769165039,156.77818298339844,89.24768829345703,0
613,214.30197143554688,148.67701721191406,492.9908447265625,149.67938232421875,385.7647399902344,96.11328887939453,384.4766845703125,77.8652572631836,368.3560791015625,104.22303771972656,378.38720703125,89.85782623291016,368.30792236328125,83.45510864257812,321.2287902832031,74.43391418457031,265.49542236328125,78.68842315673828,221.0773162841797,76.36115264892578,165.1679229736328,95.95291137695312,0
614,214.3820037841797,148.6654510498047,493.010986328125,149.65380859375,386.5158386230469,101.00605773925781,384.3780212402344,78.45948028564453,368.0289306640625,104.94456481933594,378.40185546875,90.51239776611328,368.34027099609375,84.13668060302734,321.1441955566406,75.12715911865234,265.49884033203125,79.41565704345703,214.4871826171875,81.09099578857422,164.06704711914062,108.9591293334961,0
615,214.35569763183594,148.6598663330078,493.0150451660156,149.6195831298828,386.5090026855469,101.0261001586914,384.3875732421875,78.45703125,368.02685546875,104.94593048095703,378.4433288574219,90.57476806640625,368.4488220214844,84.16461944580078,321.2048034667969,75.07462310791016,265.5141906738281,79.4135513305664,214.484375,81.080810546875,164.07049560546875,108.95231628417969,0
616,214.36721801757812,148.49290466308594,493.0129699707031,149.54656982421875,386.9443664550781,102.59527587890625,386.40069580078125,78.72732543945312,367.806884765625,105.12942504882812,379.4543151855469,91.7828369140625,369.4187927246094,85.004150390625,321.9247131347656,74.86781311035156,266.0332946777344,78.89063262939453,217.02598571777344,78.36820220947266,167.36053466796875,103.09861755371094,0
617,214.27354431152344,148.65794372558594,492.9416809082031,149.510009765625,385.51568603515625,99.01903533935547,384.3971862792969,79.45516204833984,368.0379638671875,105.79755401611328,379.02362060546875,91.7315902709961,369.1290588378906,84.8960952758789,323.1948547363281,74.86534881591797,266.7906188964844,78.42529296875,217.36656188964844,76.0761489868164,166.09703063964844,101.47687530517578,0
618,214.2530059814453,148.56329345703125,492.9375305175781,149.57916259765625,384.8770751953125,99.01309967041016,384.0780029296875,79.54067993164062,367.0028991699219,106.41888427734375,378.4158935546875,91.933837890625,368.33349609375,85.01199340820312,322.68548583984375,74.00466918945312,266.314697265625,79.0766372680664,216.51580810546875,77.97053527832031,167.89190673828125,103.27458190917969,0
619,214.3562774658203,148.55628967285156,492.9608154296875,149.52230834960938,384.83087158203125,100.45870971679688,382.97247314453125,78.95968627929688,366.00799560546875,106.14942932128906,376.3511657714844,91.26289367675781,366.5693664550781,84.8954086303711,321.9305725097656,74.88130187988281,266.0289611816406,79.32943725585938,216.770751953125,79.86595916748047,166.9298858642578,105.70446014404297,0
620,214.35643005371094,148.55641174316406,492.9775695800781,149.59327697753906,384.83221435546875,100.46134948730469,382.9107666015625,78.966796875,366.0006103515625,106.14945220947266,376.2881164550781,91.22624206542969,366.4112243652344,84.89604187011719,321.8277587890625,74.87532043457031,266.0380859375,79.32431030273438,216.79310607910156,79.84931182861328,166.93130493164062,105.7041015625,0
621,214.23806762695312,148.29762268066406,493.0705261230469,149.55490112304688,381.600830078125,97.3333969116211,381.57080078125,77.25846099853516,365.0927429199219,105.64431762695312,374.74267578125,89.94615936279297,365.1676025390625,83.82140350341797,321.2782287597656,75.64669799804688,265.1259460449219,79.87004089355469,216.18458557128906,79.77609252929688,168.6826629638672,104.81878662109375,0
622,214.18408203125,148.60768127441406,493.1897888183594,149.4956817626953,380.36572265625,101.25853729248047,377.7850646972656,78.10185241699219,361.9302062988281,104.41880798339844,372.5629577636719,90.80168914794922,362.1426086425781,84.74223327636719,318.24212646484375,76.24478149414062,263.9769287109375,83.24469757080078,219.35275268554688,84.60871887207031,171.51312255859375,115.73672485351562,0
623,214.14649963378906,148.50355529785156,493.20135498046875,149.4535675048828,383.46685791015625,102.75335693359375,377.50933837890625,77.98028564453125,362.9200134277344,106.85824584960938,373.61785888671875,91.57679748535156,362.4423522949219,85.89767456054688,317.912841796875,76.17073059082031,263.5638122558594,82.97210693359375,218.6216278076172,83.86445617675781,171.5725860595703,114.22130584716797,0
624,214.2627410888672,148.1472625732422,493.1621398925781,149.54373168945312,384.4216613769531,103.51061248779297,377.2716979980469,78.25595092773438,363.72344970703125,107.28001403808594,374.5656433105469,92.26568603515625,363.17767333984375,86.39244079589844,317.8359375,76.16695404052734,263.473388671875,82.85031127929688,221.16050720214844,83.31497955322266,176.6522979736328,110.94839477539062,0
625,214.29437255859375,148.14993286132812,493.13067626953125,149.55557250976562,384.4527282714844,103.51115417480469,377.4228820800781,78.12776184082031,363.8480529785156,107.41851806640625,374.4449157714844,92.14252471923828,362.95330810546875,86.3333511352539,317.69476318359375,76.1018295288086,263.4996337890625,82.89149475097656,221.22789001464844,83.34000396728516,176.65164184570312,110.93626403808594,0
626,214.2402801513672,148.09506225585938,493.11297607421875,149.5214385986328,383.5680847167969,102.66849517822266,377.08380126953125,78.49566650390625,363.3442687988281,107.52494812011719,374.15142822265625,92.4231948852539,362.83038330078125,86.62720489501953,317.78436279296875,76.1333999633789,263.4188537597656,81.9650650024414,219.2935791015625,82.11186218261719,175.9707489013672,108.61336517333984,0
627,214.1824493408203,148.13494873046875,493.166015625,149.60653686523438,382.4899597167969,100.56461334228516,375.2476501464844,77.45939636230469,363.1962585449219,106.40896606445312,373.0929260253906,91.89265441894531,361.3834228515625,86.53892517089844,317.5113830566406,77.35678100585938,263.80712890625,82.373046875,218.75445556640625,81.90475463867188,174.3184814453125,107.92990112304688,0
628,214.1877899169922,148.20916748046875,493.10205078125,149.40554809570312,384.47503662109375,102.28697204589844,372.1067810058594,76.1711654663086,361.5680847167969,106.23458099365234,371.294921875,90.78450775146484,360.30255126953125,86.11569213867188,314.9876403808594,76.65921783447266,263.2545166015625,82.52590942382812,217.11306762695312,82.63548278808594,171.3055877685547,109.43341064453125,0
629,214.25440979003906,148.5355224609375,493.1357727050781,149.53176879882812,381.14532470703125,101.62271881103516,371.52850341796875,76.94257354736328,360.4380187988281,106.05876159667969,369.41253662109375,91.2155532836914,359.66668701171875,86.52869415283203,314.82403564453125,77.5646743774414,262.2123107910156,82.01142120361328,215.82257080078125,82.29723358154297,167.9002227783203,109.55680084228516,0
630,214.24444580078125,148.52862548828125,493.1353759765625,149.53079223632812,381.1439514160156,101.58573150634766,371.4899597167969,76.87242889404297,360.4220275878906,106.0595932006836,369.3102111816406,91.13916015625,359.5191650390625,86.43108367919922,314.6904602050781,77.47015380859375,262.216064453125,81.98439025878906,215.81846618652344,82.2999496459961,167.90164184570312,109.55093383789062,0
631,214.22946166992188,148.31289672851562,493.0596618652344,149.4802703857422,377.0446472167969,101.62369537353516,372.91387939453125,77.0103988647461,360.2377624511719,106.6660385131836,368.4320983886719,91.08203125,360.1826171875,85.75254821777344,315.32763671875,77.07638549804688,262.4066467285156,82.01510620117188,216.09841918945312,82.14246368408203,168.9707489013672,108.26866912841797,0
632,214.27005004882812,148.44642639160156,493.1049499511719,149.47544860839844,376.17425537109375,101.91545104980469,372.8851013183594,77.16023254394531,359.5830078125,106.28426361083984,367.8011779785156,91.03654479980469,360.0496520996094,85.43807983398438,315.4029235839844,76.62056732177734,262.2062683105469,82.10223388671875,215.80703735351562,82.8310546875,168.66903686523438,109.4833755493164,0
633,214.18165588378906,148.41921997070312,493.1315002441406,149.5894317626953,375.6582946777344,100.43944549560547,372.7430725097656,76.88246154785156,359.60369873046875,105.80006408691406,368.0881652832031,90.69127655029297,360.4062805175781,85.19290161132812,315.7954406738281,76.80638885498047,262.454833984375,81.82392120361328,216.09046936035156,81.731201171875,169.65606689453125,108.36276245117188,0
634,214.2010955810547,148.34918212890625,493.0834045410156,149.59889221191406,377.8203125,99.36058044433594,371.2515869140625,75.00096893310547,360.03741455078125,105.5121078491211,367.4698791503906,88.94852447509766,358.6824951171875,84.48606872558594,314.3907775878906,75.65123748779297,262.3753356933594,81.45623779296875,216.65933227539062,82.93600463867188,170.1167755126953,108.96292114257812,0
635,214.20767211914062,148.34544372558594,493.10699462890625,149.596923828125,377.82305908203125,99.3237533569336,371.2341003417969,74.99546813964844,360.0881652832031,105.52330780029297,367.4573669433594,88.95349884033203,358.6457824707031,84.49885559082031,314.38262939453125,75.6706771850586,262.3782043457031,81.46714782714844,216.65695190429688,82.91537475585938,170.10597229003906,108.95628356933594,0
636,214.26885986328125,148.60610961914062,493.1828308105469,149.58644104003906,376.8995666503906,99.02053833007812,371.01177978515625,75.2819595336914,359.24835205078125,105.595947265625,366.5447082519531,88.81904602050781,358.1759948730469,84.3485336303711,314.1261901855469,75.65499114990234,262.41595458984375,81.41096496582031,216.2240447998047,81.48550415039062,169.9669952392578,107.66133117675781,0
637,214.25860595703125,148.35940551757812,493.1026611328125,149.56582641601562,375.5819091796875,92.23883819580078,371.9844665527344,75.27922821044922,359.7082214355469,105.27772521972656,367.39532470703125,88.8726806640625,358.8799743652344,83.68013000488281,314.9551696777344,75.69989013671875,262.26904296875,81.8675308227539,217.31190490722656,82.43421173095703,171.71197509765625,109.10377502441406,0
638,214.3079071044922,148.4019775390625,493.2555236816406,149.52938842773438,375.5667724609375,91.54045104980469,371.7130432128906,74.55094909667969,359.7993469238281,104.7127914428711,367.5072021484375,89.62564849853516,358.6126708984375,83.35971069335938,314.5513610839844,75.49097442626953,262.1030578613281,81.8959732055664,217.41006469726562,83.21784210205078,173.31666564941406,111.21353149414062,0
639,214.18600463867188,148.36154174804688,493.3619079589844,149.55206298828125,377.0699157714844,97.5400390625,374.0083923339844,75.85706329345703,360.0655212402344,104.98336791992188,369.5945129394531,89.90135955810547,361.2112731933594,84.52822875976562,316.23321533203125,75.3709716796875,262.55718994140625,81.13610076904297,217.9818115234375,81.50102233886719,174.90777587890625,108.3372573852539,0
640,214.1678009033203,148.37582397460938,493.36273193359375,149.55099487304688,377.167236328125,97.4734115600586,374.09332275390625,75.79254913330078,360.1849060058594,105.02428436279297,369.65606689453125,89.95851135253906,361.2062072753906,84.58084106445312,316.1246032714844,75.2547836303711,262.57965087890625,81.13177490234375,217.97996520996094,81.503662109375,174.90798950195312,108.33295440673828,0
641,214.01976013183594,148.21165466308594,493.16107177734375,149.6864471435547,375.8719482421875,98.5301284790039,373.13836669921875,76.639404296875,358.96368408203125,105.53662109375,368.8086853027344,90.2562484741211,360.44439697265625,84.90345001220703,315.4960632324219,74.85020446777344,262.3484191894531,81.92660522460938,217.61167907714844,81.77193450927734,173.29531860351562,107.06006622314453,0
642,214.15692138671875,148.21824645996094,493.15240478515625,149.62571716308594,375.1918029785156,102.13024139404297,373.4093933105469,79.63280487060547,356.4841613769531,106.70343780517578,366.99029541015625,92.818603515625,359.41455078125,85.84840393066406,314.2647399902344,75.31725311279297,261.0837707519531,81.36274719238281,219.11224365234375,82.58343505859375,175.98410034179688,108.72254180908203,0
643,214.08560180664062,148.3655242919922,493.1099548339844,149.6188201904297,375.6725158691406,98.9974365234375,372.2835693359375,78.2308120727539,356.3992919921875,106.19015502929688,366.31402587890625,91.27262115478516,359.1748962402344,84.84420013427734,314.40032958984375,75.3809814453125,261.0138854980469,81.63138580322266,216.83090209960938,82.05493927001953,171.4081573486328,107.57533264160156,0
644,214.2093963623047,148.13571166992188,493.08587646484375,149.74789428710938,373.1089172363281,91.46257019042969,372.90008544921875,75.64664459228516,357.0890808105469,104.222900390625,365.5594482421875,89.69036865234375,358.0181579589844,82.90556335449219,314.4632568359375,74.99497985839844,260.8623352050781,81.64398193359375,216.0084686279297,82.21339416503906,169.8603515625,107.72918701171875,0
645,214.15402221679688,148.1744842529297,493.0572814941406,149.74607849121094,373.1025085449219,91.45013427734375,372.89892578125,75.64600372314453,357.0931396484375,104.2212142944336,365.5666809082031,89.68465423583984,358.0064697265625,82.89701843261719,314.3703918457031,75.07003784179688,260.89178466796875,81.62751007080078,215.98263549804688,82.20611572265625,169.8331756591797,107.93833923339844,0
646,214.13970947265625,148.3485870361328,493.05950927734375,149.72879028320312,372.9606628417969,90.8322525024414,372.5016784667969,75.15040588378906,357.995849609375,104.67528533935547,365.288818359375,88.26316833496094,357.4403381347656,82.35424041748047,314.10906982421875,74.81737518310547,261.0428466796875,82.13412475585938,215.74143981933594,83.02549743652344,168.26947021484375,110.64544677734375,0
647,214.2492218017578,148.27267456054688,493.1704406738281,149.70851135253906,372.8690490722656,90.65309143066406,372.05401611328125,74.72241973876953,356.9267272949219,103.67876434326172,365.27984619140625,88.20497131347656,356.96588134765625,81.9969482421875,313.0365905761719,74.60802459716797,260.10455322265625,82.05442810058594,216.2018585205078,83.60562133789062,169.59661865234375,108.97233581542969,0
648,214.23899841308594,148.45730590820312,493.1061706542969,149.7701416015625,372.5901794433594,90.91190338134766,371.65606689453125,75.01299285888672,357.4079284667969,104.05166625976562,364.94720458984375,88.39691162109375,356.8824768066406,82.22480773925781,313.4514465332031,75.0123291015625,260.03546142578125,81.87889099121094,215.5627899169922,82.72411346435547,167.68690490722656,107.26954650878906,0
649,214.167236328125,148.64390563964844,493.1227111816406,149.80770874023438,371.3518981933594,89.35291290283203,370.8009338378906,74.6927261352539,358.0814514160156,104.0802001953125,363.981201171875,86.99989318847656,356.4620666503906,82.01924896240234,313.67279052734375,75.82243347167969,259.36248779296875,82.24793243408203,215.13436889648438,83.00609588623047,167.9146270751953,107.10031127929688,0
650,214.07591247558594,148.68760681152344,493.1189270019531,149.7781982421875,371.95098876953125,86.95539855957031,368.58465576171875,72.69480895996094,358.1416015625,103.88587188720703,362.4140930175781,85.4417953491211,354.47967529296875,81.47193908691406,312.6618957519531,75.5495834350586,258.5285339355469,82.46797180175781,214.88296508789062,83.38651275634766,167.33949279785156,110.03512573242188,0
651,214.3007354736328,148.60452270507812,493.145751953125,149.85633850097656,368.2978515625,87.56195831298828,367.9508056640625,70.5304183959961,356.76092529296875,101.0128402709961,360.5243225097656,83.63935089111328,351.373291015625,77.87271118164062,312.9559326171875,73.8707275390625,257.7984313964844,80.12552642822266,213.0453643798828,80.10939025878906,167.19078063964844,102.74954986572266,0
652,214.30076599121094,148.60025024414062,493.1461486816406,149.79962158203125,368.29913330078125,87.56319427490234,367.9499206542969,70.52998352050781,356.7596740722656,101.01434326171875,360.5242614746094,83.64025115966797,351.3717041015625,77.87271118164062,312.95635986328125,73.87191009521484,257.79742431640625,80.1265640258789,213.0409698486328,80.11388397216797,167.17974853515625,102.77040100097656,0
653,214.39735412597656,148.6085662841797,493.09808349609375,149.5579071044922,367.1612548828125,87.03190612792969,366.3998718261719,70.74198913574219,355.6864013671875,101.16487121582031,359.5379638671875,83.99127197265625,351.33587646484375,79.39653015136719,312.4996337890625,72.82351684570312,257.1677551269531,79.56986999511719,212.9347686767578,77.67044830322266,165.02284240722656,98.30333709716797,0
654,214.34793090820312,148.4078369140625,493.1003723144531,149.67726135253906,369.1712951660156,82.36114501953125,363.5171813964844,69.07178497314453,358.2919006347656,98.74939727783203,360.500244140625,82.05609893798828,351.2054443359375,77.7671127319336,311.14068603515625,73.58936309814453,255.14199829101562,80.47480010986328,211.13832092285156,80.33462524414062,166.40077209472656,102.1560287475586,0
655,214.16845703125,148.50050354003906,493.0118408203125,149.58309936523438,369.846435546875,80.86063385009766,360.74188232421875,66.70606994628906,358.69110107421875,97.97693634033203,360.4281311035156,81.07108306884766,350.20361328125,77.29981994628906,309.8783874511719,73.6958236694336,255.4012908935547,80.54029846191406,213.01837158203125,82.6360855102539,169.8668975830078,105.88216400146484,0
656,214.16549682617188,148.32249450683594,493.0435791015625,149.4991455078125,366.5,77.18412780761719,358.2226867675781,65.31619262695312,358.9118957519531,96.20418548583984,357.5392761230469,79.42498016357422,348.6913146972656,76.24238586425781,309.8901672363281,74.3443603515625,254.62571716308594,79.22083282470703,212.87022399902344,80.99005126953125,169.8446807861328,104.60310363769531,0
657,214.15896606445312,148.32569885253906,493.0130920410156,149.52471923828125,366.4959716796875,77.18292236328125,358.2263488769531,65.30962371826172,358.9158935546875,96.20565795898438,357.5428466796875,79.41555786132812,348.6923522949219,76.23564147949219,309.8896179199219,74.34745025634766,254.624267578125,79.22310638427734,212.8846893310547,80.98255157470703,169.8842010498047,104.4917984008789,0
658,214.40084838867188,148.3506622314453,492.89068603515625,149.5526885986328,365.707275390625,76.49993133544922,357.0624084472656,65.62754821777344,358.7088928222656,95.71520233154297,357.4482421875,78.81291198730469,347.86761474609375,75.8099136352539,309.7112731933594,73.96929168701172,255.14663696289062,78.7773666381836,212.030517578125,78.77217102050781,166.04666137695312,99.70947265625,0
659,214.5244903564453,148.456787109375,492.8579406738281,149.57098388671875,365.0509948730469,77.52398681640625,354.7598571777344,65.14035034179688,359.0746765136719,95.1065673828125,356.473876953125,77.57733917236328,347.1203308105469,75.2274169921875,309.7030334472656,73.91858673095703,254.06423950195312,78.12308502197266,210.33700561523438,77.51689147949219,157.5847625732422,95.85442352294922,0
660,214.51600646972656,148.5210723876953,492.8729248046875,149.6376953125,365.57781982421875,71.58963775634766,355.1103210449219,65.62100982666016,358.39898681640625,95.14588165283203,356.8341064453125,78.15556335449219,347.1329345703125,75.1859130859375,309.7867736816406,73.67093658447266,253.972412109375,78.29206085205078,209.793212890625,77.27352142333984,154.11007690429688,95.50179290771484,0
661,214.62673950195312,148.5084991455078,492.8712463378906,149.6975860595703,366.3921813964844,83.26986694335938,354.2257995605469,65.26226043701172,358.6935119628906,89.84195709228516,355.5923767089844,78.10228729248047,345.5566711425781,75.03648376464844,308.86309814453125,74.51026153564453,254.19944763183594,78.09819793701172,211.05894470214844,78.04776763916016,155.23814392089844,97.3333969116211,0
662,214.5760040283203,148.56919860839844,492.8597717285156,149.67926025390625,366.3929748535156,83.0880355834961,354.1707763671875,65.27307891845703,358.7015380859375,89.89837646484375,355.66387939453125,78.0357894897461,345.58319091796875,75.05472564697266,308.8553466796875,74.54156494140625,254.20965576171875,78.12920379638672,210.98553466796875,78.05872344970703,155.2394561767578,97.34225463867188,0
663,214.3671112060547,148.66659545898438,492.8533630371094,149.67819213867188,364.6375427246094,77.03826141357422,350.5345153808594,66.32687377929688,358.2615051269531,88.52723693847656,354.4096984863281,76.27001953125,343.6026916503906,74.17655944824219,307.37005615234375,75.86932373046875,253.87477111816406,78.32707214355469,206.50588989257812,78.92451477050781,152.95738220214844,97.95869445800781,0
664,214.60250854492188,148.59585571289062,492.8497619628906,149.77456665039062,360.7453918457031,71.50260162353516,349.8690185546875,66.07572937011719,356.6829528808594,90.2603988647461,354.4752197265625,76.02604675292969,343.15521240234375,75.37667083740234,306.08453369140625,76.96410369873047,252.74285888671875,79.88591003417969,205.8340301513672,83.59883117675781,152.9007110595703,103.86512756347656,0
665,214.7403106689453,148.53805541992188,492.8973083496094,149.8873748779297,361.5847473144531,69.51632690429688,347.9566650390625,65.57683563232422,356.69140625,90.52908325195312,354.8172302246094,75.0389633178711,343.0707702636719,75.95455169677734,305.6747131347656,78.00439453125,252.05519104003906,80.4649429321289,205.80419921875,85.07621765136719,148.9754638671875,106.48785400390625,0
666,214.64418029785156,148.693603515625,492.9534606933594,149.7952117919922,371.490234375,68.34172058105469,348.6215515136719,64.38438415527344,356.1759948730469,93.7224349975586,358.6866760253906,74.39164733886719,343.8763122558594,77.09938049316406,304.71051025390625,77.35077667236328,252.86749267578125,80.81505584716797,207.3432159423828,85.93669128417969,150.87449645996094,107.51007080078125,0
667,214.61862182617188,148.69754028320312,492.8862609863281,149.7651824951172,371.4349060058594,68.39334106445312,348.6546936035156,64.41476440429688,356.0910949707031,93.81439208984375,358.653076171875,74.44491577148438,343.7412414550781,77.1241455078125,304.4274597167969,77.6042709350586,252.76429748535156,80.8207778930664,207.31057739257812,85.9584732055664,150.86895751953125,107.51075744628906,0
668,214.4772186279297,148.66905212402344,492.921630859375,149.78054809570312,373.65740966796875,73.41270446777344,351.2389221191406,65.73081970214844,355.1451721191406,95.18681335449219,358.9820251464844,77.55926513671875,344.637451171875,77.72831726074219,304.04229736328125,76.57627868652344,253.24288940429688,80.74312591552734,207.6659393310547,86.08325958251953,151.58872985839844,107.6812515258789,0
669,214.3015899658203,148.67506408691406,492.9798889160156,149.78135681152344,384.57855224609375,82.84404754638672,361.7254333496094,68.03500366210938,359.1363220214844,97.98049926757812,365.29119873046875,80.85465240478516,351.0555419921875,80.57396697998047,307.8384704589844,73.56626892089844,255.92776489257812,80.12936401367188,211.92318725585938,84.06283569335938,160.12197875976562,104.53477478027344,0
670,214.07022094726562,148.5072784423828,493.0096435546875,149.83319091796875,391.0054016113281,85.9573745727539,366.67059326171875,69.82176971435547,361.6748352050781,100.45359802246094,371.81744384765625,83.03360748291016,357.454345703125,81.58683013916016,312.0555114746094,73.83023071289062,259.39306640625,80.22254180908203,217.7985076904297,81.87674713134766,172.91195678710938,98.83992767333984,0
671,214.13365173339844,148.5006561279297,492.99310302734375,149.83692932128906,404.1452331542969,85.58697509765625,375.6239318847656,67.78348541259766,373.77392578125,99.80259704589844,380.7598571777344,81.75627136230469,365.1396484375,81.20823669433594,318.7156066894531,72.5879898071289,267.4741516113281,77.94746398925781,238.3780059814453,78.38142395019531,197.93414306640625,88.09752655029297,0
672,214.10501098632812,148.51425170898438,493.0070495605469,149.82586669921875,404.145751953125,85.58928680419922,375.6220397949219,67.78241729736328,373.7717590332031,99.81220245361328,380.7589416503906,81.75777435302734,365.13165283203125,81.21117401123047,318.70916748046875,72.59786224365234,267.47698974609375,77.94380187988281,238.3546905517578,78.37860107421875,197.89161682128906,88.10128021240234,0
673,214.24024963378906,148.51461791992188,493.07781982421875,149.8011016845703,409.8184509277344,85.0964584350586,380.3055419921875,68.68924713134766,376.58831787109375,100.71955108642578,387.1200866699219,81.84891510009766,371.1081848144531,81.1036605834961,323.31365966796875,72.58210754394531,271.0137634277344,78.31405639648438,237.48550415039062,77.24221801757812,194.67218017578125,86.59678649902344,0
674,214.3646240234375,148.49502563476562,493.1662292480469,149.75677490234375,417.9587707519531,89.64203643798828,391.63165283203125,71.94315338134766,388.42279052734375,102.86760711669922,394.9221496582031,85.3169937133789,379.7024841308594,83.75151062011719,328.919677734375,75.8415298461914,278.51202392578125,77.56944274902344,246.4682159423828,78.41341400146484,203.14524841308594,87.00037384033203,0
675,214.47900390625,148.52285766601562,493.0668029785156,149.67868041992188,418.6527099609375,92.55021667480469,396.1845703125,74.60990905761719,393.21337890625,104.74364471435547,399.7057189941406,88.060791015625,385.5994873046875,86.12655639648438,333.22528076171875,76.12261199951172,281.3133239746094,78.07833099365234,256.1469421386719,82.68190002441406,236.38009643554688,84.76922607421875,0
676,214.45143127441406,149.030517578125,493.0382995605469,149.7644500732422,427.2899169921875,97.76204681396484,405.71331787109375,77.4659652709961,399.5870666503906,107.5980224609375,406.8940734863281,91.08501434326172,394.643310546875,87.76322937011719,342.45111083984375,77.71014404296875,290.28533935546875,73.60328674316406,264.39630126953125,84.76997375488281,247.070556640625,97.2906494140625,0
677,214.4528350830078,149.0194854736328,493.05218505859375,149.80035400390625,427.283203125,97.77184295654297,405.6821594238281,77.53780364990234,399.5816955566406,107.58148956298828,406.8782653808594,91.09906768798828,394.64569091796875,87.76184844970703,342.4681091308594,77.69556427001953,290.27490234375,73.60472869873047,264.3897705078125,84.76998901367188,247.07656860351562,97.29817962646484,0
678,214.41212463378906,148.9367218017578,493.0799560546875,149.7975616455078,432.0387268066406,103.26314544677734,411.699951171875,79.1466064453125,402.50762939453125,109.1674575805664,411.4114990234375,92.78329467773438,398.75885009765625,88.71188354492188,344.5787658691406,76.1082763671875,293.7554626464844,69.85868072509766,265.20965576171875,80.00418090820312,250.40171813964844,95.31647491455078,0
679,214.5028533935547,148.57687377929688,493.1625671386719,149.76763916015625,440.2840576171875,107.20679473876953,420.55413818359375,79.97089385986328,407.9964904785156,108.81491088867188,420.6526184082031,95.31977081298828,407.39715576171875,89.46025085449219,354.7578430175781,70.39628601074219,300.3418884277344,63.622196197509766,268.8336181640625,58.805702209472656,228.72422790527344,60.547061920166016,0
680,214.51046752929688,148.49623107910156,493.1903381347656,149.92745971679688,444.1360168457031,109.67477416992188,423.9877014160156,80.39397430419922,410.50799560546875,108.27313232421875,422.5026550292969,95.03277587890625,411.33978271484375,88.56587219238281,358.4712829589844,69.38384246826172,304.1179504394531,62.673492431640625,269.6881103515625,54.276363372802734,229.99252319335938,59.10878372192383,-1
681,214.4571990966797,148.58018493652344,493.3160705566406,149.823974609375,443.30047607421875,113.98152923583984,427.18023681640625,80.22409057617188,410.03302001953125,106.53213500976562,424.5795593261719,95.29434967041016,413.4838562011719,86.89575958251953,361.7976989746094,69.4913101196289,306.8808898925781,67.9412612915039,277.96429443359375,64.10246276855469,240.84133911132812,69.27963256835938,-1
682,214.45179748535156,148.58740234375,493.3479309082031,149.87351989746094,443.2709655761719,113.99270629882812,427.18975830078125,80.23802947998047,409.982666015625,106.46073913574219,424.5830993652344,95.28445434570312,414.098388671875,87.7495346069336,361.7359313964844,69.38975524902344,306.8518981933594,67.91612243652344,277.92144775390625,64.10102844238281,240.81808471679688,69.29490661621094,-1
683,214.2409210205078,148.67945861816406,493.2860412597656,150.01678466796875,445.7818603515625,115.92476654052734,429.82763671875,80.72520446777344,410.6349182128906,106.99473571777344,425.8359375,96.8653564453125,414.4732360839844,87.8916244506836,363.4755859375,70.75894165039062,307.8139953613281,68.69669342041016,274.02496337890625,66.21160888671875,236.62774658203125,77.20780944824219,-1
684,214.38096618652344,148.69558715820312,493.229736328125,150.04945373535156,452.2682800292969,114.59153747558594,430.4279479980469,81.66519927978516,413.9142761230469,110.19933319091797,428.7586669921875,97.34412384033203,415.41796875,90.24761199951172,365.1672668457031,74.00496673583984,309.3727722167969,70.8884506225586,275.9408874511719,70.62762451171875,233.81100463867188,85.7500991821289,-1
685,214.47866821289062,148.69728088378906,493.2652587890625,150.1826171875,453.4486083984375,112.7379150390625,429.2676696777344,79.94524383544922,414.20977783203125,110.03180694580078,428.76483154296875,95.68335723876953,415.0025939941406,89.1780014038086,365.62884521484375,74.10456085205078,311.6468505859375,70.75096893310547,278.213623046875,68.4063491821289,237.1908721923828,81.55221557617188,-1
686,214.50994873046875,148.53561401367188,493.271240234375,150.04095458984375,456.48944091796875,108.35786437988281,429.3476867675781,75.9622802734375,414.4826354980469,107.50172424316406,430.06793212890625,92.59140014648438,415.7947082519531,86.57919311523438,364.78179931640625,71.64559936523438,312.8980712890625,70.6641616821289,274.9520568847656,66.32937622070312,229.80572509765625,77.16165161132812,-1
687,214.51272583007812,148.58071899414062,493.2453918457031,150.1376190185547,457.8971252441406,109.52989196777344,430.0559387207031,77.1884765625,415.791748046875,109.3467025756836,431.3807678222656,93.85304260253906,417.11358642578125,88.1715087890625,368.9940490722656,72.79862976074219,314.79913330078125,69.81918334960938,276.5010681152344,65.12994384765625,229.28530883789062,76.40690612792969,-1
688,214.45596313476562,148.50901794433594,493.23919677734375,150.11871337890625,461.5220947265625,110.83258056640625,431.9181213378906,78.75373840332031,418.9613037109375,111.06837463378906,433.5456848144531,96.51690673828125,419.23541259765625,90.48184967041016,369.0198974609375,74.15967559814453,319.2262878417969,68.61761474609375,279.7755432128906,64.26835632324219,229.4851531982422,77.05388641357422,-1
689,214.6053924560547,148.58433532714844,493.4957580566406,150.32022094726562,464.30517578125,113.35205078125,438.17279052734375,80.70431518554688,423.4323425292969,114.34838104248047,438.03564453125,99.60065460205078,423.291259765625,92.40977478027344,371.26971435546875,76.10328674316406,320.5866394042969,68.42890930175781,280.0059814453125,63.31629943847656,229.9608154296875,76.68706512451172,-1
690,214.60946655273438,148.59288024902344,493.4942626953125,150.30441284179688,464.31915283203125,113.3026351928711,438.1446838378906,80.66292572021484,423.43341064453125,114.35484313964844,438.0096130371094,99.57416534423828,423.2486877441406,92.40613555908203,371.19866943359375,76.06473541259766,320.6074523925781,68.42158508300781,280.02392578125,63.31172561645508,229.9627685546875,76.70806884765625,-1
691,214.6131591796875,148.57211303710938,493.2880554199219,150.09239196777344,467.52655029296875,115.95651245117188,441.3851318359375,82.8072509765625,426.1158447265625,114.96025085449219,440.6282043457031,100.64015197753906,426.9391174316406,93.53816223144531,373.5494689941406,76.16686248779297,322.4415588378906,66.6767349243164,280.46868896484375,61.97472381591797,229.59934997558594,77.32231140136719,-1
692,214.60861206054688,148.5612030029297,493.2848815917969,150.09255981445312,467.51165771484375,115.99116516113281,441.55987548828125,82.97721099853516,426.0924987792969,114.99345397949219,440.5838317871094,100.83218383789062,426.92706298828125,93.68623352050781,373.5881652832031,76.14789581298828,322.453369140625,66.69019317626953,280.4734802246094,61.98849868774414,229.3049774169922,77.42910766601562,-1
693,214.66676330566406,148.68304443359375,493.22796630859375,149.98963928222656,472.7774658203125,119.59871673583984,452.0804138183594,83.88629913330078,434.0141906738281,114.99826049804688,450.18511962890625,102.64673614501953,436.81903076171875,93.17111206054688,382.3975830078125,69.3991928100586,327.90521240234375,57.37312316894531,286.3359069824219,45.66697692871094,241.21742248535156,49.93752670288086,-1
694,214.57786560058594,148.5841827392578,493.5506896972656,149.99842834472656,471.828369140625,120.2367935180664,455.25811767578125,83.74235534667969,437.1616516113281,112.62860870361328,452.6611633300781,102.151123046875,438.6337585449219,92.13124084472656,383.93572998046875,69.26070404052734,328.7917785644531,58.8487663269043,289.9671936035156,49.79180145263672,246.07638549804688,59.36937713623047,-1
695,214.50347900390625,148.65611267089844,493.7869873046875,150.04843139648438,473.0899658203125,120.9750747680664,456.95367431640625,83.98072814941406,438.95770263671875,112.5958251953125,455.4078674316406,102.80792999267578,441.8856201171875,92.92442321777344,384.8138732910156,69.82133483886719,328.99884033203125,60.43031692504883,294.74407958984375,53.28892517089844,258.39544677734375,60.45096969604492,-1
696,214.5738067626953,148.56517028808594,493.47845458984375,150.0541229248047,470.9389953613281,120.02681732177734,454.35870361328125,82.29603576660156,434.50189208984375,113.21942901611328,450.5043029785156,101.51177978515625,437.23968505859375,91.14185333251953,378.0455627441406,69.44916534423828,321.14739990234375,63.114501953125,280.2382507324219,59.19957733154297,238.01318359375,71.80474090576172,-1
697,214.54315185546875,148.59765625,493.4151611328125,150.15333557128906,470.9555969238281,120.02820587158203,454.3543701171875,82.30443572998047,434.4963684082031,113.2193832397461,450.513671875,101.5094985961914,437.25030517578125,91.14888763427734,378.0574035644531,69.50419616699219,321.1538391113281,63.10779571533203,280.1932373046875,59.1991081237793,237.90760803222656,71.81449890136719,-1
698,214.63247680664062,148.69369506835938,493.24151611328125,150.42483520507812,466.5639953613281,121.90784454345703,453.02423095703125,85.55427551269531,433.08197021484375,115.16094970703125,448.9156188964844,103.90642547607422,436.7233581542969,94.97642517089844,375.1595764160156,71.2933349609375,318.2152099609375,62.58919143676758,273.5165100097656,63.203125,230.35418701171875,85.06524658203125,-1
699,214.61500549316406,148.6584014892578,493.7310485839844,150.27606201171875,470.9814147949219,121.6907958984375,454.371337890625,86.76444244384766,435.29718017578125,117.2226791381836,451.6279602050781,105.12174224853516,438.2076110839844,96.95816040039062,376.62066650390625,70.32218170166016,321.0575866699219,61.86336135864258,276.1348876953125,60.92056655883789,230.71234130859375,82.14152526855469,-1
700,214.61769104003906,148.6376953125,493.7194519042969,150.30250549316406,470.9803771972656,121.69563293457031,454.3655700683594,86.75927734375,435.30657958984375,117.24824523925781,451.63330078125,105.14192962646484,438.2105407714844,96.96084594726562,376.5660095214844,70.3198013305664,321.0802001953125,61.8890495300293,276.17926025390625,60.89463424682617,230.73797607421875,82.1908187866211,-1
701,214.55020141601562,148.58250427246094,493.9698791503906,150.4434051513672,473.3062438964844,122.96625518798828,457.38671875,88.10445404052734,437.8133544921875,117.47350311279297,455.39910888671875,105.84080505371094,441.0662841796875,97.27654266357422,378.87835693359375,71.67440032958984,322.954833984375,62.79252243041992,277.3762512207031,60.68429946899414,228.57846069335938,82.88432312011719,-1
702,214.54750061035156,148.73928833007812,494.49078369140625,150.55490112304688,476.823974609375,125.18914794921875,463.1109924316406,89.99651336669922,442.04193115234375,117.28417205810547,459.29400634765625,106.13004302978516,445.6702575683594,97.99453735351562,384.2306213378906,72.18254852294922,326.3732604980469,63.80157470703125,280.1612243652344,61.944427490234375,232.1592559814453,85.52275085449219,-1
703,214.5391387939453,148.8101348876953,494.78729248046875,150.58189392089844,478.3318176269531,125.76708984375,463.86688232421875,89.656005859375,444.1785583496094,118.6783218383789,461.01885986328125,107.04540252685547,447.03350830078125,99.06016540527344,385.4615173339844,73.75054931640625,327.43988037109375,63.75458908081055,281.5333557128906,62.29969024658203,234.0245361328125,85.5309066772461,-1
704,214.54510498046875,148.66220092773438,494.8309631347656,150.51954650878906,483.2782897949219,125.93679809570312,468.7156982421875,90.14431762695312,450.20233154296875,118.90479278564453,465.6646423339844,107.80341339111328,452.2015075683594,99.71048736572266,386.33984375,73.65814208984375,329.1960144042969,63.58201217651367,283.2099304199219,62.7097282409668,236.63523864746094,86.29341888427734,-1
705,214.51722717285156,148.65798950195312,494.8315124511719,150.51780700683594,483.2789306640625,125.93718719482422,468.7152404785156,90.14505767822266,450.2030334472656,118.90403747558594,465.6636657714844,107.80455780029297,452.199951171875,99.7112808227539,386.29949951171875,73.69107818603516,329.20050048828125,63.58982467651367,283.1822509765625,62.715484619140625,236.6254425048828,86.2970962524414,-1
706,214.42457580566406,148.6668701171875,494.3687744140625,150.72389221191406,486.470703125,126.23343658447266,471.88653564453125,89.48282623291016,453.12615966796875,117.98570251464844,469.8824768066406,106.03678131103516,454.61798095703125,99.03245544433594,388.40692138671875,74.01427459716797,332.25506591796875,62.8515510559082,286.2810363769531,60.54798889160156,238.86553955078125,84.35032653808594,-1
707,214.69581604003906,148.71560668945312,494.06829833984375,150.63844299316406,492.90216064453125,125.54804992675781,479.0269470214844,90.6163101196289,457.9049072265625,116.622802734375,475.7239685058594,104.76766967773438,461.5375671386719,98.66056060791016,399.0964660644531,75.9287338256836,338.1398010253906,63.469139099121094,291.89306640625,60.117916107177734,242.70118713378906,82.80615997314453,-1
708,214.42315673828125,148.7200469970703,494.0395202636719,150.13186645507812,494.58502197265625,124.18943786621094,477.9424133300781,89.12686920166016,457.294189453125,115.50155639648438,474.70916748046875,103.6193618774414,460.91748046875,97.36212921142578,398.2160949707031,75.17460632324219,337.4041748046875,63.40860366821289,292.79608154296875,60.22305679321289,246.07261657714844,81.57905578613281,-1
709,214.36448669433594,148.5767822265625,494.22991943359375,149.98345947265625,493.7756652832031,109.15922546386719,464.06549072265625,79.50678253173828,450.388916015625,110.85452270507812,467.3969421386719,96.03057861328125,451.1534118652344,88.96844482421875,387.2958984375,72.88697052001953,331.5845947265625,62.91105270385742,287.3966979980469,59.89201736450195,237.431884765625,83.7768783569336,-1
710,214.38580322265625,148.54185485839844,494.2252502441406,150.0383758544922,493.7825622558594,109.16533660888672,464.0687561035156,79.5177230834961,450.3758850097656,110.8619155883789,467.3937683105469,96.04716491699219,451.1512145996094,88.98778533935547,387.2330627441406,72.87310791015625,331.5777282714844,62.91996383666992,287.38519287109375,59.8895149230957,237.47698974609375,83.88751220703125,-1
711,214.49688720703125,148.55398559570312,493.44158935546875,149.85292053222656,488.25946044921875,103.30862426757812,455.6965637207031,73.70430755615234,445.253173828125,107.46446228027344,458.61376953125,89.09536743164062,444.17803955078125,86.90155792236328,382.539794921875,71.3946304321289,328.87176513671875,63.4262809753418,285.0740051269531,60.37724685668945,234.72373962402344,83.42457580566406,-1
712,214.62200927734375,148.47137451171875,493.3505554199219,149.86083984375,476.2882080078125,91.9698715209961,439.89837646484375,68.96202850341797,434.2862243652344,103.04228973388672,445.328857421875,84.77354431152344,429.83465576171875,82.89823150634766,374.021728515625,69.7242660522461,322.3846130371094,60.278831481933594,279.9991149902344,58.55558395385742,241.4320068359375,72.90177917480469,0
713,214.79383850097656,148.28338623046875,493.2030029296875,149.6898193359375,468.5621337890625,90.63142395019531,431.8692932128906,67.02993774414062,425.1033020019531,101.95417785644531,438.6313781738281,84.03290557861328,422.0277404785156,80.73197174072266,369.3125305175781,67.82463073730469,317.7506408691406,57.86387252807617,277.30047607421875,54.06242752075195,240.2674560546875,64.8243408203125,0
714,214.7900390625,148.2783660888672,493.1839294433594,149.68588256835938,468.56005859375,90.64588928222656,431.8995666503906,67.0379409790039,425.0257873535156,101.98584747314453,438.6150817871094,84.023193359375,422.0651550292969,80.73261260986328,369.3969421386719,67.74653625488281,317.7373352050781,57.860111236572266,277.2968444824219,54.0573616027832,240.22671508789062,64.83561706542969,0
715,214.7290802001953,148.23484802246094,493.156982421875,149.64453125,447.5600891113281,95.51577758789062,415.65863037109375,70.57869720458984,407.90594482421875,103.688232421875,420.41265869140625,86.5476303100586,406.217529296875,82.91961669921875,360.0635986328125,64.27915954589844,312.96649169921875,51.70730972290039,268.8412170410156,43.289546966552734,228.97264099121094,50.62199020385742,0
716,214.73031616210938,148.23648071289062,493.1332092285156,149.69259643554688,447.5013122558594,95.49053192138672,415.68115234375,70.63101196289062,407.80108642578125,103.691162109375,420.3553771972656,86.55818176269531,406.1004333496094,82.90059661865234,360.0137939453125,64.21531677246094,312.96893310546875,51.69654083251953,268.8619689941406,43.2896842956543,229.06460571289062,50.57453536987305,0
717,214.65695190429688,148.1863250732422,493.08526611328125,149.7644500732422,437.1567687988281,102.26606750488281,411.10870361328125,71.48770141601562,397.8460998535156,102.61744689941406,411.0869445800781,88.19929504394531,398.37908935546875,82.04331970214844,356.69781494140625,62.742733001708984,313.0832214355469,51.891204833984375,262.5435485839844,46.56629180908203,203.35093688964844,62.17564010620117,0
718,214.9213409423828,148.1664276123047,493.0286560058594,149.6690673828125,402.7154846191406,128.76487731933594,399.9052429199219,95.72708892822266,374.287109375,113.927978515625,393.1192321777344,108.36174011230469,385.24652099609375,97.76563262939453,352.2486267089844,69.16681671142578,309.02978515625,51.30428695678711,260.2781982421875,51.066932678222656,197.4666290283203,66.17464447021484,0
719,214.9476318359375,148.30528259277344,493.0382080078125,149.757080078125,392.1336669921875,136.17852783203125,397.4113464355469,103.36358642578125,367.31085205078125,115.2252197265625,385.8381652832031,115.5992660522461,380.21990966796875,103.88836669921875,352.3294677734375,69.7060317993164,308.58905029296875,49.28892135620117,256.1471862792969,47.13093185424805,206.2828369140625,52.14712905883789,0
720,215.00558471679688,148.36441040039062,493.1139221191406,149.77020263671875,385.1034240722656,143.45849609375,390.7606506347656,112.95207977294922,359.8152160644531,124.27452087402344,378.830810546875,123.38323974609375,373.4137878417969,112.61035919189453,351.289794921875,72.85991668701172,309.434326171875,44.87681198120117,256.4388427734375,44.805599212646484,194.9696502685547,41.291446685791016,0
721,214.9927978515625,148.35411071777344,493.11395263671875,149.771728515625,385.1039733886719,143.4647216796875,390.75634765625,112.93133544921875,359.8138427734375,124.27448272705078,378.8499755859375,123.44065856933594,373.550537109375,112.71630096435547,351.4785461425781,72.76338958740234,309.3999328613281,44.84048843383789,256.3610534667969,44.82859802246094,194.9026641845703,41.28409194946289,0
722,214.94903564453125,148.25404357910156,492.9905700683594,149.7569580078125,380.0635986328125,146.28994750976562,387.06317138671875,119.1098403930664,356.0607604980469,129.0199432373047,374.2890625,128.83702087402344,369.1827392578125,116.32760620117188,346.08819580078125,75.08696746826172,308.6453552246094,46.45127868652344,252.7912139892578,45.50057601928711,203.9386749267578,41.24660110473633,0
723,214.9878387451172,148.38754272460938,492.98583984375,149.7456817626953,364.22064208984375,158.2041473388672,377.4737854003906,133.04518127441406,344.763427734375,139.6737823486328,361.9148254394531,140.8986053466797,359.9474182128906,128.3290557861328,346.7132568359375,83.32831573486328,311.2964172363281,46.905677795410156,259.1357727050781,43.13317108154297,216.25201416015625,40.76999282836914,0
724,214.95974731445312,148.3654022216797,492.9483642578125,150.00489807128906,359.57525634765625,166.46153259277344,373.83453369140625,142.21878051757812,342.9373779296875,145.14244079589844,359.0550537109375,148.51995849609375,357.0120544433594,136.46546936035156,346.0753479003906,86.55072021484375,316.4862060546875,48.430580139160156,265.3565979003906,45.911312103271484,223.9468536376953,45.526084899902344,0
725,215.1157684326172,148.34463500976562,493.016357421875,149.99620056152344,359.6864318847656,183.67498779296875,374.60565185546875,166.23019409179688,343.82659912109375,168.66017150878906,358.5735168457031,169.43121337890625,357.6319885253906,158.89923095703125,354.39654541015625,114.74104309082031,325.2317199707031,58.13039779663086,277.1566467285156,53.433677673339844,215.3916473388672,61.91958999633789,0
726,215.11965942382812,148.34591674804688,492.9312438964844,149.9603271484375,359.6893005371094,183.6784210205078,374.5987243652344,166.23057556152344,343.8446044921875,168.65667724609375,358.56591796875,169.44512939453125,357.61590576171875,158.8955078125,354.3843078613281,114.80203247070312,325.22515869140625,58.1431770324707,277.1717224121094,53.440528869628906,215.4010009765625,61.91986846923828,0
727,215.08572387695312,148.3856201171875,492.8826904296875,149.94851684570312,359.8251647949219,194.07803344726562,374.09912109375,175.09103393554688,342.93408203125,177.7744903564453,358.7720642089844,179.90057373046875,357.98602294921875,167.73065185546875,351.4553527832031,113.20948791503906,329.7757873535156,64.13018798828125,282.4869079589844,54.8983154296875,214.99832153320312,70.18733978271484,0
728,215.06314086914062,148.35643005371094,492.9106750488281,149.94459533691406,358.1839904785156,214.7608184814453,373.2309265136719,196.2245635986328,341.8127136230469,196.75633239746094,355.9976501464844,201.154541015625,356.6841125488281,189.08828735351562,354.39263916015625,142.70050048828125,343.15802001953125,76.0666732788086,305.30877685546875,54.97783660888672,255.71160888671875,59.99409484863281,0
729,215.0659637451172,148.31011962890625,492.9033203125,150.04623413085938,352.2053527832031,227.9026336669922,370.4986877441406,208.9678497314453,338.4776611328125,207.36795043945312,352.7459716796875,211.73464965820312,354.0787048339844,199.03631591796875,355.7787170410156,144.53274536132812,353.5559997558594,82.91752624511719,318.7944030761719,55.81232452392578,274.78656005859375,53.93254089355469,0
730,214.91232299804688,148.35069274902344,492.8901672363281,150.03993225097656,345.87554931640625,251.9576416015625,364.88690185546875,235.06040954589844,334.16815185546875,233.11634826660156,347.3233947753906,236.73907470703125,348.65155029296875,225.1582794189453,354.3711853027344,167.977294921875,353.55364990234375,106.92906188964844,329.61614990234375,62.640323638916016,289.885498046875,45.1563720703125,0
731,214.91290283203125,148.3499298095703,492.893310546875,150.14039611816406,345.8759765625,251.96026611328125,364.8480224609375,235.0753631591797,334.18731689453125,233.13925170898438,347.27838134765625,236.72930908203125,348.5949401855469,225.15032958984375,354.36834716796875,167.87721252441406,353.5665283203125,106.87374114990234,329.57012939453125,62.59654235839844,289.8591003417969,45.132423400878906,0
732,215.10691833496094,148.25074768066406,492.91827392578125,150.1195068359375,343.2665710449219,263.966552734375,360.612548828125,247.6527557373047,330.16131591796875,245.89871215820312,343.6755065917969,249.96937561035156,345.5510559082031,238.7445526123047,349.2939147949219,180.90306091308594,347.3710632324219,119.04397583007812,327.7130126953125,73.77545166015625,282.4686584472656,58.80561447143555,0
733,214.91065979003906,148.33493041992188,492.9373474121094,150.04417419433594,336.8526611328125,294.70526123046875,354.8636169433594,274.19287109375,324.8619384765625,270.2054443359375,337.8800354003906,277.473388671875,340.0536193847656,264.4396057128906,341.9527587890625,207.75765991210938,334.9969177246094,148.02256774902344,312.75689697265625,118.18460845947266,277.6959228515625,104.69905090332031,0
734,214.88681030273438,148.76829528808594,492.9566650390625,150.0284881591797,329.4955139160156,310.56634521484375,349.11016845703125,291.6813659667969,319.28167724609375,285.6386413574219,333.353759765625,293.3282775878906,336.0169372558594,280.2740783691406,340.537353515625,227.6963653564453,340.0903625488281,164.69276428222656,313.1064758300781,123.8067398071289,267.1595764160156,116.02912139892578,0
735,214.88632202148438,148.54458618164062,493.0280456542969,150.05587768554688,311.5023498535156,344.5068359375,333.7507629394531,330.3795166015625,304.3356018066406,321.57757568359375,316.7917175292969,331.1296081542969,320.8057556152344,318.5565490722656,337.9294128417969,264.7556457519531,353.7593688964844,203.8447723388672,352.13323974609375,156.32545471191406,316.9949035644531,120.08316040039062,0
736,214.8869171142578,148.49424743652344,493.0286560058594,150.0563201904297,311.605224609375,344.4134216308594,333.5852355957031,330.2224426269531,304.0240173339844,321.4863586425781,316.61328125,330.9707336425781,320.60589599609375,318.6069030761719,337.7698059082031,264.9120178222656,353.7450866699219,203.83470153808594,352.1495056152344,156.35549926757812,316.9855651855469,119.99812316894531,0
737,214.98233032226562,148.32797241210938,493.0259704589844,150.00668334960938,304.51678466796875,358.5171813964844,326.20037841796875,346.3801574707031,297.82977294921875,337.0187072753906,309.0912170410156,346.22674560546875,314.7763366699219,334.0939636230469,330.26104736328125,280.95684814453125,346.30419921875,220.0741424560547,357.47314453125,176.8397674560547,342.0005798339844,135.1475372314453,0
738,214.95513916015625,148.33819580078125,493.06365966796875,150.0386962890625,304.5478820800781,358.4642028808594,326.110107421875,346.28265380859375,297.784423828125,337.0878601074219,309.07330322265625,346.2667236328125,314.6858825683594,334.11273193359375,330.2523498535156,280.9393310546875,346.294189453125,220.0917510986328,357.47613525390625,176.95587158203125,341.6080017089844,134.81698608398438,0
739,215.008544921875,148.72195434570312,493.13421630859375,150.02577209472656,293.337158203125,389.4818420410156,317.8592529296875,378.72503662109375,288.2696838378906,366.30419921875,298.5053405761719,376.9027404785156,304.3774108886719,363.8818664550781,318.8950500488281,310.84967041015625,322.5405578613281,245.66395568847656,328.75054931640625,212.24588012695312,331.5644836425781,181.91250610351562,0
740,214.95701599121094,148.74082946777344,493.0021057128906,149.9183807373047,291.2021789550781,399.93499755859375,313.5153503417969,390.8468322753906,284.8251037597656,381.69097900390625,296.56304931640625,390.49609375,300.7684020996094,377.8265075683594,312.3337097167969,323.3575744628906,320.9470520019531,257.1767272949219,321.9249267578125,216.2472381591797,310.5830078125,183.4023895263672,0
741,214.9545135498047,148.6126251220703,493.1542663574219,149.88046264648438,277.26495361328125,433.3707580566406,301.4186096191406,416.671875,270.96392822265625,404.9101867675781,281.96917724609375,416.615234375,288.367919921875,402.1977233886719,310.1475524902344,354.8223571777344,335.51019287109375,295.527587890625,348.84112548828125,257.7575988769531,340.50750732421875,213.8874969482422,0
742,214.95323181152344,148.61441040039062,493.1160888671875,149.88633728027344,277.2615661621094,433.37042236328125,301.51837158203125,416.6114807128906,271.02496337890625,404.871337890625,281.9622497558594,416.6239929199219,288.39190673828125,402.10888671875,310.3023376464844,354.4556884765625,335.51141357421875,295.5263977050781,348.8688049316406,257.76287841796875,340.4717712402344,213.87083435058594,0
743,214.86666870117188,148.77992248535156,493.1050109863281,149.8955078125,271.7342834472656,437.4731750488281,297.6982727050781,424.8031005859375,270.072509765625,409.36279296875,279.24273681640625,422.4265441894531,287.71282958984375,409.4629821777344,309.5601806640625,361.5450439453125,332.2192687988281,301.7386474609375,353.9763488769531,263.18939208984375,359.6466064453125,234.5381317138672,0
744,214.77027893066406,148.7087860107422,492.9881286621094,149.71534729003906,264.8061828613281,448.0566101074219,291.4964599609375,426.8028564453125,263.2608642578125,411.4914855957031,271.5597229003906,427.2895812988281,279.3821716308594,412.02197265625,303.3104248046875,367.9161071777344,323.93359375,310.447998046875,347.5725402832031,273.7359619140625,353.3416748046875,246.75196838378906,0
745,214.74520874023438,148.71536254882812,493.0243225097656,149.72462463378906,264.7925720214844,448.06884765625,291.4979553222656,426.8080749511719,263.2523193359375,411.49554443359375,271.5604553222656,427.29541015625,279.36810302734375,412.0419616699219,303.179931640625,368.00482177734375,323.8819580078125,310.4642639160156,347.5578308105469,273.7421569824219,353.3379821777344,246.75048828125,0
746,214.74081420898438,148.74386596679688,492.98724365234375,149.6412353515625,256.6778869628906,450.5752868652344,286.9002380371094,426.8593444824219,258.6341552734375,410.216552734375,267.9891357421875,426.1883850097656,275.05859375,411.7650451660156,295.98248291015625,368.2251281738281,318.5063781738281,311.8949279785156,343.1226806640625,274.56439208984375,344.84112548828125,235.35177612304688,0
747,214.57069396972656,148.70982360839844,493.07110595703125,149.57249450683594,247.678466796875,432.30291748046875,277.4480285644531,422.2007751464844,253.82525634765625,403.0980224609375,258.0623779296875,419.3871765136719,267.9385681152344,408.27734375,292.9950256347656,366.7949523925781,316.1251220703125,312.2294006347656,336.5066833496094,272.53192138671875,338.9524841308594,233.76539611816406,0
748,214.63861083984375,148.67539978027344,493.0463562011719,149.64035034179688,242.5455322265625,419.510498046875,269.7847900390625,422.0812072753906,251.84423828125,398.9183044433594,254.67869567871094,411.951904296875,265.02496337890625,404.1316223144531,291.9271240234375,366.80413818359375,315.43609619140625,311.60858154296875,336.161376953125,271.41290283203125,341.1069030761719,231.08282470703125,0
749,214.66783142089844,148.552490234375,493.1763000488281,149.77645874023438,234.0404052734375,406.9501037597656,257.6878356933594,417.7445983886719,240.09814453125,390.5470886230469,241.96749877929688,405.6762390136719,253.0385284423828,399.3191833496094,287.3909606933594,366.0143127441406,317.9962158203125,313.8323059082031,332.2943115234375,274.4638671875,331.19940185546875,235.8814697265625,0
750,214.6673583984375,148.55206298828125,493.1735534667969,149.78091430664062,234.08042907714844,406.9881896972656,257.7740478515625,417.7410583496094,240.07489013671875,390.5338134765625,242.01467895507812,405.65673828125,253.0786590576172,399.27532958984375,287.7402038574219,365.8946838378906,318.0448913574219,313.81988525390625,332.2991943359375,274.4852294921875,331.25811767578125,235.9042510986328,0
751,214.75436401367188,148.6095733642578,493.12310791015625,149.64300537109375,226.1280975341797,402.36700439453125,250.3233184814453,416.9571838378906,236.02886962890625,387.9624328613281,235.81134033203125,401.4243469238281,247.74351501464844,397.7879333496094,287.3133850097656,367.5679931640625,320.5555419921875,318.62408447265625,336.33843994140625,282.82757568359375,338.01495361328125,248.5811767578125,0
752,214.7526397705078,148.58349609375,493.1556091308594,149.5825653076172,200.4171905517578,393.7401428222656,224.4708709716797,417.5794982910156,216.78326416015625,386.5445251464844,212.90811157226562,398.9969482421875,224.9080810546875,400.6142883300781,270.6490783691406,381.4412536621094,318.2593994140625,336.07159423828125,336.1429748535156,312.6008605957031,340.4720458984375,299.71014404296875,0
753,214.689453125,148.64608764648438,493.2215270996094,149.5099639892578,190.7410125732422,394.4825439453125,210.94322204589844,419.79296875,207.84201049804688,387.13592529296875,201.71072387695312,399.9219055175781,213.90257263183594,402.5835876464844,261.05401611328125,386.28668212890625,313.6515808105469,348.7617492675781,334.939697265625,332.23345947265625,337.9537353515625,310.9798889160156,0
754,214.69508361816406,148.49913024902344,493.19964599609375,149.68418884277344,175.8215789794922,396.10882568359375,196.32264709472656,421.6184387207031,193.6596221923828,390.1035461425781,186.76051330566406,401.4005126953125,199.1736297607422,403.888427734375,248.6278076171875,390.04583740234375,303.55877685546875,358.1423034667969,334.4906005859375,341.191650390625,341.7099609375,317.6438903808594,0
755,214.68023681640625,148.5802764892578,493.3640441894531,149.65280151367188,161.45217895507812,399.10284423828125,184.19940185546875,424.7109680175781,183.45681762695312,391.3688659667969,175.734375,403.7898254394531,188.60772705078125,405.6790466308594,236.42372131347656,393.68792724609375,290.2204895019531,364.6985168457031,322.1069030761719,357.0572509765625,339.631591796875,333.9293518066406,0
756,214.64309692382812,148.61968994140625,493.3622741699219,149.65664672851562,161.45765686035156,399.0943908691406,184.2272186279297,424.7170715332031,183.46661376953125,391.36041259765625,175.73805236816406,403.799560546875,188.6243896484375,405.6771240234375,236.1427001953125,393.8404235839844,290.2364501953125,364.70770263671875,322.0931091308594,357.0502014160156,339.65673828125,333.9033203125,0
757,214.7321014404297,148.50534057617188,493.3582763671875,149.68450927734375,154.73196411132812,400.2848815917969,176.04034423828125,424.7991027832031,172.30551147460938,391.3690185546875,166.7055206298828,406.65753173828125,179.25401306152344,406.6300048828125,228.57754516601562,392.5054626464844,281.82073974609375,362.81951904296875,303.5386962890625,354.8863525390625,323.0001220703125,357.2966613769531,0
758,214.6416473388672,148.4637451171875,493.21142578125,149.7549591064453,165.91717529296875,401.6545715332031,177.41734313964844,420.9665832519531,173.2783660888672,385.8329162597656,169.78433227539062,402.28509521484375,178.74356079101562,403.60650634765625,225.36187744140625,390.3460998535156,278.0811462402344,371.33697509765625,313.3410949707031,352.7528076171875,325.1101379394531,321.5475158691406,0
759,214.5275421142578,148.51344299316406,493.24969482421875,149.68682861328125,177.24127197265625,404.1502685546875,191.30052185058594,424.80303955078125,183.422119140625,390.341552734375,182.0516815185547,406.49078369140625,191.57835388183594,406.7430114746094,233.01426696777344,390.7123718261719,287.4224853515625,367.8418884277344,311.2672424316406,345.46832275390625,312.8669738769531,315.49615478515625,0
760,214.55714416503906,148.5279998779297,493.2608947753906,149.65975952148438,181.29371643066406,406.76177978515625,195.65313720703125,425.6344909667969,186.54444885253906,391.62103271484375,188.04608154296875,409.3265686035156,196.5518798828125,409.97869873046875,236.05276489257812,391.796142578125,290.47344970703125,367.52239990234375,314.3844909667969,347.45074462890625,320.2662353515625,319.84259033203125,0
761,214.57925415039062,148.64703369140625,493.2699279785156,149.60279846191406,184.99008178710938,406.680908203125,200.00912475585938,425.0506286621094,191.51065063476562,392.31298828125,191.28424072265625,410.7863464355469,200.08197021484375,408.0691833496094,241.477294921875,391.62689208984375,293.2234802246094,365.45550537109375,316.7904052734375,348.9360656738281,320.3276672363281,321.3540344238281,0
762,214.71739196777344,148.5684051513672,493.2421569824219,149.5252685546875,188.906494140625,407.6280822753906,202.1368408203125,426.6313171386719,193.19859313964844,393.70855712890625,193.28623962402344,410.5025329589844,203.31069946289062,408.6224365234375,242.87338256835938,391.8110046386719,294.32562255859375,364.2531433105469,318.9426574707031,349.3497619628906,322.5393981933594,321.85577392578125,0
763,214.66383361816406,148.58663940429688,493.249755859375,149.53073120117188,188.90245056152344,407.651611328125,202.16854858398438,426.6443786621094,193.1732177734375,393.7525634765625,193.298583984375,410.50628662109375,203.33590698242188,408.6474609375,242.8543701171875,391.90216064453125,294.31414794921875,364.2179260253906,318.9670715332031,349.3030700683594,322.55035400390625,321.8174133300781,0
764,214.6461181640625,148.51394653320312,493.2587890625,149.493408203125,189.28550720214844,409.4266357421875,203.5109405517578,426.74749755859375,193.6696014404297,394.5771789550781,193.4998321533203,411.1705017089844,203.9132080078125,409.45263671875,243.64300537109375,392.6077880859375,294.95867919921875,364.0903015136719,320.9571838378906,351.20416259765625,324.5462341308594,325.2992858886719,0
765,214.62094116210938,148.54718017578125,493.1852111816406,149.44029235839844,187.8434295654297,410.9368896484375,203.9592742919922,428.3408203125,192.59799194335938,397.25982666015625,193.45431518554688,412.4112243652344,203.77734375,410.68756103515625,243.9215545654297,392.25970458984375,295.5049133300781,364.18133544921875,314.2663269042969,351.7189025878906,318.3152770996094,333.0321044921875,0
766,214.5914306640625,148.69285583496094,493.2378234863281,149.43426513671875,188.03982543945312,411.78741455078125,202.94772338867188,430.7537536621094,192.97390747070312,397.8218688964844,193.41445922851562,413.6973571777344,203.4441680908203,411.9442443847656,244.00808715820312,392.92333984375,296.5044860839844,362.22955322265625,316.8593444824219,348.9776306152344,317.6170654296875,325.75946044921875,0
767,214.6011962890625,148.69747924804688,493.25347900390625,149.47373962402344,188.02589416503906,411.7713317871094,202.9856414794922,430.755126953125,192.88600158691406,397.8887023925781,193.4088134765625,413.6803283691406,203.41502380371094,411.91314697265625,243.88925170898438,392.92242431640625,296.4710693359375,362.2380065917969,316.9026184082031,348.93658447265625,317.6341247558594,325.71575927734375,0
768,214.7215118408203,148.65774536132812,493.0215148925781,149.53892517089844,188.07244873046875,409.797119140625,202.3134002685547,428.5328369140625,193.60568237304688,396.300048828125,192.8866729736328,412.03790283203125,203.28050231933594,410.59478759765625,244.93856811523438,392.5692443847656,296.39129638671875,361.8783874511719,319.2132263183594,349.0525207519531,322.73321533203125,325.14434814453125,0
769,214.5272979736328,148.7822723388672,493.10552978515625,149.55479431152344,185.71559143066406,407.171875,202.0951385498047,427.1332702636719,194.69813537597656,393.89801025390625,192.31253051757812,410.302001953125,203.68881225585938,409.4642639160156,245.82984924316406,391.540771484375,294.80279541015625,361.0628356933594,320.6594543457031,349.8827819824219,328.15216064453125,320.9731140136719,0
770,214.7313232421875,148.75669860839844,493.1457214355469,149.4051971435547,188.30516052246094,406.4626770019531,201.8682861328125,426.41632080078125,195.92625427246094,392.2019958496094,192.0079803466797,408.2019958496094,204.06781005859375,408.6492004394531,245.94515991210938,391.3554382324219,295.9700927734375,361.8686218261719,322.3855895996094,351.6968688964844,329.1313781738281,324.0662536621094,0
771,214.51271057128906,148.69105529785156,493.1843566894531,149.5398712158203,191.22291564941406,402.7140197753906,204.81126403808594,424.0614929199219,200.5843048095703,390.0476379394531,196.7068634033203,405.510498046875,206.06007385253906,406.37481689453125,247.5470733642578,390.67437744140625,299.06793212890625,360.6551513671875,327.69158935546875,354.5093688964844,341.9210205078125,325.4538269042969,0
772,214.51828002929688,148.69725036621094,493.1983337402344,149.56732177734375,191.2197723388672,402.717529296875,204.81707763671875,424.0623474121094,200.57940673828125,390.0450134277344,196.69969177246094,405.51611328125,206.03953552246094,406.3792419433594,247.53089904785156,390.6659240722656,299.0675964355469,360.65496826171875,327.69281005859375,354.5043640136719,341.9231872558594,325.4395446777344,0
773,214.6486053466797,148.61863708496094,493.3169250488281,149.47662353515625,191.83364868164062,400.7458801269531,203.57127380371094,424.1628723144531,201.90066528320312,387.302978515625,197.24717712402344,403.7758483886719,206.2880096435547,405.21856689453125,248.62330627441406,390.34539794921875,299.53240966796875,360.349609375,330.5401306152344,353.28961181640625,345.8650207519531,323.8306884765625,0
774,214.6315460205078,148.66690063476562,493.216796875,149.5269012451172,193.9640350341797,399.4103698730469,203.89511108398438,420.60980224609375,203.2086944580078,385.27752685546875,198.30596923828125,400.5340576171875,207.8752899169922,402.09307861328125,248.93667602539062,388.1796875,300.6044006347656,360.3393249511719,335.4381408691406,351.0172424316406,352.3547668457031,319.7998962402344,0
775,214.7519989013672,148.71926879882812,493.1961975097656,149.50314331054688,192.54660034179688,398.5103759765625,203.9142608642578,420.895751953125,201.65280151367188,386.8694152832031,197.41773986816406,400.9346008300781,207.61680603027344,401.9466552734375,249.03900146484375,387.951171875,300.83660888671875,360.888671875,337.43341064453125,351.3653259277344,354.97283935546875,317.84478759765625,0
776,214.6767578125,148.58302307128906,493.10333251953125,149.4620819091797,186.41531372070312,392.25701904296875,197.49237060546875,420.7755126953125,198.87344360351562,387.89208984375,193.210693359375,400.48236083984375,204.5421905517578,404.6935119628906,248.2124481201172,388.89569091796875,300.00762939453125,360.6089782714844,332.6172790527344,352.2707824707031,349.6169738769531,322.74566650390625,0
777,214.643310546875,148.67556762695312,493.02685546875,149.37669372558594,182.5514678955078,382.80157470703125,194.38494873046875,416.0395812988281,198.8517608642578,384.49627685546875,190.92333984375,396.7330017089844,203.46737670898438,401.0784606933594,248.11236572265625,390.31494140625,300.2091064453125,361.7818603515625,331.5713806152344,353.3713684082031,343.8402099609375,325.9918212890625,0
778,214.45361328125,148.81982421875,492.9871826171875,149.43917846679688,164.2777862548828,370.839111328125,181.2992706298828,406.8080749511719,191.0015106201172,377.6251220703125,178.63217163085938,385.45184326171875,192.1021728515625,393.07421875,237.04891967773438,390.1058044433594,294.1131286621094,368.1549377441406,319.58612060546875,366.41693115234375,325.30706787109375,369.33740234375,0
779,214.52003479003906,148.7666778564453,493.0257873535156,149.30276489257812,157.42103576660156,366.76422119140625,173.1813201904297,404.5925598144531,183.6678466796875,375.0597839355469,171.03402709960938,381.54034423828125,183.56480407714844,391.0767517089844,231.8413543701172,389.578125,288.57806396484375,373.0972595214844,307.0641174316406,377.07830810546875,306.727783203125,387.8118896484375,0
780,214.50547790527344,148.80210876464844,492.9822692871094,149.6356658935547,146.8722381591797,367.3311462402344,166.8570098876953,403.65509033203125,177.33274841308594,372.6708068847656,164.2227783203125,381.5327453613281,177.53121948242188,387.8073425292969,226.1409454345703,387.6686096191406,282.25030517578125,374.4785461425781,309.20745849609375,381.8093566894531,313.8696594238281,391.64508056640625,0
781,214.5105743408203,148.78143310546875,492.98065185546875,149.63697814941406,146.87086486816406,367.3306884765625,166.850341796875,403.69049072265625,177.31793212890625,372.66607666015625,164.2154998779297,381.5361022949219,177.54266357421875,387.81866455078125,226.3324432373047,387.6222839355469,282.28021240234375,374.4638977050781,309.2101135253906,381.8588562011719,313.84344482421875,391.63397216796875,0
782,214.509765625,148.76763916015625,492.92633056640625,149.6184844970703,134.98574829101562,368.1456298828125,160.0022735595703,404.6748352050781,170.8406524658203,371.3168029785156,158.110595703125,381.4802551269531,171.61099243164062,388.7554931640625,217.30519104003906,390.6736145019531,272.784912109375,384.5669250488281,305.41778564453125,392.5797424316406,326.9877014160156,382.59747314453125,0
783,214.4203643798828,148.712646484375,492.9591369628906,149.5819854736328,136.0819549560547,366.4161071777344,161.15341186523438,406.34613037109375,176.64459228515625,375.03582763671875,158.56991577148438,383.5076599121094,172.919677734375,391.7835998535156,217.27859497070312,394.8847351074219,271.30780029296875,391.4185791015625,305.17578125,405.6642150878906,333.2373352050781,397.34173583984375,0
784,214.38880920410156,148.77760314941406,492.87384033203125,149.5382843017578,138.15771484375,370.09844970703125,162.64022827148438,408.3550109863281,178.42486572265625,377.7948913574219,160.5275421142578,386.5035400390625,175.16159057617188,395.25164794921875,218.72064208984375,398.0716552734375,271.5768737792969,394.64495849609375,302.20416259765625,409.2077941894531,320.4164123535156,420.7088317871094,0
785,214.3604278564453,148.80770874023438,492.93389892578125,149.66409301757812,135.62026977539062,379.44744873046875,166.25430297851562,416.79022216796875,180.61825561523438,384.919921875,162.3663787841797,394.16632080078125,177.6437225341797,402.2813720703125,221.0407257080078,403.9290466308594,274.17779541015625,397.1999206542969,307.7549133300781,417.37335205078125,329.6761169433594,432.9744567871094,0
786,214.4119415283203,148.80455017089844,492.9374694824219,149.74520874023438,132.1769256591797,380.8320007324219,164.13575744628906,418.03143310546875,178.7688446044922,385.7514343261719,160.04965209960938,395.17437744140625,175.0081787109375,401.71478271484375,219.0646209716797,405.115234375,273.3854675292969,396.33587646484375,309.5740661621094,417.16839599609375,332.4041748046875,434.7950134277344,0
787,214.4315948486328,148.87884521484375,492.9607849121094,149.68692016601562,132.15158081054688,380.86444091796875,164.17361450195312,418.0697021484375,178.58078002929688,385.6576232910156,159.99539184570312,395.1406555175781,175.05984497070312,401.6553955078125,219.2432861328125,405.02764892578125,273.4164733886719,396.3946533203125,309.4952697753906,417.171630859375,332.2691955566406,434.81829833984375,0
788,214.5096435546875,148.83802795410156,492.9874572753906,149.4298858642578,131.0648956298828,381.2166748046875,163.2568817138672,417.443115234375,177.138427734375,385.0037536621094,158.64907836914062,394.28643798828125,174.0189666748047,401.0810852050781,218.47633361816406,402.5968933105469,273.2056579589844,393.1778869628906,313.3580017089844,414.9659423828125,350.96783447265625,431.31964111328125,0
789,214.5973663330078,148.90940856933594,492.9844055175781,149.49111938476562,130.30274963378906,377.0310974121094,160.8994598388672,413.3601989746094,175.30560302734375,382.2803649902344,157.38265991210938,391.7446594238281,173.0543975830078,397.47479248046875,218.5104522705078,397.46026611328125,274.27716064453125,389.3176574707031,317.6219482421875,407.3902893066406,356.8927307128906,410.2076721191406,0
790,214.61749267578125,148.76898193359375,493.076904296875,149.26974487304688,128.6097412109375,380.9045104980469,161.03219604492188,415.1746520996094,174.91465759277344,383.1708679199219,157.16061401367188,392.9467468261719,173.53469848632812,398.2691955566406,218.0841064453125,396.9671630859375,272.40740966796875,389.22955322265625,312.92803955078125,407.81536865234375,349.6563415527344,421.8655700683594,0
791,214.61830139160156,148.7697296142578,493.0402526855469,149.24314880371094,128.60870361328125,380.91058349609375,161.00718688964844,415.18743896484375,174.91062927246094,383.1778869628906,157.1629638671875,392.9654235839844,173.52024841308594,398.2746887207031,218.09732055664062,396.95220947265625,272.4063720703125,389.22418212890625,312.92095947265625,407.8123779296875,349.672607421875,421.8526306152344,0
792,214.54086303710938,148.73023986816406,492.9178161621094,149.42897033691406,132.9232177734375,383.0315856933594,163.48817443847656,417.9438781738281,176.88323974609375,383.80126953125,159.1664276123047,394.2793273925781,174.01991271972656,400.605224609375,218.93792724609375,397.1075744628906,272.8472595214844,389.4945373535156,316.8769836425781,410.5810546875,358.74810791015625,420.8664245605469,0
793,214.48988342285156,148.6727752685547,492.89837646484375,149.35189819335938,135.51878356933594,385.4837951660156,170.6792755126953,417.1397705078125,181.87826538085938,382.7841796875,164.77261352539062,394.7647399902344,180.4315643310547,400.8860778808594,224.8715057373047,397.2038269042969,276.73699951171875,388.90728759765625,321.1523132324219,407.761962890625,363.7615661621094,413.5390319824219,0
794,214.4884490966797,148.7696990966797,493.0240173339844,149.4060821533203,138.65635681152344,386.01483154296875,173.52587890625,418.13555908203125,184.93699645996094,382.30419921875,168.5968017578125,394.3426513671875,183.59536743164062,400.76763916015625,225.6639862060547,397.8669738769531,277.5249938964844,388.48419189453125,328.28192138671875,406.7648010253906,373.7857971191406,408.8049011230469,0
795,214.69456481933594,148.86289978027344,493.1203918457031,149.41900634765625,143.3373260498047,386.5022277832031,177.63253784179688,418.36553955078125,190.74842834472656,381.8340148925781,173.6865234375,394.8836364746094,188.2130126953125,400.41351318359375,229.47396850585938,398.7839050292969,278.7205505371094,390.70556640625,328.4642333984375,409.2801818847656,373.58636474609375,410.37518310546875,0
796,214.70651245117188,148.86131286621094,493.115234375,149.39942932128906,143.3379669189453,386.5019226074219,177.630615234375,418.3652038574219,190.7533721923828,381.8313293457031,173.688232421875,394.8840026855469,188.21539306640625,400.4154968261719,229.46449279785156,398.79034423828125,278.71246337890625,390.7013244628906,328.47125244140625,409.28558349609375,373.5916442871094,410.3815612792969,0
797,214.71095275878906,148.8294677734375,493.1719665527344,149.3010711669922,150.33737182617188,379.4109191894531,177.5332489013672,417.2186584472656,193.80064392089844,383.22119140625,175.0481719970703,393.7320251464844,189.49667358398438,400.9339599609375,230.79156494140625,401.87176513671875,278.3664855957031,390.69805908203125,327.3955078125,409.764404296875,372.6880187988281,415.55560302734375,0
798,214.79525756835938,148.7294921875,493.2334289550781,149.28712463378906,165.09854125976562,362.0841064453125,176.25067138671875,410.3308410644531,202.7069549560547,384.493896484375,179.72903442382812,388.3843078613281,191.60125732421875,400.7392883300781,231.79698181152344,407.019287109375,278.0440979003906,391.3942565917969,328.52093505859375,408.8067932128906,376.11761474609375,418.060302734375,0
799,214.72589111328125,148.73728942871094,493.17681884765625,149.33322143554688,167.89060974121094,358.0187683105469,177.06961059570312,407.9355163574219,204.7870635986328,382.791748046875,182.374755859375,385.892578125,194.85792541503906,400.50543212890625,229.65333557128906,406.3093566894531,278.1886291503906,391.9277648925781,327.9454345703125,410.6142272949219,374.5257568359375,420.47174072265625,0
800,214.63783264160156,148.7128143310547,493.2314758300781,149.30043029785156,172.42140197753906,354.60552978515625,177.43751525878906,404.69757080078125,208.37229919433594,382.39019775390625,184.25106811523438,382.79266357421875,196.37010192871094,396.9398193359375,229.67762756347656,406.0903625488281,277.636962890625,392.31134033203125,334.400390625,409.9961853027344,386.8323974609375,415.26739501953125,0
801,214.6291046142578,148.64283752441406,493.28485107421875,149.1574249267578,169.1393585205078,353.0670471191406,175.9197540283203,402.31341552734375,207.04029846191406,379.1097717285156,182.6311798095703,380.6619567871094,195.34402465820312,395.5101318359375,231.8720703125,406.2041015625,277.5101318359375,392.2748107910156,336.0154724121094,408.54150390625,388.27783203125,410.5962219238281,0
802,214.62786865234375,148.64132690429688,493.28338623046875,149.16053771972656,169.1416015625,353.06402587890625,175.92579650878906,402.33349609375,207.03977966308594,379.1053466796875,182.62571716308594,380.6644287109375,195.33128356933594,395.5215759277344,231.83157348632812,406.1730651855469,277.3887634277344,392.3790283203125,335.9189453125,408.5096435546875,388.1903076171875,410.59515380859375,0
803,214.69737243652344,148.656982421875,493.326416015625,149.0913848876953,168.81790161132812,348.57635498046875,176.59889221191406,398.51507568359375,205.65916442871094,376.73223876953125,182.13343811035156,377.9081726074219,193.99842834472656,393.4458923339844,230.85220336914062,405.0517272949219,277.64471435546875,392.5190124511719,335.9763488769531,410.070556640625,389.0936584472656,414.22344970703125,0
804,214.60020446777344,148.67147827148438,493.1633605957031,149.25978088378906,166.84426879882812,345.6658935546875,176.53045654296875,396.0277404785156,204.7896728515625,372.4345703125,181.53616333007812,375.1828308105469,193.17587280273438,389.4490051269531,229.37118530273438,403.2437744140625,277.0091247558594,392.5673522949219,334.6003723144531,411.2891540527344,391.1131591796875,415.1763916015625,0
805,214.5727996826172,148.50181579589844,493.06243896484375,149.09483337402344,157.4364471435547,339.4017333984375,171.44427490234375,391.2691650390625,199.73648071289062,364.128662109375,175.38182067871094,366.5905456542969,188.95758056640625,380.8648376464844,225.22998046875,397.00714111328125,274.8281555175781,394.2159729003906,333.7650451660156,413.426513671875,388.6410217285156,416.62835693359375,0
806,214.5768585205078,148.48794555664062,493.0450134277344,149.15464782714844,157.4280548095703,339.40814208984375,171.44264221191406,391.2773742675781,199.76199340820312,364.15484619140625,175.39144897460938,366.5882263183594,188.94387817382812,380.8724365234375,225.2047119140625,397.0625915527344,274.8067321777344,394.2050476074219,333.79119873046875,413.4193420410156,388.63153076171875,416.612060546875,0
807,214.45565795898438,148.522705078125,493.0156555175781,149.2635498046875,155.79263305664062,332.8389892578125,168.89443969726562,385.9454040527344,196.7095184326172,359.7197265625,173.8592071533203,360.81005859375,186.2388916015625,375.9969482421875,224.02735900878906,394.1015625,275.0134582519531,394.1035461425781,334.6097106933594,415.29522705078125,389.8882141113281,423.130126953125,0
808,214.5296630859375,148.62606811523438,493.0107116699219,149.26296997070312,161.68450927734375,319.2455749511719,168.71237182617188,370.4134216308594,197.82345581054688,345.763916015625,175.65631103515625,347.2557067871094,186.10581970214844,362.69775390625,224.15528869628906,390.3199768066406,275.89923095703125,393.97015380859375,338.29791259765625,407.819091796875,390.5255126953125,409.9765930175781,0
809,214.55538940429688,148.5749969482422,493.31689453125,149.3887176513672,167.5947723388672,319.22100830078125,171.4393310546875,363.0502624511719,197.87632751464844,341.9813537597656,178.38385009765625,343.5338439941406,188.9732208251953,357.43243408203125,224.82147216796875,385.5125427246094,276.8326110839844,395.7472229003906,343.3745422363281,407.7042236328125,398.6595458984375,403.8907470703125,0
810,214.48342895507812,148.5330352783203,493.2910461425781,149.45584106445312,162.93594360351562,324.8343811035156,168.62220764160156,363.6608581542969,191.55728149414062,340.47686767578125,174.01734924316406,343.77423095703125,185.1160888671875,356.4277648925781,223.45928955078125,381.54779052734375,276.79437255859375,401.4351806640625,327.4566955566406,418.93450927734375,385.099365234375,421.0856628417969,0
811,214.4859161376953,148.5078125,493.2909240722656,149.4556427001953,162.9354248046875,324.8399658203125,168.62156677246094,363.6640930175781,191.5434112548828,340.4583435058594,174.01792907714844,343.7716064453125,185.11782836914062,356.4267883300781,223.4309539794922,381.50103759765625,276.89398193359375,401.4492492675781,327.5128173828125,418.955322265625,385.6341247558594,421.10980224609375,0
812,214.51699829101562,148.56936645507812,493.231689453125,149.46942138671875,153.7781219482422,323.109130859375,164.00244140625,363.0404357910156,184.76731872558594,338.4866638183594,167.2230682373047,342.7003479003906,178.96531677246094,354.5320129394531,218.82330322265625,380.1910400390625,274.7472839355469,402.84375,318.3573913574219,424.3807373046875,354.45684814453125,434.4844970703125,0
813,214.5338897705078,148.45677185058594,493.2398681640625,149.43138122558594,131.34713745117188,319.72589111328125,147.25294494628906,358.3196105957031,168.04779052734375,330.52777099609375,149.31190490722656,336.60943603515625,163.08680725097656,348.2025146484375,204.37892150878906,373.0225524902344,258.7847595214844,402.10162353515625,296.0314025878906,425.9786682128906,335.6988525390625,438.99102783203125,0
814,214.66261291503906,148.49993896484375,493.3218994140625,149.37811279296875,117.06944274902344,325.9791564941406,145.1962432861328,360.0921630859375,159.81930541992188,328.84112548828125,141.15899658203125,338.3033447265625,156.91452026367188,346.4823303222656,200.93618774414062,371.40936279296875,247.88111877441406,398.6670837402344,285.2758483886719,421.3160095214844,320.2053527832031,432.65679931640625,0
815,214.62840270996094,148.5865478515625,493.21087646484375,149.5535888671875,99.57767486572266,327.0927429199219,129.97877502441406,359.5790710449219,145.37210083007812,328.9110107421875,125.30742645263672,337.7640380859375,141.68447875976562,345.8715515136719,185.41148376464844,367.879150390625,234.63682556152344,399.4535827636719,275.806640625,422.86627197265625,337.1638488769531,423.9813537597656,0
816,214.5330047607422,148.58322143554688,493.12255859375,149.62925720214844,92.56968688964844,327.5450134277344,123.85478210449219,361.486328125,139.0589141845703,329.65960693359375,119.88075256347656,338.61590576171875,136.22421264648438,346.0113220214844,183.1537322998047,367.9048767089844,229.62594604492188,399.815673828125,261.75311279296875,427.0573425292969,297.098876953125,439.1737060546875,0
817,214.56613159179688,148.613037109375,493.1337890625,149.58279418945312,92.5618896484375,327.55419921875,123.82486724853516,361.54541015625,139.06005859375,329.6614990234375,119.88695526123047,338.62396240234375,136.23951721191406,346.03582763671875,183.17398071289062,367.853271484375,229.61380004882812,399.8169860839844,261.740478515625,427.0467529296875,297.1246032714844,439.1885070800781,0
818,214.49017333984375,148.63247680664062,493.21844482421875,149.5582275390625,85.64131927490234,329.21966552734375,117.44743347167969,360.6492919921875,132.6646270751953,328.256591796875,112.16545867919922,339.0572509765625,129.16616821289062,346.9307556152344,177.70079040527344,367.23358154296875,225.85462951660156,398.64691162109375,260.3840637207031,431.2779846191406,313.7257080078125,448.3837890625,0
819,214.56190490722656,148.64100646972656,493.0626525878906,149.53492736816406,80.29557800292969,328.26531982421875,111.69108581542969,359.8017578125,127.44151306152344,329.2269287109375,108.08729553222656,338.5950927734375,124.01786041259766,345.6982421875,170.97982788085938,366.0733337402344,225.29098510742188,393.81207275390625,257.9718322753906,426.69805908203125,304.830322265625,447.55718994140625,0
820,214.47677612304688,148.73745727539062,493.1054382324219,149.49896240234375,68.98921966552734,330.39202880859375,105.26337432861328,361.11041259765625,117.47791290283203,326.2005615234375,97.60897064208984,338.75244140625,114.6771011352539,343.442138671875,165.06396484375,354.153564453125,220.2277069091797,372.8529052734375,255.93862915039062,406.04541015625,314.18499755859375,427.5602111816406,0
821,214.59429931640625,148.65164184570312,493.1496887207031,149.484130859375,65.65940856933594,331.6797180175781,103.30355834960938,362.2301330566406,115.01302337646484,326.7747497558594,94.80949401855469,340.1233215332031,112.10720825195312,344.8384094238281,163.10726928710938,354.2644958496094,217.0644989013672,371.2095642089844,253.8167266845703,404.7771911621094,306.8082580566406,427.54046630859375,0
822,214.5827178955078,148.65745544433594,493.1578674316406,149.5167694091797,65.6142807006836,331.5809631347656,103.35130310058594,362.21844482421875,115.06161499023438,326.77093505859375,94.7998275756836,340.0957336425781,112.1235122680664,344.81939697265625,162.74093627929688,354.0068054199219,217.22792053222656,371.2525329589844,253.85926818847656,404.8371887207031,306.94964599609375,427.55157470703125,0
823,214.68601989746094,148.58815002441406,493.14154052734375,149.4563751220703,65.55615997314453,331.5464172363281,102.15174102783203,362.5027770996094,115.17320251464844,327.1622314453125,94.48607635498047,340.3547668457031,111.78096771240234,345.81976318359375,161.50540161132812,354.5216979980469,214.52859497070312,369.7474365234375,248.79949951171875,402.97430419921875,276.44036865234375,427.3456115722656,0
824,214.6039581298828,148.4202880859375,493.1345520019531,149.5319366455078,66.77481079101562,332.0417785644531,102.7517318725586,363.086181640625,116.3019790649414,327.69366455078125,95.3331527709961,341.01629638671875,112.87442016601562,346.45904541015625,161.08444213867188,355.42010498046875,213.72201538085938,370.70361328125,247.99954223632812,403.75445556640625,277.5877685546875,427.43463134765625,0
825,214.6947784423828,148.46774291992188,493.145751953125,149.47850036621094,81.00992584228516,344.6741638183594,116.41651153564453,373.42852783203125,128.82394409179688,337.9289855957031,111.037841796875,351.1121826171875,126.55995178222656,355.1602783203125,169.25814819335938,361.0504150390625,220.8544464111328,374.55975341796875,253.95037841796875,411.35308837890625,281.9322204589844,438.5476379394531,0
826,214.5561981201172,148.58229064941406,493.0135192871094,149.45448303222656,78.79998779296875,354.1346435546875,119.5625228881836,377.193115234375,128.91067504882812,342.1585998535156,108.98345184326172,356.4948425292969,126.64099884033203,359.60247802734375,171.31480407714844,362.0154724121094,222.70472717285156,373.64154052734375,257.94964599609375,406.9755859375,284.426025390625,429.712890625,0
827,214.6011962890625,148.5843963623047,493.14678955078125,149.53170776367188,76.28208923339844,357.8250732421875,116.9297103881836,380.5727844238281,125.75606536865234,345.99884033203125,107.88748168945312,360.9686279296875,124.59420776367188,362.7174377441406,169.77272033691406,363.47100830078125,224.27272033691406,373.3833312988281,261.60980224609375,405.2205810546875,289.92950439453125,428.879150390625,0
828,214.5867462158203,148.6464080810547,493.0642395019531,149.41290283203125,73.70897674560547,361.530517578125,113.88092041015625,385.05914306640625,122.08442687988281,348.9095764160156,105.09371185302734,362.46282958984375,121.27046203613281,365.49884033203125,167.8197784423828,365.16375732421875,223.74766540527344,374.1079406738281,262.243896484375,406.0755310058594,291.520751953125,429.2461242675781,0
829,214.5076141357422,148.55076599121094,493.0052185058594,149.54055786132812,67.08959197998047,368.33892822265625,108.16915130615234,393.6687927246094,117.40943908691406,356.6351013183594,97.16154479980469,371.35552978515625,114.30968475341797,372.9816589355469,167.30923461914062,369.67462158203125,222.31324768066406,375.50335693359375,258.4269714355469,406.17926025390625,287.4345703125,430.00177001953125,0
830,214.5044708251953,148.5476837158203,492.9921875,149.54949951171875,67.0954360961914,368.39599609375,108.2186508178711,393.54388427734375,117.263427734375,356.8058166503906,97.0458984375,371.2956237792969,114.2933578491211,372.8611145019531,167.18820190429688,369.6157531738281,222.27682495117188,375.4676513671875,258.44915771484375,406.1968688964844,287.4214172363281,430.0080261230469,0
831,214.48193359375,148.7455291748047,492.99053955078125,149.4579315185547,64.01270294189453,372.7879638671875,105.18104553222656,394.02276611328125,113.31752014160156,359.78314208984375,94.14531707763672,372.71392822265625,111.43284606933594,375.6692810058594,163.7836151123047,372.0198669433594,220.73585510253906,375.2400817871094,255.79776000976562,406.28204345703125,284.10882568359375,429.3175048828125,0
832,214.61740112304688,148.57778930664062,493.0123596191406,149.39959716796875,60.87389373779297,374.18701171875,105.20777130126953,393.8064880371094,109.1915054321289,356.32171630859375,91.7898941040039,371.9478759765625,108.89208221435547,372.5849609375,158.0775604248047,362.24847412109375,215.94088745117188,366.1707763671875,258.5404357910156,391.66192626953125,284.8095397949219,412.6281433105469,0
833,214.57302856445312,148.4805145263672,493.0874938964844,149.4128875732422,59.661556243896484,376.7564392089844,104.31846618652344,393.03839111328125,107.46902465820312,356.2750549316406,91.68785858154297,373.0201110839844,108.0229721069336,373.37347412109375,156.49032592773438,362.5426940917969,214.07980346679688,367.1488952636719,264.5687561035156,390.2963562011719,312.1777648925781,410.15240478515625,0
834,214.5932159423828,148.516357421875,493.0943908691406,149.50753784179688,57.00185012817383,391.4034118652344,98.64873504638672,408.3312072753906,101.74501037597656,369.2823486328125,85.59860229492188,387.4447937011719,100.96192169189453,386.1083679199219,148.7368927001953,372.33270263671875,206.55886840820312,371.0186462402344,256.5858459472656,394.6626281738281,302.8686828613281,409.5522766113281,0
835,214.59031677246094,148.51889038085938,493.1014404296875,149.51113891601562,56.99311828613281,391.4055480957031,98.65921783447266,408.3126220703125,101.70577239990234,369.2620849609375,85.56404876708984,387.465576171875,100.91431427001953,386.1203918457031,148.71974182128906,372.2812194824219,206.7068634033203,371.03350830078125,256.5470886230469,394.6416320800781,302.8592834472656,409.54400634765625,0
836,214.59657287597656,148.4979705810547,493.1086120605469,149.49253845214844,50.056724548339844,405.78790283203125,99.51173400878906,413.45233154296875,97.2297592163086,378.9812927246094,83.20323181152344,396.4632568359375,98.98919677734375,394.5909118652344,145.8109130859375,375.36248779296875,202.16175842285156,372.1553039550781,244.4046173095703,398.7250061035156,288.68524169921875,420.316162109375,0
837,214.6122589111328,148.51283264160156,493.088134765625,149.5027313232422,45.6976203918457,421.8771667480469,96.1763687133789,429.02056884765625,92.49815368652344,393.03143310546875,77.38247680664062,413.68426513671875,94.07011413574219,410.7560119628906,137.90692138671875,381.7696838378906,198.48300170898438,372.82757568359375,244.76483154296875,401.72265625,297.43328857421875,425.9233703613281,0
838,214.59963989257812,148.5843963623047,493.0774230957031,149.48806762695312,44.29243469238281,430.91436767578125,95.99092102050781,437.5259704589844,92.74679565429688,400.5111389160156,76.46488189697266,422.7733459472656,93.34178161621094,418.16461181640625,138.45590209960938,384.9375,197.2786407470703,372.5927429199219,246.69117736816406,402.2759704589844,303.5429992675781,427.32666015625,0
839,214.65478515625,148.57261657714844,493.02911376953125,149.51806640625,44.47540283203125,443.3172607421875,95.40302276611328,448.4414367675781,93.15472412109375,410.49493408203125,76.19451141357422,433.8526306152344,94.30607604980469,428.5775451660156,135.61013793945312,391.4923400878906,195.3304443359375,373.2958068847656,248.68194580078125,400.4714050292969,308.33685302734375,425.61846923828125,0
840,214.658203125,148.5740966796875,493.02337646484375,149.51324462890625,44.47113800048828,443.44561767578125,95.58015441894531,448.44781494140625,92.96412658691406,411.17706298828125,76.53227233886719,433.8660888671875,94.4428482055664,428.47119140625,135.63055419921875,391.2701110839844,195.3313446044922,373.28668212890625,248.71273803710938,400.5003967285156,308.4488220214844,425.6142578125,0
841,214.76336669921875,148.57810974121094,492.9345703125,149.54092407226562,40.951515197753906,451.0261535644531,95.24166107177734,453.744873046875,89.49458312988281,416.2366027832031,73.73348999023438,440.1341857910156,91.163330078125,434.9219055175781,133.35081481933594,396.3965148925781,193.22592163085938,373.2817077636719,249.7001953125,400.2475891113281,308.5923156738281,426.49615478515625,0
842,214.3839874267578,148.73065185546875,493.1273498535156,149.85719299316406,35.00738525390625,461.0692138671875,90.10868835449219,463.27801513671875,82.44939422607422,426.6576232910156,67.39407348632812,450.5491638183594,83.62171936035156,444.2605895996094,127.23866271972656,403.1983642578125,187.6985626220703,374.480224609375,248.20484924316406,395.7464904785156,303.4569396972656,417.45880126953125,0
843,214.2609405517578,148.7987823486328,493.1360778808594,149.6424560546875,32.885826110839844,463.9466552734375,88.343017578125,465.80999755859375,78.41910552978516,430.0833740234375,64.49170684814453,454.76812744140625,80.47576904296875,447.1098937988281,124.38309478759766,405.1382751464844,185.8213348388672,376.9123229980469,245.82398986816406,395.5679016113281,306.9791564941406,412.9023132324219,0
844,214.24887084960938,148.88894653320312,493.2029724121094,149.67510986328125,29.808622360229492,469.6297912597656,86.45955657958984,469.0096435546875,75.68588256835938,432.625732421875,62.40298080444336,458.01593017578125,78.09555053710938,449.14666748046875,121.45315551757812,407.5094299316406,181.94203186035156,384.768798828125,239.508056640625,406.4102783203125,291.5797119140625,426.7792663574219,0
845,214.2391815185547,148.86846923828125,493.2022399902344,149.67257690429688,29.82286834716797,469.6089172363281,86.40654754638672,468.9768981933594,75.61967468261719,432.6211853027344,62.36394500732422,458.0321960449219,78.12506866455078,449.1365966796875,121.42588806152344,407.5231628417969,181.9407501220703,384.76776123046875,239.48745727539062,406.404052734375,291.55859375,426.7832946777344,0
846,214.384521484375,148.7501220703125,493.0873718261719,149.58047485351562,31.8984432220459,468.3282470703125,86.7001953125,469.3933410644531,76.45518493652344,432.3626708984375,63.14958953857422,457.8510437011719,78.35211944580078,449.2501220703125,121.9822006225586,407.4897155761719,180.51715087890625,387.0655822753906,231.48558044433594,407.93927001953125,266.7863464355469,428.0105285644531,0
847,214.29336547851562,148.69650268554688,493.1097106933594,149.68313598632812,36.552677154541016,465.3631286621094,90.60057067871094,465.54779052734375,81.60401916503906,429.2044372558594,67.03287506103516,454.60028076171875,83.05435943603516,447.3861389160156,126.4595718383789,405.7044677734375,182.6947784423828,389.3263854980469,228.882568359375,411.1818542480469,260.4954528808594,431.0452575683594,0
848,214.377685546875,148.66983032226562,493.0893249511719,149.600830078125,37.854820251464844,462.8526916503906,90.75920104980469,462.5214538574219,82.42066955566406,426.4772033691406,68.61978912353516,450.9980773925781,84.48548126220703,443.6548156738281,127.96443939208984,406.7281799316406,186.63645935058594,388.6031799316406,240.49139404296875,410.4564208984375,292.5601501464844,431.6558532714844,0
849,214.38970947265625,148.6778106689453,493.154052734375,149.685791015625,40.2809944152832,453.3190002441406,94.31593322753906,457.1639709472656,86.13365173339844,419.6163635253906,74.1043472290039,441.0824279785156,89.26384735107422,439.0290832519531,134.69561767578125,401.8709716796875,195.65234375,385.1332092285156,250.56024169921875,406.9165344238281,299.11358642578125,430.8661193847656,0
850,214.335693359375,148.71673583984375,493.10498046875,149.6655731201172,40.298927307128906,453.30657958984375,94.2694091796875,457.1460876464844,86.14739227294922,419.6358947753906,74.05279541015625,441.0251770019531,89.26654815673828,438.96063232421875,134.7431182861328,401.8333740234375,195.6544647216797,385.13189697265625,250.55470275878906,406.8977966308594,299.05279541015625,430.8584899902344,0
851,214.41799926757812,148.55438232421875,493.1163024902344,149.76341247558594,46.335723876953125,448.4835205078125,99.61798858642578,452.7743835449219,93.82594299316406,415.1920166015625,78.12948608398438,438.86480712890625,93.09825897216797,433.7421875,142.23362731933594,397.60296630859375,201.93310546875,382.5467224121094,255.86427307128906,406.3761291503906,305.2384338378906,432.2301025390625,0
852,214.54110717773438,148.7317352294922,493.1028747558594,149.79052734375,67.50491333007812,444.93603515625,115.51155090332031,446.58868408203125,107.88307189941406,413.74951171875,94.80477905273438,435.2281799316406,109.66071319580078,429.2450866699219,159.6781768798828,393.8966064453125,221.06997680664062,383.3067626953125,272.1235656738281,410.3879089355469,324.35205078125,433.03387451171875,0
853,214.449951171875,148.72776794433594,492.963134765625,149.618896484375,78.36894989013672,437.491455078125,126.16630554199219,440.1720886230469,115.0580825805664,410.5805969238281,106.74102783203125,427.90130615234375,120.98289489746094,425.0778503417969,166.96212768554688,390.9626770019531,230.87478637695312,379.8944091796875,286.0093688964844,407.9896545410156,340.5384826660156,428.759521484375,0
854,214.40245056152344,148.78457641601562,493.0193786621094,149.54351806640625,90.47624969482422,421.835205078125,132.20346069335938,432.947998046875,127.21771240234375,401.8693542480469,116.03779602050781,418.27496337890625,130.32672119140625,415.8306884765625,173.2504119873047,387.9063720703125,236.45635986328125,375.4761962890625,296.80657958984375,399.0185546875,351.54278564453125,420.0511474609375,0
855,214.40093994140625,148.7803192138672,493.1174011230469,149.54122924804688,103.28030395507812,409.140869140625,139.73704528808594,427.45013427734375,136.68077087402344,395.8452453613281,126.3945083618164,410.4440002441406,141.6909637451172,410.0018615722656,182.8747100830078,385.2137756347656,240.08224487304688,374.5911560058594,302.8870849609375,395.2523193359375,357.41815185546875,415.3739318847656,0
856,214.4587860107422,148.8253173828125,493.21429443359375,149.66452026367188,111.66836547851562,387.80908203125,142.52073669433594,417.4851379394531,150.27012634277344,385.907470703125,136.94552612304688,396.5542907714844,149.72174072265625,400.3321838378906,192.56036376953125,386.2524719238281,246.1637420654297,374.9521179199219,306.3251037597656,392.5687561035156,366.9730529785156,411.3097229003906,0
857,214.46142578125,148.82008361816406,493.17938232421875,149.71774291992188,111.70751190185547,387.7701416015625,142.50721740722656,417.4983825683594,150.30616760253906,385.90167236328125,136.95736694335938,396.55517578125,149.717529296875,400.31915283203125,192.42495727539062,386.1793212890625,246.19081115722656,374.96868896484375,306.3240051269531,392.5672912597656,366.94793701171875,411.31134033203125,0
858,214.42515563964844,148.63597106933594,493.1776428222656,149.73060607910156,119.02679443359375,380.16705322265625,142.61956787109375,416.0337829589844,152.86349487304688,382.729248046875,139.71078491210938,393.2914733886719,152.82046508789062,399.7137451171875,196.21817016601562,389.5931701660156,248.2746124267578,378.6623840332031,308.820556640625,395.3102722167969,367.6896057128906,412.6384582519531,0
859,214.4228515625,148.77197265625,493.1058349609375,149.81146240234375,125.01171875,367.17864990234375,146.25677490234375,404.2869873046875,160.53231811523438,372.76788330078125,144.50494384765625,382.5057373046875,158.27005004882812,389.2261657714844,199.9485321044922,385.3740539550781,252.525390625,384.4836730957031,315.69866943359375,400.9549255371094,369.01226806640625,417.2619323730469,0
860,214.4478759765625,148.61863708496094,493.07952880859375,149.79592895507812,124.96863555908203,362.8642578125,148.73822021484375,398.4078369140625,163.56922912597656,368.0002746582031,145.77032470703125,376.9544372558594,159.90179443359375,384.7936706542969,201.68695068359375,384.05975341796875,253.61126708984375,387.19873046875,314.6540222167969,406.0783996582031,363.162109375,421.69342041015625,0
861,214.32469177246094,148.7838134765625,493.1379089355469,149.83607482910156,131.99560546875,355.5502624511719,153.027587890625,393.5495910644531,170.13966369628906,365.8228759765625,150.31590270996094,371.6207580566406,165.26654052734375,380.892578125,204.71885681152344,385.31109619140625,253.2575225830078,390.70849609375,309.060546875,415.663330078125,367.1622314453125,434.3247985839844,0
862,214.34561157226562,148.74891662597656,493.14520263671875,149.8447723388672,131.996826171875,355.5560607910156,153.0321807861328,393.5538330078125,170.12327575683594,365.7895812988281,150.31289672851562,371.6114196777344,165.28636169433594,380.9056396484375,204.81068420410156,385.0844421386719,253.2623748779297,390.7062072753906,309.06781005859375,415.66644287109375,367.1619567871094,434.3408203125,0
863,214.34201049804688,148.71095275878906,493.0970764160156,149.80274963378906,135.9820098876953,352.6879577636719,155.8375701904297,394.3995666503906,175.8954315185547,366.6812438964844,154.52488708496094,370.8115539550781,169.076904296875,381.7242431640625,208.4459228515625,387.5715026855469,253.86590576171875,391.45166015625,309.4244384765625,416.2066650390625,365.0051574707031,435.13427734375,0
864,214.48451232910156,148.826904296875,493.0809326171875,149.8109893798828,134.4278564453125,357.85845947265625,148.85662841796875,401.0881042480469,169.34942626953125,376.42071533203125,151.1275634765625,379.8111572265625,161.6155242919922,391.63037109375,209.6775665283203,390.007568359375,257.9798278808594,393.8778076171875,312.9400329589844,415.858154296875,360.2041320800781,435.2458190917969,0
865,214.42739868164062,148.769775390625,493.0793151855469,149.8535919189453,135.45640563964844,362.8395080566406,156.65597534179688,396.4170837402344,174.32748413085938,373.7864990234375,156.92515563964844,380.4561767578125,170.6597900390625,388.7458801269531,214.015869140625,392.221923828125,261.0807800292969,394.4731140136719,315.28424072265625,417.9429016113281,368.25177001953125,435.6864318847656,0
866,214.50479125976562,148.71897888183594,493.04876708984375,149.7493896484375,149.65036010742188,349.34857177734375,162.66258239746094,396.0948181152344,186.47340393066406,370.83074951171875,164.82269287109375,374.9053649902344,176.90953063964844,387.3674621582031,215.2887725830078,396.91552734375,260.4588928222656,396.71832275390625,315.6294250488281,420.106201171875,369.7256164550781,435.1949768066406,0
867,214.50872802734375,148.7133331298828,493.04534912109375,149.73814392089844,149.65802001953125,349.348876953125,162.67080688476562,396.105712890625,186.42784118652344,370.85943603515625,164.82730102539062,374.8982849121094,176.8876190185547,387.3833312988281,215.2867431640625,396.8903503417969,260.4949035644531,396.64691162109375,315.5986633300781,420.0779724121094,369.7032165527344,435.19671630859375,0
868,214.5497283935547,148.81163024902344,493.0633850097656,149.72813415527344,159.2896728515625,347.9217834472656,166.35458374023438,397.7538146972656,192.04298400878906,375.71417236328125,170.80691528320312,375.6894226074219,181.9295196533203,390.947998046875,216.7071075439453,399.4534912109375,259.8167419433594,397.105224609375,315.7449951171875,420.2091979980469,370.1916198730469,435.47515869140625,0
869,214.64544677734375,148.86912536621094,493.137451171875,149.62313842773438,163.54856872558594,345.5335388183594,168.2813720703125,396.540771484375,196.75198364257812,376.5547790527344,172.98574829101562,375.663818359375,183.6125946044922,390.62994384765625,216.6556396484375,399.8152770996094,258.5049743652344,397.44189453125,313.98175048828125,419.7451171875,369.9184265136719,435.8620910644531,0
870,214.64892578125,148.8209686279297,493.1627197265625,149.67941284179688,165.6824951171875,345.3669738769531,169.71649169921875,395.36773681640625,198.16921997070312,374.74407958984375,174.51170349121094,374.5311279296875,184.94781494140625,389.3314514160156,216.47775268554688,400.19561767578125,257.8459167480469,397.434326171875,313.1969299316406,419.46661376953125,370.8232421875,435.7129821777344,0
871,214.5205841064453,148.72787475585938,493.20751953125,149.68270874023438,162.201904296875,348.3060607910156,170.56761169433594,397.54425048828125,196.52313232421875,374.05218505859375,172.82176208496094,376.166259765625,185.05616760253906,390.3846740722656,216.21975708007812,400.466796875,256.10400390625,397.51629638671875,312.3596496582031,418.4377136230469,368.71160888671875,435.4051208496094,0
872,214.52142333984375,148.7281036376953,493.1845397949219,149.68809509277344,162.21218872070312,348.326904296875,170.59347534179688,397.5627136230469,196.47982788085938,374.0518493652344,172.8115234375,376.16717529296875,185.04757690429688,390.364013671875,216.2102508544922,400.46142578125,256.0977783203125,397.5190734863281,312.3532409667969,418.43719482421875,368.7025146484375,435.4044494628906,0
873,214.51776123046875,148.7955322265625,493.1697692871094,149.68362426757812,161.19639587402344,350.0318908691406,170.8690643310547,398.2192687988281,195.4041290283203,374.4227600097656,172.06240844726562,377.3646240234375,184.79092407226562,390.8013610839844,215.8583984375,400.0548095703125,255.081787109375,397.1519775390625,311.3440856933594,418.2413635253906,370.409423828125,435.6521301269531,0
874,214.49588012695312,148.83203125,493.12591552734375,149.73866271972656,161.38526916503906,354.1376647949219,172.11953735351562,397.1492614746094,195.14825439453125,371.9765625,172.97779846191406,376.40533447265625,185.6507110595703,388.6783142089844,216.51210021972656,398.8546142578125,253.64100646972656,396.5980224609375,308.6575927734375,418.587646484375,369.0367126464844,435.33343505859375,0
875,214.51239013671875,148.79208374023438,493.1099853515625,149.7156982421875,160.93678283691406,353.62091064453125,172.77381896972656,397.697265625,194.7666778564453,371.6358642578125,172.86500549316406,376.23614501953125,185.76992797851562,388.5464782714844,217.06016540527344,398.5627136230469,253.59942626953125,396.3165588378906,309.2395935058594,418.5365295410156,370.4656677246094,435.45196533203125,0
876,214.48248291015625,148.8489990234375,493.0804138183594,149.63282775878906,161.62034606933594,351.7757263183594,170.50927734375,395.56793212890625,191.46847534179688,367.7737121582031,171.5485382080078,372.20660400390625,183.62271118164062,384.77081298828125,216.33985900878906,396.8630676269531,253.6751251220703,396.0799865722656,309.28997802734375,418.6022644042969,368.0379333496094,434.57025146484375,0
877,214.47970581054688,148.8517303466797,493.0350341796875,149.6835479736328,161.61068725585938,351.7683410644531,170.50341796875,395.5154113769531,191.44805908203125,367.7735900878906,171.5507049560547,372.16680908203125,183.59278869628906,384.7167663574219,216.25967407226562,397.009765625,253.695556640625,396.0782775878906,309.2777099609375,418.5979309082031,367.96875,434.59295654296875,0
878,214.46083068847656,148.8015899658203,493.0466003417969,149.55897521972656,160.58651733398438,349.4378662109375,169.10443115234375,393.8490905761719,189.12518310546875,366.0242919921875,170.18521118164062,369.728515625,183.1109161376953,383.1029052734375,214.66787719726562,395.1090087890625,253.52357482910156,395.83966064453125,308.8221740722656,418.41021728515625,367.9937744140625,434.7380065917969,0
879,214.57302856445312,148.7720184326172,493.1153564453125,149.55136108398438,163.1903076171875,348.6839294433594,164.4658966064453,389.496337890625,185.45223999023438,362.6614074707031,168.49000549316406,366.7800598144531,178.49571228027344,379.9760437011719,213.3373565673828,392.75146484375,253.40814208984375,395.8467102050781,308.2024230957031,418.2816467285156,366.5474548339844,434.7344970703125,0
880,214.66485595703125,148.7672576904297,492.9613952636719,149.50794982910156,163.45724487304688,345.62640380859375,163.03701782226562,388.3229675292969,183.74188232421875,360.2862243652344,167.2222442626953,365.4599304199219,176.3330078125,378.6278381347656,212.82315063476562,391.91656494140625,253.47723388671875,396.2906799316406,308.97833251953125,418.454345703125,366.82879638671875,434.8778076171875,0
881,214.68557739257812,148.67140197753906,493.0184631347656,149.42709350585938,163.35809326171875,344.2082824707031,161.69656372070312,386.11541748046875,182.84060668945312,360.7540588378906,167.03945922851562,365.14520263671875,175.11798095703125,377.79705810546875,212.01788330078125,391.1130065917969,253.60752868652344,396.5890197753906,309.1609191894531,418.58203125,366.7777404785156,434.6982116699219,0
882,214.68533325195312,148.67205810546875,493.0032958984375,149.4976806640625,163.37454223632812,344.2035217285156,161.70654296875,386.16156005859375,182.83489990234375,360.68023681640625,166.9911346435547,365.12841796875,175.09165954589844,377.7093505859375,211.91339111328125,391.09600830078125,253.60670471191406,396.6075744628906,309.1925048828125,418.5952453613281,366.8173828125,434.6951904296875,0
883,214.53045654296875,148.60125732421875,493.0787353515625,149.57888793945312,164.11782836914062,345.7281494140625,160.31716918945312,380.5129699707031,179.70350646972656,356.4580078125,164.08473205566406,362.4288635253906,172.70724487304688,373.6690979003906,210.31651306152344,388.8343505859375,254.3640594482422,397.0897216796875,309.52801513671875,418.9365539550781,368.3354797363281,434.5966796875,0
884,214.4941864013672,148.76651000976562,493.07080078125,149.5645751953125,158.85250854492188,342.0050048828125,155.68453979492188,372.8231506347656,173.0512237548828,345.6293640136719,160.31272888183594,352.8745422363281,168.17149353027344,363.95989990234375,207.05014038085938,382.6879577636719,254.9918975830078,399.3834228515625,310.7226257324219,422.06341552734375,360.09051513671875,435.49749755859375,0
885,214.612548828125,148.63653564453125,492.9705505371094,149.72398376464844,158.50592041015625,337.34539794921875,151.9161376953125,371.3523864746094,168.71583557128906,345.1861572265625,156.64549255371094,350.919677734375,165.1778106689453,362.65386962890625,204.10231018066406,381.5634460449219,254.6837921142578,399.39349365234375,309.50958251953125,422.2872619628906,359.3954772949219,435.158935546875,0
886,214.57435607910156,148.60707092285156,492.9055480957031,149.79302978515625,159.04684448242188,337.30194091796875,150.1072540283203,370.56683349609375,167.93089294433594,344.4088134765625,155.71939086914062,350.4820556640625,164.08331298828125,362.05841064453125,201.44984436035156,380.0561828613281,253.18341064453125,401.0810852050781,308.3963928222656,425.4177551269531,358.3287658691406,435.0466003417969,0
887,214.6569061279297,148.54974365234375,492.8921813964844,149.83682250976562,157.3858642578125,337.9281005859375,147.62973022460938,369.2565002441406,167.16612243652344,343.340087890625,153.22802734375,349.74212646484375,161.99159240722656,362.0826110839844,199.49806213378906,379.2291259765625,251.4869842529297,402.1172180175781,299.6058044433594,429.0975036621094,346.1216125488281,437.0369873046875,0
888,214.596923828125,148.54232788085938,492.8173522949219,149.72515869140625,158.4209747314453,343.328857421875,150.10208129882812,373.13189697265625,168.7029266357422,344.7079162597656,154.57376098632812,356.15289306640625,163.8805694580078,364.216064453125,201.70765686035156,380.01971435546875,252.662841796875,401.1033630371094,298.6850891113281,428.7775573730469,342.3787841796875,434.89910888671875,0
889,214.48133850097656,148.6995849609375,492.8304748535156,149.71453857421875,158.88375854492188,343.21112060546875,152.77503967285156,374.336181640625,169.51638793945312,344.29193115234375,156.46173095703125,355.1466979980469,165.01412963867188,364.4975280761719,203.5906982421875,380.2955017089844,253.55958557128906,400.4665222167969,300.2318420410156,428.3006286621094,346.8430480957031,436.25238037109375,0
890,214.54322814941406,148.67379760742188,492.9006652832031,149.7330322265625,158.90753173828125,343.2832946777344,152.62596130371094,374.38153076171875,169.5403289794922,344.3797607421875,156.49415588378906,355.241943359375,164.9594268798828,364.5165710449219,203.4798583984375,380.3476257324219,253.60006713867188,400.47271728515625,300.0887145996094,428.25933837890625,346.7055358886719,436.2372741699219,0
891,214.43731689453125,148.77626037597656,492.9768371582031,149.6531219482422,143.4425811767578,371.1147155761719,153.6683807373047,394.19342041015625,157.08078002929688,358.5606994628906,148.34727478027344,374.6219482421875,159.65859985351562,377.5706787109375,202.89236450195312,377.89874267578125,256.9340515136719,393.15606689453125,304.7237854003906,422.3098449707031,360.7867736816406,434.6128234863281,0
892,214.43246459960938,148.77215576171875,492.9715270996094,149.6555938720703,143.77853393554688,370.6811218261719,153.77516174316406,394.1357116699219,157.515869140625,358.714599609375,148.6789093017578,374.6521911621094,160.20985412597656,377.96673583984375,201.8931121826172,379.107421875,256.9384765625,393.15093994140625,304.697265625,422.318603515625,360.7418518066406,434.62396240234375,0
893,214.51365661621094,148.79953002929688,493.0534973144531,149.58160400390625,140.5428009033203,376.64495849609375,153.81256103515625,396.3143005371094,153.55970764160156,364.7914733886719,146.07025146484375,379.53997802734375,157.73910522460938,381.7123718261719,201.24256896972656,378.57757568359375,256.4265441894531,393.5970458984375,305.81231689453125,422.18804931640625,363.2816162109375,434.8370666503906,0
894,214.50213623046875,148.5887908935547,493.2887268066406,149.652099609375,129.4306640625,389.8678894042969,144.20262145996094,408.4331359863281,140.35501098632812,373.3338623046875,134.29959106445312,391.19879150390625,145.57582092285156,389.9820556640625,189.4495849609375,382.4905700683594,247.78688049316406,393.3599853515625,290.853271484375,421.6387634277344,338.290771484375,434.9555969238281,0
895,214.6298065185547,148.7109375,493.2467041015625,149.7324676513672,123.39952850341797,396.7149658203125,139.4593048095703,412.1846923828125,132.74798583984375,381.92181396484375,128.61277770996094,397.8093566894531,140.31703186035156,396.0132751464844,186.1242218017578,384.22906494140625,244.87355041503906,390.04486083984375,287.135986328125,419.3925476074219,330.1833801269531,436.0573425292969,0
896,214.37173461914062,148.705078125,493.15545654296875,149.65719604492188,120.20389556884766,400.1136474609375,138.202880859375,419.43096923828125,131.55140686035156,386.8420715332031,126.6016616821289,400.0864562988281,138.12448120117188,400.9291076660156,183.75685119628906,386.2681884765625,242.09738159179688,387.24810791015625,286.58831787109375,416.7047424316406,339.29071044921875,434.4566955566406,0
897,214.36895751953125,148.70303344726562,493.156982421875,149.65887451171875,120.20403289794922,400.112548828125,138.20196533203125,419.42486572265625,131.5509490966797,386.84222412109375,126.59830474853516,400.082763671875,138.12142944335938,400.924560546875,183.7554168701172,386.2567138671875,242.09793090820312,387.2491760253906,286.597900390625,416.70770263671875,339.33624267578125,434.4507141113281,0
898,214.4183807373047,148.60043334960938,493.07330322265625,149.57180786132812,120.08733367919922,410.9736633300781,139.33908081054688,423.53955078125,124.77092742919922,393.4129638671875,125.4339370727539,409.41119384765625,136.17669677734375,405.7771301269531,180.70751953125,387.52801513671875,237.89743041992188,385.62060546875,286.46038818359375,415.1058349609375,341.4212646484375,429.92706298828125,0
899,214.64671325683594,148.6762237548828,493.124755859375,149.53318786621094,112.74791717529297,427.2212219238281,143.3671417236328,427.4654541015625,126.42550659179688,401.8914794921875,126.13999938964844,418.4736022949219,137.33311462402344,411.6130065917969,179.05606079101562,388.3313293457031,235.82765197753906,374.2499084472656,287.7344970703125,404.4994812011719,343.9604797363281,420.0081787109375,0
900,214.65525817871094,148.61257934570312,493.1982727050781,149.39779663085938,114.47846984863281,433.4545593261719,147.52493286132812,426.16107177734375,127.98588562011719,402.4566345214844,126.76261901855469,421.05218505859375,139.10403442382812,411.274658203125,178.7978057861328,385.58184814453125,234.99241638183594,369.2807312011719,291.4028015136719,395.914306640625,346.6527099609375,409.38427734375,0
901,214.49105834960938,148.8538818359375,493.06597900390625,149.55386352539062,115.87604522705078,438.402587890625,151.94232177734375,427.694580078125,132.11529541015625,403.15771484375,130.71832275390625,422.8678283691406,143.52432250976562,411.6846618652344,180.7056884765625,383.9981689453125,235.4850616455078,364.2875061035156,290.2300109863281,387.4822082519531,349.91448974609375,396.8034973144531,0
902,214.50531005859375,148.816650390625,493.0569152832031,149.55638122558594,115.86405944824219,438.41900634765625,151.93692016601562,427.69403076171875,132.11846923828125,403.1531066894531,130.70541381835938,422.8714294433594,143.5151824951172,411.6937255859375,180.7226104736328,384.0192565917969,235.46302795410156,364.2824401855469,290.2354736328125,387.48870849609375,349.92303466796875,396.8027648925781,0
903,214.63624572753906,148.75381469726562,493.03509521484375,149.68643188476562,119.96342468261719,436.82293701171875,155.3116912841797,427.80975341796875,135.7127685546875,404.046630859375,135.2159881591797,421.9144592285156,148.2482452392578,411.8710632324219,183.94027709960938,383.9156188964844,237.02755737304688,362.30169677734375,287.4725036621094,387.88336181640625,345.1417541503906,405.16180419921875,0
904,214.51002502441406,148.82749938964844,493.0215759277344,149.6273651123047,127.91431427001953,429.9855041503906,161.72927856445312,425.8450927734375,142.4291229248047,400.7451477050781,141.36508178710938,419.7309875488281,153.00550842285156,410.41845703125,187.6182861328125,381.1551818847656,240.3006134033203,357.3083190917969,296.370849609375,380.25714111328125,345.9559020996094,402.7673645019531,0
905,214.50405883789062,148.6268768310547,493.0038757324219,149.6898651123047,128.02935791015625,430.68927001953125,165.35777282714844,424.4993896484375,144.75924682617188,399.6826171875,143.56668090820312,418.7847595214844,155.58351135253906,410.02655029296875,189.08189392089844,380.11102294921875,237.50985717773438,356.1330261230469,298.1529846191406,366.8373107910156,352.200439453125,390.9510192871094,0
906,214.67991638183594,148.80702209472656,493.0128173828125,149.68026733398438,128.72532653808594,430.08734130859375,166.28904724121094,424.091552734375,146.15805053710938,399.7940673828125,144.849853515625,417.99755859375,156.78456115722656,409.5490417480469,190.01104736328125,380.91015625,237.38027954101562,356.32757568359375,300.443603515625,364.1341552734375,355.9978332519531,389.1536560058594,0
907,214.61483764648438,148.75416564941406,493.0328369140625,149.7465362548828,128.0071563720703,429.9253234863281,166.54873657226562,424.245361328125,149.12905883789062,398.747802734375,145.70504760742188,417.0316467285156,158.89654541015625,407.6880187988281,190.965087890625,381.39996337890625,237.4011688232422,356.65185546875,302.05731201171875,363.904296875,354.9551696777344,391.0623474121094,0
908,214.55654907226562,148.692138671875,493.0123291015625,149.7443084716797,125.415771484375,426.1869812011719,166.40065002441406,425.72735595703125,152.38929748535156,397.7481384277344,146.52801513671875,415.9269714355469,161.22747802734375,408.1585998535156,192.12327575683594,382.6268310546875,237.54576110839844,357.33740234375,302.162109375,364.2908020019531,353.5954284667969,395.06524658203125,0
909,214.53756713867188,148.73216247558594,493.0329895019531,149.77017211914062,121.20661926269531,420.3294982910156,165.4611053466797,425.1206970214844,152.5379638671875,394.0316162109375,145.34011840820312,412.74822998046875,159.53375244140625,407.078857421875,194.22181701660156,382.8708190917969,237.18101501464844,357.9178771972656,302.748291015625,364.26434326171875,353.7457580566406,395.9397888183594,0
910,214.64541625976562,148.54641723632812,493.0922546386719,149.8299102783203,118.34146118164062,415.7389221191406,163.3864288330078,425.48663330078125,152.02633666992188,390.75994873046875,143.33494567871094,410.79901123046875,158.61270141601562,406.67626953125,194.3328399658203,383.2379455566406,236.72616577148438,358.5505065917969,302.4566650390625,365.22686767578125,353.039794921875,397.4881286621094,0
911,214.6430206298828,148.54161071777344,493.11376953125,149.86587524414062,118.34979248046875,415.7428894042969,163.36390686035156,425.47930908203125,151.98995971679688,390.74444580078125,143.29592895507812,410.8050231933594,158.56558227539062,406.6910400390625,194.29798889160156,383.3110046386719,236.7234649658203,358.5410461425781,302.4676208496094,365.2250061035156,353.086181640625,397.5288391113281,0
912,214.62838745117188,148.44082641601562,493.08953857421875,149.87530517578125,116.71699523925781,416.5323486328125,161.50807189941406,426.4977722167969,152.36090087890625,391.15576171875,141.81617736816406,410.99896240234375,157.18905639648438,406.6517028808594,193.51602172851562,383.47503662109375,236.40367126464844,358.6322021484375,302.00079345703125,365.6639099121094,353.1832275390625,397.7705383300781,0
913,214.5629119873047,148.35110473632812,493.0322570800781,149.8881378173828,110.4264907836914,411.39996337890625,152.70809936523438,426.0764465332031,147.9589080810547,392.18231201171875,135.23712158203125,408.54107666015625,151.2036590576172,407.7711181640625,191.76893615722656,386.1731262207031,237.22512817382812,359.40020751953125,301.4674377441406,367.12078857421875,353.39141845703125,400.7913513183594,0
914,214.5289764404297,148.43057250976562,492.93988037109375,149.80140686035156,110.27385711669922,409.7080383300781,152.6600799560547,425.0567626953125,150.42874145507812,388.3292541503906,136.7693634033203,406.32080078125,152.4163055419922,405.0276184082031,192.84983825683594,385.848388671875,237.20053100585938,360.711669921875,300.77825927734375,369.2481689453125,352.5854187011719,402.7287292480469,0
915,214.30178833007812,148.7160186767578,493.05572509765625,149.74105834960938,110.88819885253906,404.15045166015625,153.66653442382812,425.5795593261719,152.9623260498047,387.04327392578125,139.6324005126953,404.36212158203125,155.36257934570312,405.006591796875,193.95858764648438,385.0499267578125,237.78555297851562,361.2215881347656,301.0245361328125,372.0126037597656,352.3041076660156,406.0975341796875,0
916,214.3072052001953,148.71812438964844,493.0547180175781,149.7415008544922,110.89964294433594,404.1509094238281,153.66712951660156,425.5871887207031,152.9580078125,387.03961181640625,139.64476013183594,404.3643798828125,155.3699951171875,405.00421142578125,193.98626708984375,385.06787109375,237.79832458496094,361.2271423339844,300.9935302734375,371.9921569824219,352.3042297363281,406.0975341796875,0
917,214.44923400878906,148.49229431152344,493.0358581542969,149.86351013183594,111.91161346435547,401.26123046875,155.33529663085938,424.5337219238281,156.83782958984375,384.821044921875,139.78395080566406,403.0404357910156,156.71824645996094,403.3921203613281,195.42230224609375,385.4574279785156,237.19944763183594,361.07135009765625,300.6542053222656,372.0760192871094,352.1272888183594,408.8770446777344,0
918,214.5315704345703,148.607421875,493.07489013671875,149.937255859375,115.55431365966797,390.31695556640625,157.43783569335938,419.00750732421875,161.83909606933594,382.2122497558594,144.13279724121094,396.34088134765625,159.51402282714844,400.180908203125,197.3043670654297,386.5794982910156,237.41087341308594,361.5909729003906,300.5057067871094,372.39837646484375,352.011474609375,408.54937744140625,0
919,214.52723693847656,148.4436798095703,493.3210144042969,149.84521484375,114.60127258300781,389.4291076660156,156.83103942871094,418.1040954589844,161.64385986328125,380.7613220214844,144.05445861816406,395.691162109375,159.68251037597656,399.3009033203125,197.37875366210938,386.1934814453125,237.62680053710938,361.4562683105469,300.4546813964844,372.4550476074219,351.919921875,408.5390930175781,0
920,214.58029174804688,148.56719970703125,493.2439270019531,149.77935791015625,113.93453979492188,384.8250427246094,156.40274047851562,415.3292541503906,162.15260314941406,380.92822265625,143.6346435546875,393.9075622558594,159.6515350341797,398.421630859375,197.46974182128906,387.6515808105469,237.02886962890625,362.6519775390625,300.262939453125,373.1655578613281,352.2816162109375,408.6936340332031,0
921,214.49978637695312,148.47630310058594,493.1113586425781,149.76205444335938,114.26302337646484,385.3021240234375,155.79086303710938,415.0472412109375,161.89157104492188,380.113525390625,142.492431640625,394.09417724609375,159.66555786132812,397.6711120605469,197.24075317382812,387.2529296875,237.46067810058594,362.5530700683594,300.7432556152344,372.9281311035156,352.18975830078125,408.582763671875,0
922,214.40309143066406,148.52923583984375,493.07196044921875,149.70065307617188,113.13733673095703,387.1105651855469,154.0592803955078,415.9624328613281,160.54721069335938,380.2499694824219,142.5965118408203,394.3453369140625,158.74366760253906,398.05133056640625,196.46340942382812,387.0552978515625,237.52992248535156,362.56048583984375,301.1614074707031,373.00335693359375,352.8541259765625,408.603271484375,0
923,214.4783172607422,148.6365509033203,493.0802917480469,149.75228881835938,112.25892639160156,389.9275817871094,153.06678771972656,418.0731506347656,159.5648193359375,380.37506103515625,142.2462158203125,394.91546630859375,158.35198974609375,398.0626220703125,196.27511596679688,386.83734130859375,237.6365509033203,363.1286926269531,302.4100646972656,373.88702392578125,354.02618408203125,408.7803039550781,0
924,214.37307739257812,148.72158813476562,493.15386962890625,149.8062744140625,117.89584350585938,398.9541015625,158.6363067626953,420.9228820800781,161.443115234375,382.1164245605469,146.66368103027344,398.3474426269531,160.06460571289062,400.3475036621094,197.7827911376953,385.6947021484375,238.5269317626953,363.1542053222656,303.1905212402344,374.7154235839844,354.60833740234375,408.3020324707031,0
925,214.3221435546875,148.76918029785156,493.1812438964844,149.81581115722656,117.90015411376953,398.95220947265625,158.63809204101562,420.932373046875,161.38485717773438,382.1457824707031,146.64300537109375,398.3486328125,160.0350341796875,400.32794189453125,197.77389526367188,385.6586608886719,238.5181427001953,363.1543884277344,303.3151550292969,374.72247314453125,354.81475830078125,408.41766357421875,0
926,214.5030975341797,148.6440887451172,493.0510559082031,149.802978515625,119.68319702148438,400.7542419433594,161.39479064941406,421.4158020019531,163.84335327148438,382.8462219238281,148.6818389892578,399.81781005859375,162.2383575439453,401.05828857421875,198.6260223388672,386.5272216796875,238.71246337890625,363.1219177246094,303.54949951171875,375.0352478027344,355.1225280761719,408.53143310546875,0
927,214.46774291992188,148.65380859375,493.1643981933594,149.83505249023438,119.45878601074219,400.0185852050781,162.4947967529297,421.9182434082031,165.808349609375,383.60223388671875,150.71011352539062,399.79443359375,164.1710205078125,401.5151672363281,199.27291870117188,385.9957275390625,239.0076446533203,362.98626708984375,304.1084899902344,375.4557800292969,356.0876770019531,409.1150207519531,0
928,214.40914916992188,148.7108917236328,493.064697265625,149.76748657226562,119.26412963867188,397.53094482421875,161.46484375,422.1964416503906,165.45907592773438,383.9078674316406,149.88449096679688,399.5354309082031,162.79574584960938,400.29095458984375,199.5996551513672,386.5722351074219,238.85487365722656,363.07305908203125,304.021728515625,375.3578186035156,355.6243591308594,408.79681396484375,0
929,214.370361328125,148.71231079101562,493.0102233886719,149.8148193359375,120.80872344970703,393.5176696777344,160.35231018066406,421.1107482910156,168.12208557128906,383.77099609375,150.016357421875,398.12738037109375,163.63890075683594,400.0649719238281,200.00804138183594,387.1225891113281,239.1271209716797,363.1814880371094,303.87994384765625,375.254638671875,355.2996520996094,408.34649658203125,0
930,214.3726043701172,148.71408081054688,493.0274353027344,149.7464141845703,120.8128662109375,393.5233459472656,160.36761474609375,421.11016845703125,168.1368408203125,383.7561950683594,150.0199737548828,398.1330871582031,163.64369201660156,400.0439453125,200.0159912109375,387.1305847167969,239.1278076171875,363.1822814941406,303.8666687011719,375.23883056640625,355.3031005859375,408.3521423339844,0
931,214.4318084716797,148.54966735839844,493.054443359375,149.68911743164062,120.14968872070312,388.8180236816406,159.27694702148438,419.26751708984375,167.9081573486328,382.63775634765625,149.66839599609375,395.5296325683594,164.52818298339844,401.29345703125,200.95065307617188,388.6533508300781,239.19732666015625,363.41326904296875,304.09478759765625,375.3647155761719,356.0769958496094,409.2072448730469,0
932,214.4150848388672,148.66891479492188,493.1627197265625,149.6315155029297,128.1734161376953,386.18707275390625,158.19847106933594,418.61480712890625,173.38343811035156,380.857177734375,152.64625549316406,394.4837341308594,168.4961395263672,401.62103271484375,199.89114379882812,389.8682861328125,238.38674926757812,364.2414855957031,304.0177307128906,376.28900146484375,356.0998840332031,409.5233154296875,0
933,214.32440185546875,148.70643615722656,493.1448974609375,149.50460815429688,130.32357788085938,380.7211608886719,157.21112060546875,417.70574951171875,176.12094116210938,380.5543212890625,154.37088012695312,392.8267517089844,169.6180419921875,401.1756591796875,199.7024688720703,390.9920959472656,238.29676818847656,364.4412841796875,303.434326171875,376.2321472167969,355.4559020996094,408.7259826660156,0
934,214.31002807617188,148.52940368652344,493.1794128417969,149.4724578857422,137.40484619140625,369.4085388183594,153.19476318359375,412.5942687988281,175.79966735839844,382.5030822753906,153.8972930908203,387.5375061035156,168.0370330810547,398.88909912109375,198.1078643798828,395.61236572265625,238.6298370361328,364.5511779785156,303.5039978027344,376.91064453125,355.2061462402344,408.3628845214844,0
935,214.32763671875,148.53253173828125,493.154296875,149.5,137.40589904785156,369.277099609375,153.2188720703125,412.675048828125,175.65684509277344,382.63525390625,153.71359252929688,387.7402038574219,167.98524475097656,399.2565002441406,198.10494995117188,395.6307067871094,238.67933654785156,364.55072021484375,303.51806640625,376.9234619140625,355.2074890136719,408.3645324707031,0
936,214.30560302734375,148.50869750976562,493.13458251953125,149.48593139648438,138.08775329589844,370.2262268066406,155.78749084472656,412.1116027832031,180.46783447265625,380.3441162109375,156.9065704345703,387.96978759765625,169.98809814453125,398.3360595703125,199.3585205078125,395.80743408203125,237.4516143798828,364.78204345703125,303.8443908691406,377.1703186035156,355.8822937011719,409.0321044921875,0
937,214.27755737304688,148.4635009765625,493.16790771484375,149.3636474609375,138.5467529296875,378.3669738769531,157.2982940673828,413.0436096191406,182.43838500976562,381.363037109375,159.47108459472656,391.24102783203125,171.3866729736328,398.29058837890625,200.117431640625,394.9300231933594,238.03237915039062,365.4090270996094,303.4161071777344,377.7042236328125,355.4240417480469,407.4266662597656,0
938,214.3507080078125,148.56605529785156,493.151611328125,149.49119567871094,138.1066131591797,377.4505920410156,157.15769958496094,413.5845947265625,182.1132354736328,381.4131774902344,158.77655029296875,391.26416015625,171.5431365966797,398.4252624511719,199.2841339111328,395.5868225097656,237.02243041992188,365.18048095703125,303.91351318359375,377.82830810546875,355.0874328613281,408.4006652832031,0
939,214.3439178466797,148.62686157226562,493.2223815917969,149.4920196533203,145.68663024902344,367.9087829589844,154.40054321289062,411.2911376953125,184.7760467529297,383.0214538574219,158.42344665527344,387.32989501953125,170.4144287109375,398.504150390625,202.30909729003906,396.5125427246094,238.22845458984375,366.0153503417969,302.69329833984375,378.1527404785156,355.4778137207031,407.60247802734375,0
940,214.34617614746094,148.59939575195312,493.23760986328125,149.5078125,145.8206024169922,367.8565979003906,154.3969268798828,411.2962341308594,184.9258575439453,383.06268310546875,158.50515747070312,387.29595947265625,170.51516723632812,398.47900390625,202.32928466796875,396.580078125,238.2032928466797,366.0201416015625,302.6942443847656,378.1455383300781,355.5154724121094,407.6298522949219,0
941,214.30435180664062,148.67657470703125,493.1572570800781,149.55162048339844,148.73316955566406,364.6394958496094,153.33470153808594,409.4008483886719,186.0687255859375,383.38568115234375,159.173828125,385.5455017089844,169.87034606933594,397.5968933105469,204.32168579101562,398.28204345703125,238.0040283203125,366.32818603515625,303.0411071777344,378.4079895019531,355.44512939453125,408.36767578125,0
942,214.34161376953125,148.52011108398438,493.0383605957031,149.60401916503906,151.44052124023438,353.58270263671875,152.9903106689453,402.0855712890625,186.90672302246094,380.2913513183594,160.1559600830078,379.9143981933594,169.613037109375,393.47235107421875,201.15621948242188,400.1842956542969,239.636962890625,366.4156494140625,304.6294860839844,379.1128234863281,357.0023498535156,409.0393981933594,0
943,214.42578125,148.63064575195312,493.10552978515625,149.6544952392578,153.7880096435547,356.925048828125,154.43826293945312,401.08984375,188.61163330078125,379.5017395019531,161.95787048339844,379.422119140625,171.83726501464844,392.5234680175781,204.14413452148438,399.0384521484375,239.54544067382812,366.8944396972656,304.0730895996094,379.44464111328125,356.88360595703125,409.101806640625,0
944,214.4432830810547,148.6324462890625,493.1342468261719,149.69448852539062,154.1934814453125,360.5133056640625,154.6656494140625,401.70562744140625,189.20455932617188,379.6695556640625,162.47055053710938,380.21923828125,171.89503479003906,392.5079345703125,204.64791870117188,397.254638671875,239.75436401367188,366.619140625,304.2939453125,379.7347412109375,357.2652282714844,409.2837829589844,0
945,214.52554321289062,148.59922790527344,493.10943603515625,149.73292541503906,154.42916870117188,361.14483642578125,155.14337158203125,401.4755554199219,190.35406494140625,380.16912841796875,163.018310546875,380.2176208496094,172.87542724609375,392.234375,204.2593994140625,397.3625183105469,239.83876037597656,366.647216796875,303.6461181640625,378.86651611328125,357.0866394042969,409.0271911621094,0
946,214.3968963623047,148.6609649658203,493.07318115234375,149.58457946777344,137.71585083007812,364.3381652832031,158.39962768554688,405.9981689453125,181.73927307128906,374.532958984375,159.6598358154297,381.88470458984375,172.53025817871094,391.4102478027344,205.4619140625,392.23095703125,239.6675567626953,366.5165100097656,303.534423828125,379.4536437988281,356.9820556640625,408.8561096191406,0
947,214.4017333984375,148.6602020263672,493.0954284667969,149.56924438476562,137.6678924560547,364.34246826171875,158.42813110351562,405.9631652832031,181.59703063964844,374.41650390625,159.5550994873047,381.7662353515625,172.39105224609375,391.30572509765625,205.3187255859375,392.1869201660156,239.66184997558594,366.5055236816406,303.52923583984375,379.4501953125,356.9801330566406,408.85565185546875,0
948,214.55862426757812,148.6456756591797,493.1942138671875,149.5889434814453,136.11903381347656,372.2326354980469,157.78558349609375,409.9284973144531,178.08592224121094,375.238525390625,157.6117706298828,384.48455810546875,169.86842346191406,393.3361511230469,201.76889038085938,390.9521179199219,239.49627685546875,366.2691955566406,302.77587890625,380.2511901855469,357.5748291015625,409.478759765625,0
949,214.5572967529297,148.44004821777344,493.26434326171875,149.59396362304688,142.01141357421875,378.46063232421875,159.34542846679688,409.4794921875,186.19183349609375,377.272705078125,161.45169067382812,386.7196044921875,174.0574188232422,395.3730773925781,201.7030487060547,393.96026611328125,237.5153045654297,366.455322265625,301.6084289550781,381.10711669921875,356.5743103027344,409.06085205078125,0
950,214.59791564941406,148.64898681640625,493.2774353027344,149.61216735839844,142.1700439453125,379.43743896484375,160.6033477783203,410.1686706542969,186.95872497558594,377.3667907714844,161.97366333007812,388.1436767578125,175.10694885253906,395.58905029296875,205.40054321289062,391.7855529785156,237.42111206054688,366.4971923828125,301.4006042480469,381.01300048828125,356.73675537109375,409.35919189453125,0
951,214.51272583007812,148.63829040527344,493.2275085449219,149.5491943359375,145.01229858398438,370.94281005859375,159.1864776611328,410.5246887207031,187.4676513671875,378.297607421875,162.7723846435547,385.7158203125,175.3798370361328,396.0068664550781,203.9529266357422,395.4178161621094,236.9573211669922,366.6623229980469,301.1991882324219,380.9643859863281,355.9443664550781,409.2369689941406,0
952,214.52207946777344,148.5908660888672,493.2289733886719,149.53054809570312,144.99688720703125,370.9782409667969,159.2062225341797,410.5254211425781,187.43174743652344,378.3065185546875,162.75299072265625,385.7391052246094,175.39578247070312,396.06329345703125,204.04193115234375,395.3912658691406,236.974609375,366.6762390136719,301.1935729980469,380.9638671875,355.8365783691406,409.2299499511719,0
953,214.50245666503906,148.6091766357422,493.1288146972656,149.50596618652344,149.7902374267578,367.1635437011719,155.8612518310547,406.9527893066406,187.9778594970703,378.0915222167969,161.41957092285156,383.2247009277344,171.68426513671875,394.27978515625,203.54896545410156,396.24853515625,237.35720825195312,366.8598327636719,301.3972473144531,381.0588073730469,355.8481140136719,408.93218994140625,0
954,214.574462890625,148.59242248535156,493.01116943359375,149.53677368164062,147.58924865722656,367.99169921875,156.80172729492188,407.20599365234375,188.77073669433594,378.1656799316406,162.49880981445312,384.2812194824219,173.1026153564453,394.6788024902344,199.54815673828125,399.0638122558594,236.4614715576172,367.2955627441406,300.4398498535156,381.0225830078125,356.1159362792969,408.96368408203125,0
955,214.57135009765625,148.59388732910156,493.02264404296875,149.50193786621094,147.61997985839844,367.9404602050781,156.80172729492188,407.19781494140625,188.75350952148438,378.1495361328125,162.51519775390625,384.2773132324219,173.10470581054688,394.6827087402344,199.5324249267578,399.134765625,236.46450805664062,367.3028564453125,300.42974853515625,381.02227783203125,356.1013488769531,408.9718322753906,0
956,214.42662048339844,148.55157470703125,493.283935546875,149.63494873046875,147.30435180664062,370.28240966796875,156.93865966796875,408.0848083496094,189.10780334472656,378.7019958496094,162.29185485839844,385.2388610839844,175.39735412597656,395.5841369628906,205.6243896484375,390.824951171875,236.57713317871094,367.15704345703125,300.4557800292969,381.038330078125,355.5234375,408.8927001953125,0
957,214.4786834716797,148.61251831054688,493.2257995605469,149.5279998779297,154.20558166503906,363.7188415527344,157.0791015625,403.2915344238281,191.5277862548828,379.5643005371094,164.5397491455078,381.62603759765625,174.28054809570312,392.55535888671875,198.02993774414062,398.7422180175781,237.15896606445312,367.4623107910156,300.37274169921875,380.9166564941406,355.443603515625,408.88214111328125,0
958,214.40487670898438,148.56698608398438,493.2172546386719,149.62586975097656,155.0814208984375,364.7886962890625,158.10293579101562,401.69622802734375,194.03427124023438,379.3456115722656,166.44827270507812,379.66119384765625,175.70086669921875,390.97021484375,197.35476684570312,397.71038818359375,236.8717498779297,367.5323181152344,300.4977111816406,380.9883117675781,355.3563537597656,408.5960388183594,0
959,214.47537231445312,148.74026489257812,493.343017578125,149.6614990234375,154.25143432617188,366.508056640625,157.4379119873047,401.6954650878906,193.42787170410156,379.2716979980469,166.2210693359375,380.5457763671875,175.160400390625,391.5616760253906,197.1780242919922,397.72393798828125,236.96604919433594,367.5152587890625,300.5296630859375,381.0886535644531,355.2415771484375,408.77215576171875,0
960,214.48828125,148.6068878173828,493.2696533203125,149.63414001464844,153.18914794921875,367.8705749511719,158.26913452148438,403.7905578613281,194.4085235595703,380.3391418457031,167.0651092529297,383.60430908203125,175.7930450439453,393.4469299316406,209.75633239746094,385.1310119628906,236.98316955566406,367.457763671875,300.42059326171875,381.20361328125,355.58538818359375,409.0431823730469,0
961,214.43104553222656,148.51673889160156,493.3241882324219,149.61456298828125,154.19337463378906,365.9271240234375,158.2899627685547,403.8377990722656,194.44764709472656,380.2964172363281,167.2853240966797,383.6525573730469,176.50759887695312,392.75567626953125,209.84756469726562,385.10284423828125,236.96998596191406,367.4521179199219,300.4065856933594,381.1863708496094,355.5829162597656,409.0477294921875,0
962,214.41639709472656,148.5304718017578,493.3528747558594,149.54750061035156,154.88162231445312,367.0587158203125,158.61500549316406,405.727783203125,196.12098693847656,381.8505859375,168.09132385253906,384.69757080078125,177.32403564453125,393.5447692871094,198.0354766845703,397.6688232421875,237.05572509765625,367.5981140136719,300.8539123535156,381.4231262207031,355.9278259277344,409.0751647949219,0
963,214.442626953125,148.73599243164062,493.3940124511719,149.70465087890625,153.71072387695312,366.3221435546875,159.56251525878906,405.1077575683594,193.0904998779297,378.0899963378906,166.90943908691406,381.9920654296875,177.37403869628906,392.8757629394531,198.7996063232422,397.2677307128906,237.146484375,368.0765380859375,300.995849609375,381.3668212890625,356.04791259765625,408.869384765625,0
964,214.4130096435547,148.5569305419922,493.25836181640625,149.66722106933594,152.6610565185547,368.4624938964844,159.0279541015625,405.7715759277344,192.7581787109375,379.4278869628906,166.21485900878906,383.1955871582031,177.13748168945312,393.7519836425781,199.25942993164062,397.46905517578125,237.56300354003906,368.0619812011719,301.3626403808594,381.6140441894531,356.1586608886719,409.0910339355469,0
965,214.41526794433594,148.56997680664062,493.23052978515625,149.76177978515625,153.6395721435547,366.7033996582031,159.0379638671875,405.77740478515625,192.808349609375,379.384521484375,166.29769897460938,383.1622009277344,177.1336212158203,393.56195068359375,199.17918395996094,397.36517333984375,237.58314514160156,368.04461669921875,301.3825378417969,381.6172180175781,356.1843566894531,409.1048889160156,0
966,214.5482940673828,148.46324157714844,493.215087890625,149.76429748535156,153.6520538330078,366.74822998046875,159.01248168945312,406.0964050292969,194.3788299560547,381.62005615234375,165.52288818359375,384.0813293457031,177.1680908203125,394.3865966796875,210.02484130859375,385.1332092285156,237.5097198486328,368.1172180175781,301.0277404785156,381.4328308105469,356.1250305175781,408.9978332519531,0
967,214.6676788330078,148.59347534179688,493.3018493652344,149.74464416503906,155.17906188964844,367.8875427246094,159.4116973876953,403.3288879394531,196.123291015625,381.6809997558594,168.01832580566406,382.72772216796875,177.5545196533203,392.6239929199219,197.84133911132812,397.4392395019531,237.5741424560547,368.32342529296875,300.8887634277344,381.3695983886719,355.7711486816406,408.8118896484375,0
968,214.59129333496094,148.60040283203125,493.3215637207031,149.74925231933594,158.05104064941406,361.0281677246094,157.79833984375,399.3618469238281,194.1243896484375,379.36083984375,167.13128662109375,378.3482971191406,175.6492919921875,390.39227294921875,197.04180908203125,397.93896484375,237.00350952148438,368.37603759765625,300.8858947753906,381.3152160644531,356.0804748535156,408.9183654785156,0
969,214.65972900390625,148.57420349121094,493.3411865234375,149.70770263671875,161.26409912109375,357.7777404785156,158.7823028564453,396.1904602050781,195.38438415527344,378.57427978515625,168.22787475585938,377.8663024902344,176.25743103027344,388.84039306640625,196.85595703125,397.2406921386719,237.1427001953125,368.40704345703125,301.35308837890625,381.4328918457031,356.12481689453125,408.8470458984375,0
970,214.68307495117188,148.63421630859375,493.3533630371094,149.67758178710938,161.2579345703125,357.78045654296875,158.7765655517578,396.1820983886719,195.37408447265625,378.5799560546875,168.21878051757812,377.85260009765625,176.2496795654297,388.8402099609375,196.83082580566406,397.23468017578125,237.14659118652344,368.4034729003906,301.3485412597656,381.42669677734375,356.1247863769531,408.84613037109375,0
971,214.57315063476562,148.7493133544922,493.35107421875,149.64584350585938,159.11000061035156,361.50048828125,158.25479125976562,396.3738708496094,196.45840454101562,378.82550048828125,168.83206176757812,377.6485290527344,176.51019287109375,388.25457763671875,196.33544921875,397.4015808105469,236.9076385498047,368.367919921875,301.227294921875,381.4355773925781,356.3205871582031,408.9755554199219,0
972,214.54713439941406,148.64276123046875,493.4233703613281,149.59986877441406,159.52671813964844,361.2379150390625,157.44215393066406,394.2047424316406,198.09584045410156,381.00689697265625,169.9180450439453,376.3287353515625,175.74716186523438,386.2266845703125,194.59835815429688,397.67108154296875,236.70587158203125,368.3443603515625,301.2132568359375,381.37249755859375,356.36126708984375,409.0045471191406,0
973,214.59017944335938,148.65354919433594,493.341796875,149.6000213623047,164.30862426757812,355.2005920410156,157.5122833251953,393.52679443359375,198.30845642089844,378.06134033203125,169.82476806640625,372.811279296875,176.55836486816406,384.5177307128906,194.73117065429688,397.1339416503906,236.7255859375,368.5665588378906,301.48077392578125,381.41387939453125,356.2259521484375,409.2036437988281,0
974,214.50169372558594,148.5575714111328,493.5480651855469,149.53567504882812,167.18771362304688,343.60052490234375,156.29005432128906,385.725830078125,195.66708374023438,372.15289306640625,168.75523376464844,367.2372131347656,175.5187225341797,380.2931213378906,196.0096893310547,396.0852355957031,237.71902465820312,368.3863220214844,302.0982360839844,381.0655212402344,356.5662536621094,409.0601501464844,0
975,214.48236083984375,148.51539611816406,493.55718994140625,149.61373901367188,167.24766540527344,343.5066223144531,156.290771484375,385.697021484375,195.66452026367188,372.1159362792969,168.8031463623047,367.1914367675781,175.50636291503906,380.2641296386719,196.07254028320312,396.1014404296875,237.7393798828125,368.3949890136719,302.12335205078125,381.09320068359375,356.5571594238281,409.052490234375,0
976,214.43482971191406,148.4947509765625,493.48724365234375,149.4888916015625,167.41433715820312,342.33416748046875,157.2666473388672,384.6681213378906,197.50540161132812,371.57318115234375,170.39584350585938,366.2810974121094,177.11915588378906,379.3512268066406,196.40313720703125,395.2154846191406,238.0715789794922,368.6676330566406,302.0966491699219,381.1261901855469,356.53973388671875,409.0958251953125,0
977,214.27020263671875,148.63902282714844,493.4409484863281,149.62899780273438,167.83018493652344,321.3858337402344,156.9747314453125,374.0950012207031,192.99618530273438,362.62615966796875,169.43760681152344,354.2823181152344,174.6943817138672,371.6211853027344,197.01602172851562,393.0995788574219,239.6525115966797,368.47064208984375,302.5902099609375,381.1275329589844,357.0323181152344,409.2808532714844,0
978,214.1796417236328,148.5065460205078,493.2285461425781,149.66102600097656,166.0091094970703,317.63134765625,156.44363403320312,368.3836364746094,191.1809539794922,357.8050231933594,169.89671325683594,350.78533935546875,174.56504821777344,368.847900390625,198.25827026367188,392.12799072265625,240.1099395751953,369.5836181640625,302.8590393066406,379.85296630859375,358.5081787109375,409.2896423339844,0
979,214.42196655273438,148.61500549316406,493.32635498046875,149.7342987060547,159.74029541015625,314.25286865234375,151.67860412597656,361.0397644042969,182.94964599609375,346.0690612792969,163.1509552001953,344.4160461425781,169.11538696289062,359.85650634765625,199.54296875,386.2080993652344,243.75234985351562,372.6555480957031,305.1915588378906,378.8116149902344,357.2091369628906,403.1893615722656,0
980,214.40875244140625,148.6140899658203,493.2904052734375,149.8026580810547,159.75221252441406,314.27459716796875,151.4789276123047,361.4338684082031,182.94821166992188,346.05975341796875,163.11415100097656,344.3960266113281,168.9845428466797,359.8123474121094,199.211181640625,386.2745056152344,243.61761474609375,372.6270446777344,305.138427734375,378.8003234863281,357.1834411621094,403.1924133300781,0
981,214.3912353515625,148.54513549804688,493.2516174316406,149.79940795898438,157.27487182617188,312.5915222167969,148.41671752929688,357.7910461425781,179.0291748046875,344.54815673828125,160.08978271484375,340.94696044921875,166.63375854492188,356.0365295410156,197.87989807128906,383.9744567871094,245.71461486816406,375.58282470703125,307.6123352050781,378.6781311035156,361.4239501953125,402.27716064453125,0
982,214.27029418945312,148.6029510498047,493.2372741699219,149.7542724609375,160.41275024414062,306.42034912109375,147.75811767578125,349.6576843261719,176.42152404785156,338.9443664550781,160.55552673339844,333.22723388671875,164.30482482910156,351.0270080566406,196.20701599121094,379.9637756347656,247.26666259765625,387.6053466796875,313.9759826660156,385.29083251953125,368.69354248046875,401.47198486328125,0
983,214.31231689453125,148.51634216308594,493.1660461425781,149.7724609375,164.46607971191406,305.70849609375,150.95599365234375,348.72503662109375,181.09706115722656,338.59100341796875,164.25794982910156,332.59002685546875,167.8075714111328,349.2943115234375,198.70384216308594,379.91400146484375,248.4210662841797,393.2215270996094,314.4674377441406,394.01885986328125,371.28314208984375,404.3579406738281,0
984,214.32901000976562,148.5517120361328,493.12921142578125,149.72080993652344,165.21359252929688,304.9791259765625,154.39031982421875,350.6903076171875,183.18495178222656,338.2130432128906,166.6751251220703,333.2732849121094,171.5704803466797,349.5404052734375,200.686767578125,381.1030578613281,248.11102294921875,398.39056396484375,310.576171875,405.734619140625,361.1281433105469,409.9169616699219,0
985,214.23379516601562,148.5316925048828,493.0375061035156,149.7772674560547,167.34194946289062,307.04443359375,154.65016174316406,352.9095764160156,184.72279357910156,340.8128662109375,167.55966186523438,336.0664978027344,171.7560272216797,352.75732421875,201.2477569580078,383.1907653808594,247.65045166015625,400.1400146484375,309.4647521972656,411.7348327636719,358.9101867675781,420.73895263671875,0
986,214.38121032714844,148.4892120361328,493.13555908203125,149.72793579101562,185.18890380859375,308.72613525390625,159.18453979492188,343.7778625488281,191.1824951171875,345.2217712402344,176.827880859375,333.55828857421875,174.43263244628906,350.0907287597656,196.6728057861328,386.71856689453125,245.0095672607422,408.18402099609375,302.2032470703125,423.7412414550781,347.1056823730469,427.0921325683594,0
987,214.29156494140625,148.52243041992188,493.1630859375,149.59832763671875,193.56227111816406,307.8825988769531,161.33670043945312,338.7475280761719,194.21673583984375,344.4709777832031,180.0962371826172,331.3608703613281,175.2872772216797,347.1148986816406,192.9178924560547,386.8940124511719,240.3664093017578,415.3171691894531,290.6940612792969,433.1652526855469,337.45452880859375,436.0757141113281,0
988,214.3157958984375,148.5331573486328,493.10284423828125,149.64767456054688,193.58306884765625,307.89312744140625,161.3592071533203,338.697021484375,194.2308349609375,344.43780517578125,180.09970092773438,331.3514709472656,175.29833984375,346.95452880859375,193.029052734375,386.953125,240.5162811279297,415.318359375,290.5612487792969,433.1471862792969,337.4517822265625,436.1739501953125,0
989,214.32174682617188,148.50770568847656,492.98541259765625,149.7296142578125,196.6662139892578,304.70147705078125,161.933349609375,332.28179931640625,194.19895935058594,340.6263732910156,181.29794311523438,327.723388671875,175.0239715576172,343.599609375,187.19061279296875,383.9486083984375,232.97280883789062,420.0367431640625,277.38470458984375,439.3587951660156,321.2828674316406,447.34405517578125,0
990,214.2682647705078,148.46974182128906,492.8979797363281,149.72059631347656,200.30718994140625,300.1531677246094,166.7098846435547,325.2335510253906,197.65493774414062,334.18414306640625,185.76609802246094,320.6077575683594,179.116943359375,336.6683654785156,183.43060302734375,379.617919921875,223.89251708984375,422.36859130859375,274.5986328125,442.78607177734375,326.6236877441406,452.6418151855469,0
991,214.20716857910156,148.70692443847656,493.1929016113281,149.70823669433594,212.4372100830078,295.0841064453125,177.79774475097656,318.07666015625,207.6260528564453,330.72637939453125,196.94113159179688,316.6086120605469,188.16261291503906,328.8138732910156,178.9105987548828,371.5672302246094,186.1253204345703,429.8150634765625,226.89959716796875,457.7282409667969,275.32232666015625,448.7633361816406,0
992,214.19981384277344,148.70291137695312,493.177734375,149.71197509765625,212.43319702148438,295.083984375,177.79310607910156,318.0886535644531,207.61776733398438,330.75823974609375,196.9268035888672,316.6185607910156,188.143310546875,328.83526611328125,178.89683532714844,371.50579833984375,186.10446166992188,429.81976318359375,226.9008026123047,457.7281494140625,275.3139953613281,448.7707824707031,0
993,214.24351501464844,148.64627075195312,493.2271423339844,149.64315795898438,215.9331512451172,301.88031005859375,182.00001525878906,322.76513671875,210.6557159423828,338.9748840332031,200.06637573242188,322.4874572753906,191.48402404785156,336.13775634765625,179.21685791015625,370.4733581542969,177.5651092529297,427.31842041015625,222.63241577148438,453.24725341796875,264.2061462402344,451.0094299316406,0
994,214.3504638671875,148.62796020507812,493.18658447265625,149.6619415283203,225.82522583007812,329.2757568359375,188.95567321777344,340.3139343261719,210.5149688720703,365.17315673828125,205.7338104248047,345.0770263671875,192.50347900390625,357.3902587890625,167.51966857910156,382.73138427734375,153.8359375,432.0978088378906,165.2858428955078,455.7969055175781,183.704833984375,458.01800537109375,0
995,214.32286071777344,148.60252380371094,493.20782470703125,149.69439697265625,229.692626953125,339.16497802734375,194.22703552246094,344.4627990722656,214.3226318359375,375.2198181152344,209.2036590576172,353.9490661621094,195.43470764160156,361.8274230957031,166.70681762695312,384.890380859375,149.97720336914062,431.8401794433594,153.15811157226562,448.1479187011719,141.60948181152344,453.31378173828125,0
996,214.3644256591797,148.7699432373047,493.2271728515625,149.67874145507812,236.15489196777344,346.97833251953125,200.7723846435547,353.52117919921875,216.3740692138672,383.6905822753906,215.16439819335938,361.4476318359375,200.80142211914062,371.4640197753906,169.32493591308594,389.78887939453125,145.1815948486328,429.32867431640625,136.9324951171875,444.7411193847656,129.9963836669922,454.1676025390625,0
997,214.37489318847656,148.76898193359375,493.2294616699219,149.6935272216797,236.1509552001953,346.9725341796875,200.7628936767578,353.53082275390625,216.37583923339844,383.6768493652344,215.1505584716797,361.44879150390625,200.79783630371094,371.4494934082031,168.18026733398438,389.5951232910156,145.20423889160156,429.3304443359375,136.999755859375,444.7308044433594,130.00885009765625,454.15960693359375,0
998,214.44862365722656,148.68310546875,493.2236328125,149.57249450683594,231.4658203125,348.8683776855469,196.97975158691406,360.9814147949219,217.75892639160156,388.9676513671875,212.73748779296875,367.73382568359375,200.49368286132812,377.54632568359375,171.53079223632812,395.9264831542969,148.01968383789062,429.19390869140625,132.33326721191406,448.5400390625,143.36392211914062,464.5911865234375,0
999,214.50198364257812,148.68649291992188,493.1830749511719,149.5211181640625,230.8056640625,352.5418701171875,196.52273559570312,367.4967346191406,217.74496459960938,393.27618408203125,212.12713623046875,372.396728515625,199.3741912841797,383.0995178222656,171.55718994140625,400.4690246582031,148.96778869628906,428.45953369140625,124.75132751464844,452.35809326171875,119.05729675292969,470.9688720703125,0
1000,214.48573303222656,148.71664428710938,493.1822204589844,149.5210418701172,230.80294799804688,352.5423889160156,196.54299926757812,367.502197265625,217.70358276367188,393.41448974609375,212.10873413085938,372.4789733886719,199.3808135986328,383.12628173828125,171.563720703125,400.4474792480469,148.96817016601562,428.4574279785156,124.76351165771484,452.3605651855469,119.03866577148438,470.96234130859375,0
1001,214.6883087158203,148.6576690673828,493.1980285644531,149.7721710205078,230.01617431640625,354.51934814453125,195.39556884765625,367.9732360839844,215.66888427734375,394.8882141113281,211.063232421875,374.0989685058594,198.0374755859375,383.9542541503906,170.81158447265625,401.1679382324219,149.38363647460938,427.8396911621094,123.48289489746094,448.4634094238281,112.76363372802734,470.84820556640625,0
1002,214.45559692382812,148.64352416992188,493.29315185546875,149.7427520751953,226.76785278320312,356.11529541015625,194.97256469726562,365.6592102050781,214.15255737304688,393.2783508300781,208.70361328125,372.63519287109375,195.9121551513672,381.4560852050781,169.7714080810547,399.70611572265625,149.41099548339844,428.1778564453125,122.57636260986328,447.5245361328125,111.0168228149414,471.1884765625,0
1003,214.56407165527344,148.75782775878906,493.1299743652344,149.83795166015625,227.63970947265625,356.04156494140625,194.5667266845703,365.2885437011719,213.86251831054688,393.3227233886719,208.46302795410156,372.6528625488281,195.7322235107422,381.4512939453125,169.8603515625,399.42376708984375,149.6478729248047,427.53515625,123.34288024902344,447.0218200683594,109.79058837890625,469.7245178222656,0
1004,214.6459197998047,148.51402282714844,493.2814025878906,149.484619140625,229.75242614746094,355.3023376464844,197.20269775390625,364.3484191894531,215.16497802734375,392.92486572265625,211.9053192138672,371.64337158203125,198.06117248535156,380.2543029785156,170.61749267578125,398.8450622558594,149.84237670898438,427.4576110839844,123.1876220703125,446.89630126953125,108.02777862548828,470.74346923828125,0
1005,214.65977478027344,148.4813232421875,493.28271484375,149.4849395751953,229.75318908691406,355.30450439453125,197.2052459716797,364.349853515625,215.15428161621094,392.9253234863281,211.9106903076172,371.64971923828125,198.06771850585938,380.2319030761719,170.61099243164062,398.8453674316406,149.84127807617188,427.45703125,123.2670669555664,446.8526611328125,108.01691436767578,470.689208984375,0
1006,214.75941467285156,148.54647827148438,493.3167724609375,149.48074340820312,224.4617919921875,355.0585021972656,197.75462341308594,364.3572998046875,215.63401794433594,393.89569091796875,211.37782287597656,371.43927001953125,198.64410400390625,380.614501953125,171.0330047607422,398.8667297363281,149.84820556640625,427.9056396484375,122.79685974121094,447.0537414550781,108.14861297607422,470.6667785644531,0
1007,214.6494598388672,148.4763641357422,493.3101806640625,149.30003356933594,220.5317840576172,354.0044250488281,190.45594787597656,369.220947265625,210.63328552246094,394.2024230957031,205.65792846679688,372.6056213378906,193.59971618652344,384.1535949707031,168.9783935546875,401.9645080566406,150.5690460205078,428.5614929199219,123.5324478149414,446.63470458984375,104.22682189941406,467.7233581542969,0
1008,214.57406616210938,148.44284057617188,493.45819091796875,149.37815856933594,222.87509155273438,353.3984375,189.27056884765625,369.4021301269531,209.7622528076172,395.1175231933594,205.64645385742188,372.7351379394531,193.23512268066406,384.1060485839844,167.90321350097656,402.81011962890625,150.35873413085938,428.335205078125,122.59605407714844,446.4671325683594,102.89000701904297,467.9626770019531,0
1009,214.50636291503906,148.51771545410156,493.41412353515625,149.37445068359375,224.3740692138672,352.9866638183594,189.58685302734375,368.75872802734375,210.0942840576172,394.7617492675781,205.89218139648438,372.2900695800781,193.45489501953125,383.8389587402344,168.5686798095703,402.6884765625,150.725830078125,428.7148132324219,122.60010528564453,446.3892517089844,102.25475311279297,467.9410400390625,0
1010,214.42340087890625,148.59410095214844,493.3840637207031,149.2452392578125,225.33734130859375,353.5853576660156,189.6844482421875,369.0151062011719,210.25772094726562,395.08831787109375,206.07284545898438,372.8302917480469,193.47238159179688,384.1885986328125,167.83558654785156,403.446044921875,150.515869140625,429.1665344238281,121.1251220703125,446.6193542480469,101.53777313232422,467.8255920410156,0
1011,214.3158721923828,148.6204833984375,493.31256103515625,149.17413330078125,228.30484008789062,361.4533386230469,192.4980926513672,370.0679931640625,209.6206817626953,401.3327331542969,206.46881103515625,377.9461669921875,193.595458984375,387.3017578125,168.49957275390625,402.72283935546875,149.28073120117188,428.9711608886719,120.53712463378906,446.0348815917969,100.17611694335938,467.3367614746094,0
1012,214.328857421875,148.60305786132812,493.3114318847656,149.17481994628906,228.30796813964844,361.45367431640625,192.49937438964844,370.0650939941406,209.6240997314453,401.3323059082031,206.46920776367188,377.9466857910156,193.59664916992188,387.2969970703125,168.5106201171875,402.7234802246094,149.27830505371094,428.966064453125,120.52579498291016,446.04302978515625,100.17156982421875,467.3350830078125,0
1013,214.3866729736328,148.6264190673828,493.2544860839844,149.61959838867188,231.1055908203125,363.4398193359375,194.2642059326172,370.99774169921875,210.55020141601562,403.0719909667969,208.53955078125,379.5186462402344,195.1932830810547,388.5548400878906,168.55947875976562,402.6978454589844,147.9097137451172,429.0707092285156,118.41839599609375,446.31024169921875,99.09073638916016,468.3148193359375,0
1014,214.46853637695312,148.6476287841797,493.3481140136719,149.56382751464844,227.18760681152344,366.4275207519531,194.12005615234375,374.6223449707031,211.99131774902344,404.1454162597656,207.84173583984375,381.4084167480469,196.20138549804688,390.46026611328125,168.70257568359375,404.2514953613281,146.7982940673828,429.753173828125,116.58023071289062,445.6203918457031,95.15521240234375,464.05517578125,0
1015,214.4954833984375,148.68939208984375,493.26654052734375,149.5450439453125,221.518798828125,363.16473388671875,187.92431640625,377.6693115234375,210.87893676757812,403.9166564941406,205.53700256347656,381.1041259765625,193.5370635986328,392.8171691894531,168.50759887695312,407.2072448730469,146.5605926513672,430.52178955078125,114.24596405029297,445.64031982421875,91.67015838623047,464.3314208984375,0
1016,214.40597534179688,148.62509155273438,493.2880859375,149.77931213378906,223.95579528808594,366.08636474609375,184.65597534179688,381.0649719238281,204.1729278564453,408.6796569824219,201.96707153320312,384.49957275390625,188.36061096191406,395.53387451171875,162.74368286132812,409.17559814453125,145.16421508789062,430.4508056640625,112.28480529785156,444.95172119140625,87.58152770996094,461.2352600097656,0
1017,214.4052734375,148.62562561035156,493.32037353515625,149.80810546875,223.95091247558594,366.0899658203125,184.6538848876953,381.0647888183594,204.17425537109375,408.6756896972656,201.9683837890625,384.49835205078125,188.36566162109375,395.53173828125,162.73098754882812,409.14306640625,145.17684936523438,430.4613342285156,112.2788314819336,444.94830322265625,87.58059692382812,461.2399597167969,0
1018,214.4390106201172,148.66317749023438,493.33465576171875,149.7912139892578,224.49012756347656,366.6837463378906,185.4229278564453,379.145263671875,203.93333435058594,408.44195556640625,202.58102416992188,384.81634521484375,188.549560546875,394.54541015625,164.27169799804688,408.4700012207031,145.16867065429688,430.6851806640625,110.6648941040039,444.32574462890625,84.572265625,461.03607177734375,0
1019,214.3411102294922,148.71499633789062,493.2633972167969,149.7866973876953,226.4258270263672,366.28668212890625,188.59588623046875,376.1489562988281,206.01553344726562,406.0122375488281,204.9139404296875,382.0118408203125,190.9219970703125,392.7968444824219,165.01809692382812,406.1203918457031,145.880615234375,430.4555358886719,111.20711517333984,443.40301513671875,83.32565307617188,459.7575378417969,0
1020,214.4582977294922,148.810546875,493.29132080078125,149.8010711669922,227.7154541015625,366.98382568359375,191.17308044433594,373.493896484375,206.70831298828125,404.6490173339844,205.3687744140625,380.4664611816406,192.0428466796875,390.78466796875,167.62672424316406,403.32159423828125,146.5376739501953,429.3310546875,111.47569274902344,443.237548828125,82.6637954711914,460.1066589355469,0
1021,214.31214904785156,148.81948852539062,493.1955261230469,149.82388305664062,228.75759887695312,365.5097961425781,193.05108642578125,371.1537170410156,208.3560028076172,402.71484375,206.73548889160156,379.8996276855469,193.63551330566406,388.330078125,168.63177490234375,401.7585754394531,147.7143096923828,428.0440368652344,112.35839080810547,442.78533935546875,82.32392883300781,460.116455078125,0
1022,214.31118774414062,148.8192596435547,493.1896057128906,149.64927673339844,228.7364044189453,365.5018615722656,193.03713989257812,371.1058654785156,208.3638153076172,402.7275390625,206.7581024169922,379.9062805175781,193.61753845214844,388.29351806640625,168.74363708496094,401.8067321777344,147.76925659179688,428.00341796875,112.36109161376953,442.7710266113281,82.32588958740234,460.1209716796875,0
1023,214.40748596191406,148.92941284179688,493.1888122558594,149.6583251953125,232.50228881835938,369.54833984375,197.45494079589844,371.0999450683594,208.74118041992188,404.3335266113281,209.68515014648438,381.57281494140625,195.8911590576172,388.734619140625,167.30227661132812,402.04827880859375,147.5059051513672,427.96942138671875,111.55492401123047,442.6937255859375,78.27398681640625,460.240966796875,0
1024,214.45553588867188,148.86390686035156,493.1772766113281,149.7104949951172,232.14456176757812,375.8656311035156,198.92076110839844,373.16363525390625,206.73611450195312,408.0106201171875,210.51597595214844,386.0116271972656,196.46932983398438,391.0477294921875,166.92825317382812,401.6072082519531,147.08351135253906,428.4358825683594,111.56820678710938,442.3289794921875,78.10465240478516,458.5648498535156,0
1025,214.38973999023438,148.76821899414062,493.21539306640625,149.65704345703125,232.3948516845703,376.5114440917969,199.33740234375,372.9007568359375,205.79808044433594,407.93939208984375,210.372314453125,385.96356201171875,196.21578979492188,391.02679443359375,167.0931854248047,401.7853088378906,147.1601104736328,427.90802001953125,111.30867004394531,442.217041015625,77.58103942871094,458.78350830078125,0
1026,214.29107666015625,148.79981994628906,493.26519775390625,149.46493530273438,234.944580078125,376.85009765625,201.62835693359375,372.9011535644531,206.6129150390625,407.73358154296875,212.11026000976562,386.3429870605469,197.88807678222656,390.4742431640625,167.84585571289062,400.771240234375,148.42898559570312,426.3515625,111.5767822265625,441.3929138183594,76.10314178466797,456.30352783203125,0
1027,214.37342834472656,148.92750549316406,493.3164978027344,149.44163513183594,234.9445037841797,376.8457946777344,201.61488342285156,372.9010009765625,206.60830688476562,407.7469482421875,212.11782836914062,386.33544921875,197.90753173828125,390.4776306152344,167.81271362304688,400.7521057128906,148.45286560058594,426.3781433105469,111.64266204833984,441.377685546875,76.12139892578125,456.3262634277344,0
1028,214.52252197265625,148.9733428955078,493.3494567871094,149.34173583984375,235.326171875,375.3866271972656,201.71823120117188,372.6719970703125,208.50311279296875,406.3750915527344,212.8466339111328,385.5468444824219,198.73544311523438,389.97186279296875,167.6640625,399.81707763671875,148.9676971435547,426.2707214355469,112.54668426513672,441.5137023925781,76.13644409179688,455.82598876953125,0
1029,214.47242736816406,149.139404296875,493.38897705078125,149.40753173828125,224.3714599609375,372.19500732421875,204.953857421875,374.5633544921875,214.09510803222656,406.4649353027344,215.26600646972656,382.0489196777344,204.5371856689453,389.4133605957031,172.4576873779297,399.68408203125,148.18785095214844,426.9578552246094,111.91744995117188,441.60400390625,75.84244537353516,455.7585144042969,0
1030,214.5049591064453,149.051513671875,493.32562255859375,149.35255432128906,225.9513397216797,367.00732421875,200.9003143310547,373.0622253417969,213.3201904296875,405.72711181640625,212.087646484375,382.09283447265625,199.66297912597656,389.9676208496094,169.6597137451172,400.3503112792969,148.3513946533203,427.7508850097656,110.37033081054688,442.05731201171875,74.2076644897461,456.99310302734375,0
1031,214.48733520507812,148.96963500976562,493.3377990722656,149.529541015625,224.69552612304688,363.2945861816406,193.3484344482422,373.54595947265625,209.38262939453125,404.6623229980469,206.50401306152344,380.59820556640625,194.4651336669922,390.24346923828125,168.07640075683594,400.7485656738281,149.59996032714844,426.4052734375,112.05329895019531,441.6492004394531,73.69046020507812,456.28631591796875,0
1032,214.48728942871094,148.9693145751953,493.3179626464844,149.427734375,224.69552612304688,363.29461669921875,193.34812927246094,373.54473876953125,209.3835906982422,404.6614685058594,206.5045928955078,380.5971374511719,194.4605255126953,390.2494812011719,168.0561981201172,400.7508239746094,149.5803680419922,426.3811340332031,112.04813385009766,441.65380859375,73.69061279296875,456.28607177734375,0
1033,214.3383331298828,148.86988830566406,493.28240966796875,149.3685302734375,227.69259643554688,364.0428161621094,194.75531005859375,371.2165222167969,209.36178588867188,404.35821533203125,207.4062957763672,380.248046875,195.10635375976562,388.5546569824219,168.5364227294922,400.1835632324219,150.19912719726562,425.3487854003906,113.3582992553711,441.486328125,73.2165756225586,456.59539794921875,0
1034,214.36764526367188,149.0453338623047,493.189208984375,149.33656311035156,231.23074340820312,363.8510437011719,197.9695281982422,370.80999755859375,211.42237854003906,402.7537536621094,210.55096435546875,379.696044921875,197.19761657714844,387.6891784667969,169.06190490722656,400.389404296875,149.63877868652344,426.1487121582031,111.44022369384766,443.49969482421875,71.61219024658203,459.335205078125,0
1035,214.37481689453125,148.90455627441406,493.3345031738281,149.2825164794922,230.45347595214844,364.6865234375,197.40992736816406,371.31268310546875,211.33349609375,403.6651306152344,210.40858459472656,380.5946044921875,197.11756896972656,388.3084716796875,168.8039093017578,400.3260803222656,149.15707397460938,426.4891357421875,110.7149658203125,443.2170715332031,72.04269409179688,458.7119445800781,0
1036,214.3935089111328,148.88104248046875,493.33685302734375,149.271240234375,230.42752075195312,364.6741943359375,197.3304443359375,371.361572265625,211.3531494140625,403.7506103515625,210.3616180419922,380.60430908203125,197.12567138671875,388.3756408691406,168.70953369140625,400.46990966796875,149.12413024902344,426.54937744140625,110.7215576171875,443.2650146484375,72.03816223144531,458.7465515136719,0
1037,214.33677673339844,148.93927001953125,493.37481689453125,149.42855834960938,229.62896728515625,365.1344299316406,196.50448608398438,372.10931396484375,211.56854248046875,404.71026611328125,209.75869750976562,381.3564758300781,196.98524475097656,389.1309509277344,169.0482635498047,400.99066162109375,149.33399963378906,426.7268371582031,111.686767578125,442.2063903808594,73.83796691894531,456.6878662109375,0
1038,214.43817138671875,148.8857421875,493.4542236328125,149.4159698486328,231.58546447753906,367.8522644042969,198.2185821533203,370.9851989746094,210.22064208984375,404.1665344238281,210.31932067871094,381.166748046875,196.89144897460938,388.4793701171875,168.17935180664062,400.17266845703125,149.44105529785156,426.0172424316406,111.91912841796875,441.7167053222656,72.8890380859375,456.4404296875,0
1039,214.31964111328125,148.78616333007812,493.2683410644531,149.57687377929688,231.43612670898438,368.12322998046875,199.79649353027344,368.90716552734375,210.97352600097656,402.3050537109375,211.1176300048828,379.4721374511719,197.85877990722656,386.7217102050781,169.30111694335938,399.1549072265625,150.3672637939453,425.33294677734375,113.11102294921875,441.5070495605469,72.92838287353516,456.3948974609375,0
1040,214.5207061767578,148.68870544433594,493.2899169921875,149.4163818359375,233.55807495117188,366.72552490234375,199.83729553222656,368.60577392578125,211.2880859375,401.81793212890625,211.76513671875,378.87353515625,197.19873046875,385.53363037109375,169.69873046875,398.6635437011719,151.07101440429688,424.6937561035156,114.42720794677734,441.7413635253906,73.0795669555664,456.7503967285156,0
1041,214.50897216796875,148.6506805419922,493.2197265625,149.3905029296875,233.6334228515625,366.478515625,200.24574279785156,368.2108459472656,211.2564697265625,401.582763671875,211.8522491455078,378.5564880371094,197.47190856933594,385.016845703125,169.18121337890625,398.4479675292969,150.5337371826172,424.6495056152344,113.64913940429688,441.7351379394531,73.35722351074219,457.013916015625,0
1042,214.50942993164062,148.65093994140625,493.2086486816406,149.41769409179688,233.63221740722656,366.47540283203125,200.2469024658203,368.2514953613281,211.29714965820312,401.591796875,211.8391571044922,378.569091796875,197.4890899658203,385.0348205566406,169.2235565185547,398.3785705566406,150.4972381591797,424.67205810546875,113.62779235839844,441.7397766113281,73.35671997070312,457.0091552734375,0
1043,214.4542236328125,148.67288208007812,493.222900390625,149.46194458007812,232.2294921875,365.23046875,200.17724609375,368.5679626464844,212.0749969482422,401.7105712890625,211.91368103027344,378.61676025390625,197.78439331054688,385.6709899902344,169.5122833251953,399.0855407714844,150.1941680908203,424.6263122558594,112.69307708740234,442.2147521972656,72.63119506835938,457.0511169433594,0
1044,214.56146240234375,148.64654541015625,493.2443542480469,149.35337829589844,231.7957000732422,366.0023498535156,199.7774200439453,370.788330078125,212.6220703125,404.51068115234375,212.63861083984375,381.190185546875,199.23880004882812,388.4342346191406,169.65780639648438,399.44940185546875,150.15428161621094,425.3363037109375,112.34410858154297,442.270751953125,72.27467346191406,457.6286926269531,0
1045,214.58834838867188,148.61904907226562,493.2582702636719,149.3715057373047,233.15602111816406,370.1188049316406,200.7823028564453,371.84075927734375,211.86502075195312,405.9963073730469,212.93643188476562,383.3730163574219,199.33914184570312,389.3735656738281,169.22537231445312,400.16412353515625,149.860107421875,426.15521240234375,110.87454223632812,442.4038391113281,72.01953125,457.5690002441406,0
1046,214.39088439941406,148.49740600585938,493.31439208984375,149.31088256835938,231.68968200683594,372.2177734375,199.0692596435547,375.3125,211.86224365234375,409.7223205566406,212.70236206054688,386.335693359375,198.607666015625,392.86651611328125,168.7992706298828,401.96209716796875,148.279296875,427.2398681640625,109.12158203125,441.5801696777344,71.76329040527344,457.2035827636719,0
1047,214.3923797607422,148.49664306640625,493.28765869140625,149.306884765625,231.69293212890625,372.21356201171875,199.0596160888672,375.31329345703125,211.861572265625,409.7263488769531,212.705078125,386.33892822265625,198.60397338867188,392.8748474121094,168.79505920410156,401.98175048828125,148.25682067871094,427.24896240234375,109.0026626586914,441.60565185546875,71.69841003417969,457.2462158203125,0
1048,214.63381958007812,148.66595458984375,493.2460632324219,149.283447265625,229.8041534423828,371.514892578125,196.38339233398438,376.724365234375,211.75155639648438,409.6599426269531,210.50474548339844,386.2543640136719,196.85292053222656,393.6937561035156,168.39382934570312,404.7373962402344,147.2532958984375,429.3826599121094,107.64736938476562,442.99853515625,71.02356719970703,460.102783203125,0
1049,214.7042999267578,148.68406677246094,493.2814025878906,149.38922119140625,226.7627410888672,371.2998962402344,191.7976837158203,378.3617248535156,206.56686401367188,409.45703125,206.172119140625,386.5419616699219,191.79476928710938,395.1549987792969,166.31727600097656,407.0191955566406,145.7853240966797,429.9975891113281,105.72308349609375,442.45086669921875,73.54837036132812,455.2525634765625,0
1050,214.6698760986328,148.60299682617188,493.21923828125,149.4100799560547,224.1105499267578,369.9079284667969,189.36900329589844,378.7243347167969,205.92457580566406,409.15728759765625,204.7855224609375,385.89825439453125,190.85781860351562,395.25738525390625,165.4618377685547,408.076416015625,144.16549682617188,430.4774169921875,104.24214172363281,442.67486572265625,73.53033447265625,455.43475341796875,0
1051,214.48660278320312,148.50247192382812,493.17645263671875,149.4929656982422,225.28443908691406,366.9998474121094,189.34149169921875,377.1705017089844,209.16737365722656,406.91912841796875,205.31398010253906,383.2066345214844,191.6292724609375,393.8725280761719,165.6964569091797,406.4934997558594,145.24388122558594,430.0252990722656,104.85792541503906,442.4505310058594,70.08500671386719,460.3587646484375,0
1052,214.4870147705078,148.5033416748047,493.1766357421875,149.4929656982422,225.28155517578125,366.9752502441406,189.3963623046875,377.2478332519531,209.2724609375,406.95526123046875,205.3719024658203,383.1253662109375,191.7502899169922,393.8621520996094,165.97152709960938,406.6105651855469,145.2353515625,430.0108337402344,104.86570739746094,442.4513854980469,70.09327697753906,460.3507080078125,0
1053,214.3858184814453,148.6005859375,493.3235168457031,149.4320068359375,224.2747344970703,367.5506286621094,187.82713317871094,376.738525390625,208.95870971679688,405.8863830566406,204.2907257080078,382.076904296875,191.30369567871094,393.0039367675781,166.76795959472656,406.859375,145.46641540527344,430.11981201171875,105.09677124023438,442.5891418457031,71.04502868652344,459.24456787109375,0
1054,214.3266143798828,148.73777770996094,493.3311462402344,149.44671630859375,225.30307006835938,366.8025207519531,187.8802490234375,376.60198974609375,206.66993713378906,405.86163330078125,204.27655029296875,382.3897705078125,190.9102325439453,393.0138244628906,165.6650390625,406.3396301269531,145.6168212890625,430.02325439453125,104.91690063476562,442.50006103515625,70.72622680664062,459.7965087890625,0
1055,214.44772338867188,148.68667602539062,493.4251403808594,149.505615234375,223.12649536132812,365.48687744140625,188.02090454101562,375.7770080566406,206.59420776367188,405.1334228515625,204.1796112060547,381.5036926269531,191.05308532714844,392.2935791015625,165.77366638183594,406.097900390625,145.5025634765625,430.4026794433594,104.4788589477539,442.5458679199219,70.42878723144531,459.6982116699219,0
1056,214.58372497558594,148.84645080566406,493.4185791015625,149.526123046875,223.86752319335938,364.07623291015625,186.53009033203125,376.1600646972656,206.2810516357422,405.1366882324219,203.66650390625,381.81494140625,190.5851287841797,392.5517578125,165.82546997070312,406.43621826171875,146.13426208496094,429.8630065917969,105.6471939086914,442.552978515625,70.48391723632812,459.8935546875,0
1057,214.56507873535156,148.7909393310547,493.3683776855469,149.59564208984375,223.85824584960938,364.0726318359375,186.51744079589844,376.18170166015625,206.26821899414062,405.113525390625,203.62168884277344,381.8719482421875,190.50991821289062,392.5771789550781,165.9036865234375,406.57757568359375,146.14608764648438,429.85186767578125,105.69670104980469,442.5327453613281,70.51493072509766,459.8950500488281,0
1058,214.52377319335938,148.68856811523438,493.29815673828125,149.57400512695312,224.45626831054688,363.7428894042969,187.92041015625,375.364501953125,208.843505859375,404.58935546875,204.47738647460938,379.9793701171875,191.7581787109375,391.1944580078125,166.3950653076172,405.5285949707031,146.3184356689453,430.18499755859375,105.97013092041016,442.5969543457031,70.41268157958984,459.8511962890625,0
1059,214.4291534423828,148.6601104736328,493.2835388183594,149.6340789794922,223.2102508544922,364.91619873046875,184.55516052246094,377.4380798339844,205.35733032226562,405.40008544921875,202.50759887695312,383.6568298339844,189.34609985351562,393.7606201171875,166.03457641601562,408.0979919433594,146.0934295654297,430.288818359375,106.17337036132812,442.4693908691406,70.84786224365234,460.45867919921875,0
1060,214.5194091796875,148.78579711914062,493.3824462890625,149.53094482421875,223.22569274902344,363.4241943359375,185.2152099609375,377.86187744140625,205.9003448486328,405.272705078125,202.9427947998047,383.0814208984375,189.95738220214844,393.6792297363281,165.2777099609375,408.2550964355469,145.9364013671875,430.0468444824219,106.66354370117188,442.3171691894531,71.13249969482422,459.46490478515625,0
1061,214.48251342773438,148.57383728027344,493.2844543457031,149.53292846679688,217.9171905517578,361.46044921875,184.06134033203125,376.138916015625,204.90353393554688,403.6378479003906,201.10589599609375,382.2655334472656,188.58274841308594,392.6839599609375,165.3442840576172,407.3592529296875,146.5823974609375,430.6259765625,106.69790649414062,442.4707946777344,74.013671875,455.4210510253906,0
1062,214.46124267578125,148.58224487304688,493.338623046875,149.487548828125,217.9236297607422,361.41656494140625,184.10882568359375,376.2093200683594,205.03964233398438,403.6061706542969,201.33502197265625,382.1504211425781,188.8516082763672,392.7557373046875,165.5950164794922,407.49029541015625,146.45562744140625,430.5923156738281,106.69619750976562,442.4898986816406,74.0184555053711,455.4145202636719,0
1063,214.51669311523438,148.5421142578125,493.36181640625,149.49362182617188,219.87588500976562,361.1889953613281,183.0833282470703,376.51123046875,202.77130126953125,403.75927734375,200.11485290527344,382.3044128417969,187.55030822753906,392.69720458984375,164.90054321289062,407.42535400390625,147.08876037597656,430.5083923339844,108.02658081054688,442.3948669433594,74.04093933105469,455.3543701171875,0
1064,214.45249938964844,148.66949462890625,493.2183532714844,149.55039978027344,222.6914520263672,361.11944580078125,183.66192626953125,376.3720703125,203.60784912109375,403.82073974609375,200.98374938964844,381.8235778808594,188.43382263183594,392.6421813964844,165.9108123779297,406.1990051269531,147.7888641357422,429.5927429199219,109.01991271972656,442.2378234863281,74.83114624023438,454.6227722167969,0
1065,214.3911895751953,148.63430786132812,493.4147033691406,149.51480102539062,221.32040405273438,361.4971008300781,184.2950439453125,375.8289489746094,204.76974487304688,403.7327575683594,201.8955078125,381.80633544921875,188.93756103515625,392.619873046875,165.92672729492188,406.5334167480469,147.4823760986328,429.8131408691406,108.96805572509766,442.1463623046875,74.77738189697266,454.48907470703125,0
1066,214.45611572265625,148.62362670898438,493.3312683105469,149.68283081054688,220.91220092773438,361.70501708984375,182.13429260253906,375.6442565917969,202.11773681640625,403.57318115234375,199.21343994140625,382.1860656738281,186.7595977783203,392.0027770996094,164.78115844726562,406.9909362792969,147.22430419921875,430.6509704589844,108.94054412841797,442.1136779785156,75.7905044555664,453.7742919921875,0
1067,214.3994903564453,148.62490844726562,493.32305908203125,149.7472686767578,220.90830993652344,361.806640625,182.16737365722656,375.7169494628906,202.1278839111328,403.5587158203125,199.25750732421875,382.2767639160156,186.76861572265625,392.0321960449219,164.77301025390625,406.9980163574219,147.19720458984375,430.6744384765625,108.84786224365234,442.1127624511719,75.74099731445312,453.7853088378906,0
1068,214.36770629882812,148.68820190429688,493.36279296875,149.68905639648438,221.61859130859375,361.4310302734375,181.9466094970703,376.03118896484375,201.65167236328125,404.0277404785156,198.67996215820312,382.9639892578125,186.6717987060547,392.1920166015625,164.80882263183594,406.9440002441406,147.5220184326172,430.6697082519531,108.95941162109375,442.0608215332031,74.75994873046875,454.42529296875,0
1069,214.3125,148.6301727294922,493.47088623046875,149.62820434570312,219.36949157714844,361.92926025390625,181.94677734375,374.8436279296875,202.4685821533203,402.5478210449219,199.25360107421875,381.2538146972656,186.74310302734375,391.1713562011719,165.04840087890625,406.70867919921875,147.59149169921875,430.8160705566406,109.30774688720703,441.9944763183594,75.20355224609375,454.4306335449219,0
1070,214.26885986328125,148.62782287597656,493.3809814453125,149.6581268310547,217.68043518066406,360.8538818359375,180.57980346679688,374.73297119140625,201.21409606933594,402.8025817871094,197.54107666015625,381.6611633300781,185.23455810546875,391.1846618652344,164.22817993164062,407.54351806640625,147.0908203125,430.65338134765625,108.0191650390625,442.2718811035156,73.73886108398438,455.2330322265625,0
1071,214.37197875976562,148.5183868408203,493.3476257324219,149.7091522216797,221.03895568847656,360.7929992675781,181.70704650878906,373.5892639160156,201.28713989257812,400.5669250488281,198.68263244628906,380.2073974609375,186.00608825683594,389.5060729980469,165.4471893310547,405.400146484375,148.0592498779297,430.2646789550781,109.47889709472656,442.1271057128906,75.11663818359375,454.9155578613281,0
1072,214.36415100097656,148.5273895263672,493.3372802734375,149.7311248779297,221.03329467773438,360.8004455566406,181.70462036132812,373.58453369140625,201.2904510498047,400.55133056640625,198.6938018798828,380.19317626953125,186.03280639648438,389.50299072265625,165.50990295410156,405.4234619140625,148.0305938720703,430.206787109375,109.52322387695312,442.1138000488281,75.1080322265625,454.9355163574219,0
1073,214.31912231445312,148.51513671875,493.265625,149.6958465576172,222.52804565429688,359.9365539550781,181.84014892578125,373.1575012207031,201.814697265625,400.5068054199219,199.89219665527344,378.9051818847656,186.5950164794922,389.29571533203125,165.6912078857422,405.1128845214844,148.7425079345703,429.5998840332031,109.3985595703125,440.95562744140625,75.24273681640625,454.4251708984375,0
1074,214.33010864257812,148.6600799560547,493.2698059082031,149.71702575683594,217.0057830810547,359.7686462402344,181.047119140625,373.5046081542969,201.6366424560547,399.9621887207031,198.53677368164062,379.33251953125,186.18231201171875,389.58331298828125,165.16079711914062,406.093017578125,148.17015075683594,430.5915222167969,108.84203338623047,441.0472106933594,75.7820816040039,454.3728332519531,0
1075,214.38821411132812,148.5780487060547,493.1702880859375,149.75865173339844,219.4060516357422,359.4552307128906,180.22488403320312,373.998046875,200.2342071533203,401.91595458984375,196.52293395996094,381.00726318359375,184.73072814941406,390.15264892578125,164.33238220214844,406.3332214355469,148.29383850097656,430.56280517578125,108.89315795898438,440.90484619140625,68.25299835205078,462.6683044433594,0
1076,214.2745819091797,148.70574951171875,493.0909118652344,149.8848419189453,220.60330200195312,359.5843505859375,181.8607940673828,374.3260192871094,202.14663696289062,400.84521484375,199.75033569335938,379.5895690917969,186.75119018554688,390.28955078125,165.29220581054688,405.7674865722656,148.95700073242188,430.1698303222656,109.11732482910156,440.9264221191406,75.1829605102539,454.3321228027344,0
1077,214.33506774902344,148.7161865234375,493.14654541015625,149.84886169433594,220.60113525390625,359.5864562988281,181.8604736328125,374.3280944824219,202.15037536621094,400.84954833984375,199.7490997314453,379.5906982421875,186.75001525878906,390.29437255859375,165.30050659179688,405.7629699707031,148.97653198242188,430.1716613769531,109.16320037841797,440.9073791503906,75.15480041503906,454.2857666015625,0
1078,214.2598419189453,148.74563598632812,493.16534423828125,149.95339965820312,217.44320678710938,360.4399719238281,181.74159240722656,373.2865295410156,203.2275390625,400.1544494628906,199.36997985839844,379.2474365234375,186.8258819580078,389.6695861816406,165.65997314453125,406.1824951171875,148.0017852783203,430.5796813964844,108.49427795410156,440.90399169921875,75.04873657226562,454.388916015625,0
1079,214.34205627441406,148.736572265625,493.1451110839844,149.87435913085938,219.96568298339844,360.71875,180.7113800048828,373.1563415527344,199.61338806152344,400.68902587890625,197.08241271972656,380.4665222167969,185.08534240722656,389.49176025390625,164.75523376464844,406.5810241699219,147.93829345703125,430.53057861328125,109.1881332397461,441.9926452636719,74.42616271972656,454.34307861328125,0
1080,214.31854248046875,148.51319885253906,493.0848388671875,149.92466735839844,220.8545684814453,358.384033203125,180.7363739013672,372.67193603515625,201.02902221679688,399.8973083496094,197.77764892578125,379.07464599609375,185.57603454589844,388.8885192871094,165.6398468017578,405.5584716796875,149.0010528564453,430.229248046875,109.10875701904297,440.8597106933594,74.87017822265625,454.277587890625,0
1081,214.3736572265625,148.4845733642578,493.0652770996094,149.99375915527344,214.88995361328125,358.48583984375,181.00709533691406,372.5594787597656,201.57254028320312,399.26336669921875,197.8304443359375,378.0387268066406,185.8631134033203,388.5570068359375,165.10540771484375,405.9998474121094,147.97125244140625,430.8190612792969,108.72068786621094,442.21771240234375,67.47652435302734,463.605712890625,0
1082,214.36842346191406,148.48544311523438,493.0661926269531,149.98231506347656,214.89166259765625,358.4871520996094,181.0040740966797,372.56378173828125,201.57247924804688,399.2529296875,197.811279296875,378.0372314453125,185.8621368408203,388.58258056640625,165.0132598876953,406.0291442871094,147.94200134277344,430.78118896484375,108.73690795898438,442.22265625,67.48140716552734,463.60076904296875,0
1083,214.3055419921875,148.6050262451172,493.0712585449219,149.9790802001953,216.746337890625,357.2828063964844,177.3734130859375,373.0615234375,199.86590576171875,400.5616149902344,194.31008911132812,378.9666442871094,183.40805053710938,388.8667907714844,164.52145385742188,406.9277038574219,148.0581817626953,430.5608825683594,108.49032592773438,440.8640441894531,66.87601470947266,463.0705871582031,0
1084,214.36819458007812,148.6573944091797,493.172119140625,149.80703735351562,219.21588134765625,357.6705322265625,179.8960418701172,374.0060729980469,200.81150817871094,400.5565490722656,197.0703125,379.6717834472656,185.39407348632812,389.77276611328125,165.3806610107422,406.44085693359375,149.1852569580078,429.83416748046875,109.23738098144531,440.90570068359375,75.4803466796875,454.12713623046875,0
1085,214.3350830078125,148.68650817871094,493.1858825683594,149.8179473876953,216.23858642578125,357.6070251464844,180.28155517578125,372.718017578125,202.56375122070312,398.5066833496094,197.6811065673828,377.50927734375,185.92286682128906,388.55853271484375,165.64710998535156,406.2330627441406,148.3820037841797,430.13751220703125,109.19339752197266,440.70391845703125,75.51250457763672,454.4346618652344,0
1086,214.5856170654297,148.81817626953125,493.1310729980469,149.93028259277344,216.5336456298828,355.421630859375,178.433837890625,372.2477722167969,200.81619262695312,398.17498779296875,196.00099182128906,377.52423095703125,184.46461486816406,387.86773681640625,165.64572143554688,406.6604919433594,148.0860595703125,430.29791259765625,109.29470825195312,442.1347351074219,66.46826934814453,462.85321044921875,0
1087,214.61270141601562,148.84823608398438,493.2285461425781,149.8982696533203,216.5505828857422,355.42950439453125,178.4377899169922,372.2616271972656,200.78521728515625,398.1686706542969,195.9851531982422,377.54656982421875,184.45513916015625,387.86273193359375,165.69680786132812,406.6570739746094,148.1197052001953,430.32135009765625,109.26612091064453,442.1208801269531,66.44530487060547,462.8777160644531,0
1088,214.48536682128906,148.84152221679688,493.1150207519531,150.07603454589844,216.63270568847656,353.948486328125,178.92445373535156,371.953369140625,202.10891723632812,396.32537841796875,196.70416259765625,376.2205505371094,184.88917541503906,387.4111328125,166.95144653320312,405.75836181640625,149.14146423339844,429.7671203613281,109.09484100341797,440.9413146972656,64.94229125976562,466.2063293457031,0
1089,214.39126586914062,148.79591369628906,493.3198547363281,149.9014129638672,212.252685546875,353.0428161621094,179.11647033691406,370.8753356933594,203.49978637695312,395.0473937988281,196.24951171875,375.7091979980469,185.392578125,386.0276794433594,166.84814453125,405.46551513671875,148.31277465820312,430.2117614746094,108.75038146972656,441.0997619628906,67.85824584960938,462.2788391113281,0
1090,214.5823974609375,148.81362915039062,493.2724304199219,149.93359375,212.33499145507812,353.0487365722656,176.87530517578125,371.2994384765625,201.84915161132812,395.77960205078125,194.6227569580078,376.29248046875,183.9932098388672,386.652099609375,165.99188232421875,406.1033020019531,147.7523193359375,430.885498046875,109.09432983398438,442.2523193359375,66.9475326538086,463.6883239746094,0
1091,214.4090118408203,148.69012451171875,493.3438720703125,150.0000762939453,214.77684020996094,352.2380676269531,176.748291015625,371.70843505859375,200.74891662597656,395.75909423828125,194.6245574951172,376.4864807128906,183.4934539794922,386.6044006347656,165.69058227539062,405.867431640625,148.36732482910156,430.5873718261719,109.0843276977539,440.6117248535156,76.64229583740234,453.2395935058594,0
1092,214.404052734375,148.68641662597656,493.42401123046875,149.95436096191406,214.78253173828125,352.2338562011719,176.75791931152344,371.6844482421875,200.7943115234375,395.706787109375,194.6184539794922,376.47802734375,183.5047149658203,386.56475830078125,165.72410583496094,405.8667907714844,148.35658264160156,430.5942687988281,109.04191589355469,440.6196594238281,76.61044311523438,453.14141845703125,0
1093,214.55081176757812,148.7298583984375,493.3866882324219,149.9608154296875,215.9449462890625,352.1528015136719,179.09744262695312,371.5302734375,202.44741821289062,395.73956298828125,196.44989013671875,376.364501953125,184.97666931152344,386.9417419433594,166.65188598632812,405.36907958984375,149.6446990966797,429.90887451171875,111.06376647949219,440.4631652832031,78.59811401367188,453.7593994140625,0
1094,214.60653686523438,148.72283935546875,493.3353576660156,149.91908264160156,213.14695739746094,352.6167297363281,176.75389099121094,371.1003723144531,201.54315185546875,395.4127197265625,194.780517578125,375.72314453125,184.1240692138672,385.93994140625,166.6044158935547,406.1768798828125,148.26856994628906,430.4969787597656,109.87085723876953,440.4626159667969,78.78143310546875,453.7228088378906,0
1095,214.45167541503906,148.63150024414062,493.372314453125,150.0171661376953,215.3247528076172,351.8116760253906,177.78575134277344,370.726806640625,202.03701782226562,394.3638916015625,195.5047607421875,375.5643005371094,184.44691467285156,385.58758544921875,167.22947692871094,405.9396667480469,148.3316650390625,430.4847106933594,109.5106201171875,440.5423278808594,76.52215576171875,453.78277587890625,0
1096,214.59512329101562,148.65151977539062,493.27374267578125,149.95724487304688,215.2740020751953,349.7134094238281,179.18588256835938,369.361083984375,204.180419921875,392.64764404296875,196.3104705810547,373.5889892578125,185.14451599121094,383.4768371582031,168.2790069580078,405.1025085449219,149.4695281982422,429.7398376464844,110.81693267822266,440.44244384765625,78.4840087890625,454.05316162109375,0
1097,214.59793090820312,148.6548614501953,493.2852783203125,149.94810485839844,215.2733154296875,349.71868896484375,179.18191528320312,369.3650817871094,204.18067932128906,392.6474914550781,196.30990600585938,373.5907897949219,185.13763427734375,383.48809814453125,168.27159118652344,405.1333312988281,149.51278686523438,429.77099609375,110.7740478515625,440.4503479003906,78.4786376953125,454.1062316894531,0
1098,214.33746337890625,148.61647033691406,493.3450622558594,149.98699951171875,210.05853271484375,352.3323669433594,180.86953735351562,369.0700988769531,204.5775146484375,393.091552734375,197.01881408691406,373.7488708496094,185.678955078125,383.5786437988281,168.03855895996094,405.10247802734375,148.4846649169922,430.63946533203125,109.19667053222656,440.60382080078125,75.76183319091797,454.0494384765625,0
1099,214.2199249267578,148.37452697753906,493.2658996582031,149.941650390625,212.29884338378906,350.40985107421875,175.7356414794922,372.18243408203125,201.32278442382812,394.3677673339844,193.66493225097656,375.8871765136719,183.71022033691406,386.5267639160156,166.27236938476562,407.13653564453125,147.35621643066406,430.98931884765625,109.09772491455078,440.3807067871094,77.21479797363281,452.9366760253906,0
1100,214.3489990234375,148.452880859375,493.43084716796875,149.82305908203125,213.25035095214844,349.84295654296875,175.85543823242188,371.6763610839844,201.70880126953125,394.2365417480469,193.59425354003906,375.3963317871094,183.60792541503906,385.839111328125,166.32456970214844,405.5552673339844,148.137939453125,430.6932678222656,108.86534881591797,440.57452392578125,75.58517456054688,453.87109375,0
1101,214.34951782226562,148.5128936767578,493.3743591308594,149.8721923828125,207.71920776367188,353.17987060546875,176.15982055664062,370.9753112792969,203.17681884765625,390.87408447265625,193.40020751953125,373.9848327636719,183.95672607421875,384.70562744140625,167.76844787597656,407.5906066894531,147.7993621826172,431.4227294921875,108.67323303222656,440.3759460449219,78.7812728881836,453.8116760253906,0
1102,214.34934997558594,148.51260375976562,493.3792419433594,149.9086151123047,207.7232666015625,353.1767883300781,176.15176391601562,370.979248046875,203.16419982910156,390.8785705566406,193.3916015625,373.9925537109375,183.94776916503906,384.7109069824219,167.76126098632812,407.59173583984375,147.7818145751953,431.4317932128906,108.68505859375,440.37603759765625,78.78436279296875,453.8046875,0
1103,214.538330078125,148.62094116210938,493.283447265625,149.98641967773438,206.25221252441406,353.47479248046875,173.49685668945312,373.1789855957031,203.3139190673828,391.664306640625,192.1494598388672,374.9441833496094,183.9198455810547,386.1402893066406,165.65542602539062,409.03045654296875,146.69740295410156,432.1453857421875,108.04440307617188,442.0704345703125,75.73100280761719,454.07672119140625,0
1104,214.4134063720703,148.57449340820312,493.0907287597656,149.90164184570312,212.99618530273438,352.05181884765625,174.5480194091797,372.4657897949219,202.259765625,393.5696716308594,192.86134338378906,375.7147521972656,183.6733856201172,386.60760498046875,165.1453399658203,408.7587585449219,147.0533905029297,431.872802734375,108.3229751586914,441.9339599609375,77.33473205566406,452.6988525390625,0
1105,214.48150634765625,148.6334228515625,493.0692138671875,149.84637451171875,215.08412170410156,351.7826843261719,177.20254516601562,371.7877502441406,203.1990203857422,393.434814453125,194.9601593017578,375.1159362792969,184.70053100585938,385.94757080078125,167.12286376953125,407.3891296386719,147.42332458496094,431.1168212890625,109.95582580566406,441.9827880859375,78.49393463134766,453.77734375,0
1106,214.2048797607422,148.64442443847656,493.09124755859375,149.876220703125,209.44256591796875,354.40338134765625,183.3365020751953,368.2972717285156,205.30392456054688,392.7928466796875,198.02760314941406,373.78350830078125,186.59364318847656,382.8946838378906,166.40736389160156,406.04473876953125,146.25167846679688,432.02392578125,107.36377716064453,441.9082336425781,78.1919174194336,454.6030578613281,0
1107,214.20175170898438,148.59776306152344,493.13134765625,149.86622619628906,209.43453979492188,354.40069580078125,183.30776977539062,368.29815673828125,205.28884887695312,392.7921142578125,198.0305633544922,373.7628479003906,186.5942840576172,382.8761291503906,166.4530792236328,406.0204772949219,146.2994384765625,432.0105895996094,107.03118133544922,441.9473571777344,75.88723754882812,453.8275451660156,0
1108,214.51052856445312,148.61761474609375,493.0977478027344,149.7825469970703,207.89013671875,355.473876953125,180.42758178710938,369.7259826660156,202.49899291992188,392.9774169921875,195.46878051757812,375.3838806152344,184.38784790039062,384.7350769042969,165.16738891601562,407.0091247558594,145.51702880859375,431.95904541015625,106.70301055908203,441.868896484375,68.23746490478516,462.4802551269531,0
1109,214.42642211914062,148.58761596679688,493.08990478515625,149.56007385253906,206.92068481445312,350.2141418457031,171.9642333984375,370.9372863769531,201.6458740234375,392.6864013671875,190.6986083984375,373.0972900390625,180.76914978027344,385.5215148925781,163.7888641357422,407.3197021484375,146.10922241210938,431.7055969238281,106.98583221435547,441.714599609375,68.3305435180664,461.397216796875,0
1110,214.41270446777344,148.6744842529297,493.1507568359375,149.6405029296875,209.43202209472656,348.50616455078125,173.39077758789062,368.4404602050781,201.31436157226562,390.9393310546875,191.23997497558594,370.8825988769531,180.90074157714844,383.2424011230469,165.41421508789062,405.52960205078125,147.03041076660156,430.95318603515625,108.43296813964844,441.673095703125,67.41255950927734,461.6985778808594,0
1111,214.52061462402344,148.71849060058594,493.1808166503906,149.6735382080078,211.44017028808594,348.2967529296875,175.99124145507812,367.2950134277344,202.4596710205078,389.4290466308594,193.35003662109375,371.0498046875,182.49693298339844,381.92333984375,166.94667053222656,403.85455322265625,148.32894897460938,430.0690612792969,109.34857177734375,440.33038330078125,67.77640533447266,462.0210876464844,0
1112,214.5206298828125,148.7179718017578,493.18157958984375,149.67237854003906,211.43606567382812,348.2969970703125,175.9928436279297,367.2832946777344,202.46258544921875,389.431396484375,193.3505859375,371.0421142578125,182.48545837402344,381.9277648925781,166.88229370117188,403.9236145019531,148.30313110351562,430.05615234375,109.38744354248047,440.33453369140625,67.78375244140625,462.0059814453125,0
1113,214.4637451171875,148.62527465820312,493.2592468261719,149.57212829589844,212.2196044921875,348.5513000488281,177.39990234375,365.1575622558594,202.71897888183594,386.8995666503906,193.9436492919922,369.1671142578125,183.51605224609375,379.9516906738281,167.52255249023438,403.0494384765625,148.69891357421875,430.2635498046875,109.37735748291016,440.35626220703125,65.89347076416016,463.22412109375,0
1114,214.50135803222656,148.49124145507812,493.420654296875,149.51327514648438,213.1261749267578,344.2471618652344,177.5295867919922,364.87896728515625,203.7176971435547,385.7801513671875,194.9415740966797,367.5789794921875,184.76889038085938,378.2475280761719,168.25157165527344,401.72454833984375,149.86264038085938,429.99896240234375,110.95623016357422,441.86077880859375,68.23934173583984,461.7080383300781,0
1115,214.53660583496094,148.4110870361328,493.4214172363281,149.49148559570312,213.81126403808594,345.5384521484375,177.48065185546875,365.1248779296875,203.85232543945312,386.0074768066406,195.31985473632812,368.2516784667969,184.50619506835938,378.31109619140625,168.09608459472656,402.6986389160156,148.8503875732422,430.38018798828125,109.69284057617188,440.10003662109375,77.97000885009766,453.5585632324219,0
1116,214.36476135253906,148.52720642089844,493.41229248046875,149.42172241210938,204.17367553710938,350.5165710449219,170.53968811035156,370.8951721191406,200.55250549316406,385.5899658203125,188.8746795654297,369.15869140625,181.6719512939453,383.180908203125,166.67713928222656,408.04498291015625,147.33314514160156,432.0467529296875,108.26604461669922,441.7244873046875,77.89420318603516,453.7154235839844,0
1117,214.3971710205078,148.52664184570312,493.3907470703125,149.4320831298828,204.1861572265625,350.5206604003906,170.54783630371094,370.8832702636719,200.51925659179688,385.6125793457031,188.8675079345703,369.2073059082031,181.6488800048828,383.2545471191406,166.60194396972656,408.02569580078125,147.34918212890625,432.0395812988281,108.28421783447266,441.72265625,77.89996337890625,453.71905517578125,0
1118,214.24916076660156,148.74009704589844,493.4381408691406,149.3727569580078,206.7142791748047,350.3761291503906,168.9558563232422,373.646240234375,202.81668090820312,392.1235046386719,189.10772705078125,373.2916564941406,180.07916259765625,386.4927673339844,164.0811767578125,409.3844299316406,146.95249938964844,432.1325988769531,108.13666534423828,441.565185546875,77.80043029785156,453.8863830566406,0
1119,214.23805236816406,148.65689086914062,493.38873291015625,149.3373565673828,210.45826721191406,349.07489013671875,171.76934814453125,371.2278747558594,201.4644012451172,390.8102722167969,191.207275390625,372.4314880371094,181.87904357910156,385.2856140136719,165.3283233642578,406.9681396484375,147.20550537109375,431.0325622558594,109.19343566894531,441.2431945800781,78.6849136352539,453.3601989746094,0
1120,214.47605895996094,148.63905334472656,493.3303527832031,149.4134063720703,212.9849395751953,347.94342041015625,174.52345275878906,368.8465576171875,202.81222534179688,389.9505615234375,192.91766357421875,371.9297180175781,182.8736572265625,382.9291687011719,167.1678924560547,405.933837890625,147.85948181152344,430.90850830078125,109.82815551757812,441.53271484375,75.99386596679688,453.4327697753906,0
1121,214.2900848388672,148.5437469482422,493.31353759765625,149.5270538330078,220.821044921875,353.96636962890625,179.68026733398438,367.80694580078125,202.7199249267578,393.106689453125,197.3571014404297,373.7228088378906,184.4886474609375,383.6406555175781,167.03155517578125,404.0874328613281,149.82386779785156,429.115478515625,110.87920379638672,441.2323303222656,66.9212417602539,462.1806945800781,0
1122,214.28857421875,148.53329467773438,493.3066101074219,149.5386505126953,220.84046936035156,353.9794006347656,179.59866333007812,367.796630859375,202.69338989257812,393.1529846191406,197.3474578857422,373.66522216796875,184.45826721191406,383.58282470703125,167.02249145507812,404.0586853027344,149.82382202148438,429.10687255859375,110.85069274902344,441.2162170410156,66.91708374023438,462.1714782714844,0
1123,214.39846801757812,148.64187622070312,493.3197937011719,149.55636596679688,224.46279907226562,356.90283203125,182.22178649902344,369.705322265625,202.13717651367188,395.5177917480469,199.13218688964844,374.53179931640625,185.88616943359375,385.7930603027344,165.98312377929688,404.6837158203125,148.50503540039062,429.5715637207031,109.7442626953125,441.0704040527344,64.71498107910156,464.9612121582031,0
1124,214.23458862304688,148.56190490722656,493.2837829589844,149.499267578125,226.66586303710938,359.3013610839844,184.20848083496094,371.47418212890625,204.17999267578125,396.91162109375,202.5291748046875,376.4575500488281,189.5671844482422,387.3629150390625,168.33309936523438,405.6090393066406,149.39334106445312,429.04510498046875,109.36663055419922,440.9894714355469,65.21288299560547,465.21697998046875,0
1125,214.3522186279297,148.6061553955078,493.37109375,149.46759033203125,229.6194305419922,360.1654968261719,185.23211669921875,372.1876220703125,205.8228759765625,399.00909423828125,204.21739196777344,377.3504333496094,190.07559204101562,388.4546203613281,168.1042938232422,405.7344970703125,149.1309814453125,429.0419616699219,109.42243957519531,440.96636962890625,64.56329345703125,465.24530029296875,0
1126,214.3295135498047,148.56971740722656,493.3253479003906,149.5133514404297,226.0430908203125,354.11871337890625,187.07232666015625,371.4326171875,209.70521545410156,394.8625183105469,205.0782928466797,374.508056640625,192.6605987548828,386.5369873046875,170.5704803466797,406.2704162597656,150.83810424804688,428.14691162109375,109.95364379882812,440.7987365722656,67.82896423339844,461.3034362792969,0
1127,214.37054443359375,148.54202270507812,493.3340759277344,149.51358032226562,226.0730743408203,354.10552978515625,187.06356811523438,371.4469299316406,209.70062255859375,394.86785888671875,205.0760955810547,374.5220642089844,192.64300537109375,386.5760192871094,170.55963134765625,406.30780029296875,150.82789611816406,428.1362609863281,109.62247467041016,440.81689453125,66.79449462890625,462.4261169433594,0
1128,214.36422729492188,148.53512573242188,493.3445739746094,149.5191192626953,226.9847869873047,351.16925048828125,186.81578063964844,370.9412536621094,210.29249572753906,393.7403869628906,205.37351989746094,373.0784912109375,193.17947387695312,385.7640686035156,170.66744995117188,406.8100891113281,149.80014038085938,428.26971435546875,109.28094482421875,440.8916015625,65.50519561767578,463.3570556640625,0
1129,214.44674682617188,148.4303741455078,493.3243408203125,149.51504516601562,226.6902313232422,348.44390869140625,184.1061553955078,371.1667785644531,209.90802001953125,393.7332763671875,204.35743713378906,372.7253112792969,192.67535400390625,385.884521484375,170.3970947265625,406.7259216308594,150.67359924316406,427.0125427246094,108.81990051269531,440.63494873046875,64.18573760986328,464.389892578125,0
1130,214.4333038330078,148.47369384765625,493.35009765625,149.4991455078125,226.4315948486328,349.0870361328125,184.2706298828125,371.4134216308594,209.65528869628906,394.355224609375,203.9691619873047,373.44952392578125,192.134033203125,386.6222839355469,169.95407104492188,407.03619384765625,150.12278747558594,427.01226806640625,108.78984832763672,440.955078125,63.137107849121094,466.2425231933594,0
1131,214.5662841796875,148.5607147216797,493.359375,149.41624450683594,227.76499938964844,352.8121032714844,184.78076171875,371.6727600097656,208.92327880859375,395.3872375488281,203.82315063476562,374.70294189453125,191.23960876464844,387.42205810546875,169.2672119140625,407.09820556640625,149.72251892089844,426.57952880859375,109.42373657226562,440.93505859375,65.60891723632812,464.185791015625,0
1132,214.5657958984375,148.5562744140625,493.3592834472656,149.4161376953125,227.7572784423828,352.7861328125,184.76535034179688,371.6658630371094,208.91912841796875,395.3948059082031,203.8174285888672,374.7107238769531,191.23451232910156,387.4359436035156,169.2533416748047,407.10003662109375,149.72943115234375,426.5673522949219,109.4442138671875,440.9310302734375,65.61151885986328,464.1830139160156,0
1133,214.4210205078125,148.66322326660156,493.41510009765625,149.4014129638672,230.2759246826172,358.0839538574219,186.4941864013672,370.6506652832031,208.4027099609375,396.924560546875,204.46583557128906,375.8600769042969,191.4322509765625,386.9375305175781,169.824951171875,405.9212951660156,151.05577087402344,426.3623352050781,109.99520874023438,440.79833984375,64.86621856689453,465.8289489746094,0
1134,214.54188537597656,148.7728271484375,493.4141845703125,149.3345184326172,235.1299285888672,365.47442626953125,190.63278198242188,372.1429443359375,206.88714599609375,403.6099548339844,206.80116271972656,380.5252990722656,192.74578857421875,389.50701904296875,168.81768798828125,404.9541931152344,150.91397094726562,425.3259582519531,110.70877075195312,440.2860412597656,64.85869598388672,465.8912658691406,0
1135,214.5773162841797,148.5882568359375,493.3099060058594,149.3453369140625,235.03196716308594,366.5464782714844,189.8813018798828,373.44482421875,206.8941650390625,404.873291015625,205.9487762451172,380.6373596191406,192.1248321533203,390.8960876464844,169.3099365234375,405.35260009765625,151.84608459472656,424.88482666015625,111.50161743164062,440.3781433105469,66.51524353027344,462.3701477050781,0
1136,214.50047302246094,148.77101135253906,493.3935546875,149.37274169921875,233.6337127685547,367.81939697265625,189.03890991210938,374.4610290527344,205.81182861328125,406.7541198730469,204.81886291503906,383.7396545410156,191.30690002441406,392.6147155761719,169.82008361816406,405.193115234375,151.24803161621094,424.95660400390625,111.18336486816406,440.48516845703125,65.2396011352539,466.7674865722656,0
1137,214.41281127929688,148.73960876464844,493.3606872558594,149.3575897216797,232.97996520996094,368.09454345703125,188.3910675048828,375.3028869628906,206.21487426757812,406.8951416015625,204.9810791015625,384.1315612792969,191.38064575195312,393.2345275878906,169.3609161376953,406.916748046875,149.6465301513672,425.3309631347656,110.18075561523438,440.8215637207031,64.5494155883789,466.4023742675781,0
1138,214.53952026367188,148.6796875,493.3450012207031,149.40902709960938,226.62466430664062,359.31341552734375,185.01918029785156,377.36962890625,209.52825927734375,405.0705871582031,203.99462890625,381.4605712890625,191.67665100097656,393.29876708984375,169.94046020507812,408.5549011230469,148.7361602783203,426.20599365234375,108.70498657226562,440.90814208984375,66.48593139648438,463.0787048339844,0
1139,214.41497802734375,148.6767120361328,493.3145751953125,149.4739990234375,223.07029724121094,357.2097473144531,181.92391967773438,377.03564453125,206.56822204589844,403.7799987792969,201.01705932617188,380.8534240722656,188.96888732910156,393.1434020996094,167.40858459472656,409.11102294921875,147.12937927246094,427.1893615722656,106.44405364990234,441.14447021484375,64.50515747070312,466.4501647949219,0
1140,214.48809814453125,148.78167724609375,493.353271484375,149.48460388183594,214.1461944580078,353.1839599609375,173.45101928710938,377.08782958984375,200.5383758544922,400.4068298339844,192.72909545898438,379.46002197265625,182.93460083007812,392.1571960449219,165.0695037841797,411.41387939453125,144.895263671875,430.1222229003906,103.57084655761719,441.5663146972656,64.42713928222656,465.91595458984375,0
1141,214.47091674804688,148.8123779296875,493.3714294433594,149.48492431640625,214.1536865234375,353.1925964355469,173.47657775878906,377.1426696777344,200.53831481933594,400.42291259765625,192.71900939941406,379.4535217285156,182.95193481445312,392.15972900390625,165.11727905273438,411.4014587402344,144.88853454589844,430.11956787109375,103.77879333496094,441.50457763671875,65.75047302246094,463.4731140136719,0
1142,214.61224365234375,148.87979125976562,493.331787109375,149.39077758789062,212.79562377929688,354.3762512207031,173.0144500732422,378.1749572753906,200.1859588623047,398.3173522949219,192.03916931152344,378.8829345703125,182.36436462402344,391.2729187011719,163.812744140625,411.1681213378906,143.97637939453125,430.8870849609375,102.76387023925781,441.9748840332031,62.53969955444336,468.621337890625,0
1143,214.35047912597656,148.71896362304688,493.08935546875,149.71290588378906,209.1932830810547,356.75811767578125,166.64476013183594,383.4960632324219,195.85076904296875,405.5785217285156,188.1549530029297,380.69622802734375,179.64535522460938,393.4420166015625,161.92300415039062,413.3593444824219,144.17068481445312,430.80487060546875,101.8280029296875,441.76910400390625,64.3456039428711,464.8307800292969,0
1144,214.26922607421875,148.61158752441406,493.0685119628906,149.6985321044922,210.77175903320312,355.2060546875,167.23008728027344,382.6212158203125,196.44129943847656,405.37579345703125,188.74929809570312,380.8986511230469,180.34449768066406,393.3076477050781,161.85055541992188,411.9490661621094,144.7742919921875,430.68798828125,101.74662017822266,442.08428955078125,63.09389114379883,465.4371032714844,0
1145,214.366943359375,148.5496368408203,493.0823974609375,149.70751953125,212.89117431640625,354.5187072753906,169.6361083984375,380.6576232910156,198.72633361816406,401.90740966796875,192.08555603027344,378.8099365234375,181.44541931152344,391.9006652832031,163.784912109375,410.48175048828125,145.5226287841797,431.0078125,102.68546295166016,441.931396484375,62.64158630371094,464.34124755859375,0
1146,214.44163513183594,148.47471618652344,493.0396728515625,149.64578247070312,214.55239868164062,352.4200439453125,172.1434783935547,376.53363037109375,199.62904357910156,398.7120056152344,192.5631866455078,377.4187927246094,182.7993927001953,390.47125244140625,164.30165100097656,410.09185791015625,145.4578399658203,430.74566650390625,103.36182403564453,441.75537109375,63.04283142089844,464.91937255859375,0
1147,214.42686462402344,148.4987030029297,493.0746154785156,149.6278076171875,210.50546264648438,349.2780456542969,171.7507781982422,377.08099365234375,201.79885864257812,397.0057067871094,191.6404571533203,376.3746643066406,184.0098114013672,390.1727600097656,166.11244201660156,409.6249694824219,146.06826782226562,430.1492919921875,103.53038024902344,442.0738220214844,64.84918975830078,462.9853210449219,0
1148,214.35000610351562,148.61727905273438,493.13922119140625,149.6339111328125,210.31051635742188,348.5674743652344,171.29310607910156,376.7466735839844,201.9584197998047,396.9371643066406,191.70077514648438,375.8408203125,183.82467651367188,389.7714538574219,164.9475555419922,410.4809875488281,145.64059448242188,430.6709289550781,104.13995361328125,441.9111633300781,64.84171295166016,463.7263488769531,0
1149,214.4980926513672,148.4203338623047,493.1670227050781,149.7010955810547,208.33872985839844,349.6586608886719,172.38404846191406,375.6521301269531,200.16995239257812,395.4004821777344,192.021728515625,376.4750671386719,182.32476806640625,389.40350341796875,165.13934326171875,411.5564880371094,143.94163513183594,430.9698791503906,103.31922912597656,442.0468444824219,66.51510620117188,462.79693603515625,0
1150,214.36785888671875,148.49981689453125,493.1322937011719,149.5877685546875,206.7120361328125,350.4279479980469,174.19833374023438,376.2246398925781,200.28793334960938,395.44171142578125,192.16473388671875,376.2452392578125,182.9958953857422,389.73602294921875,164.48043823242188,411.0586242675781,143.20846557617188,430.9848937988281,103.69671630859375,441.9193115234375,66.86518859863281,463.3681335449219,0
1151,214.36282348632812,148.4990692138672,493.13262939453125,149.52810668945312,206.76217651367188,350.38873291015625,174.13478088378906,376.034912109375,200.6151885986328,395.3785705566406,192.2823028564453,375.73883056640625,182.9893341064453,389.0431213378906,164.27969360351562,410.9479675292969,143.2141571044922,431.05126953125,103.66291809082031,441.8720703125,66.86373901367188,463.50311279296875,0
1152,214.24652099609375,148.339599609375,493.0732727050781,149.3460693359375,204.0411376953125,354.9208068847656,174.1268310546875,378.1228942871094,199.99986267089844,397.1334228515625,192.37530517578125,377.991455078125,183.86192321777344,390.5005798339844,164.12889099121094,411.6637268066406,142.61599731445312,431.4404602050781,103.18617248535156,442.1197204589844,67.53248596191406,463.1043395996094,0
1153,214.0691680908203,148.31967163085938,493.0931396484375,149.44578552246094,206.0998077392578,350.9280090332031,166.38626098632812,382.6718444824219,196.06173706054688,400.57891845703125,187.47097778320312,378.9677429199219,178.911865234375,392.7426452636719,163.0347137451172,413.5674133300781,143.55224609375,430.5125732421875,103.91151428222656,441.47027587890625,68.03032684326172,462.4317932128906,0
1154,214.40109252929688,148.3850555419922,493.09930419921875,149.45220947265625,207.135009765625,351.1109313964844,169.2579803466797,381.10546875,199.9171905517578,397.197265625,190.3736114501953,376.9718933105469,180.83299255371094,392.0460205078125,165.31471252441406,411.7720031738281,144.39456176757812,430.5672607421875,103.76604461669922,441.4227600097656,67.54295349121094,462.525634765625,0
1155,214.29136657714844,148.2809600830078,493.0884094238281,149.5577850341797,207.39036560058594,351.0733947753906,170.00071716308594,379.1430969238281,200.27215576171875,396.82275390625,191.2884979248047,376.7494812011719,181.38653564453125,391.0721740722656,165.34432983398438,411.6594543457031,144.85430908203125,430.28082275390625,104.95813751220703,441.6512451171875,66.87310028076172,462.86090087890625,0
1156,214.2490234375,148.28961181640625,493.08953857421875,149.63365173339844,207.39369201660156,351.0148620605469,169.9972686767578,379.16558837890625,200.32427978515625,396.9390563964844,191.3250274658203,376.76324462890625,181.42388916015625,391.08758544921875,165.32835388183594,411.6176452636719,144.8360137939453,430.2828063964844,104.79010009765625,441.64385986328125,66.34893798828125,463.1755676269531,0
1157,214.27493286132812,148.4130859375,493.1673889160156,149.588134765625,206.63531494140625,350.289794921875,169.8696746826172,378.4621276855469,200.4629364013672,395.43280029296875,190.62286376953125,377.0436096191406,181.1300811767578,390.1512451171875,165.4775848388672,410.9713439941406,144.97341918945312,430.6505432128906,104.16773986816406,441.5708312988281,67.1795654296875,463.6765441894531,0
1158,214.19105529785156,148.4976348876953,493.2104797363281,149.405029296875,207.5315399169922,348.5953369140625,170.56871032714844,374.1316223144531,200.67965698242188,393.3619384765625,190.97911071777344,374.47930908203125,181.6278076171875,387.2301330566406,166.29196166992188,409.89129638671875,145.64907836914062,430.6172790527344,105.02655792236328,441.44781494140625,66.89900207519531,462.6920166015625,0
1159,214.20619201660156,148.61300659179688,493.13311767578125,149.49093627929688,210.56167602539062,347.77215576171875,171.76963806152344,372.7026672363281,200.8080291748047,393.1639709472656,192.0423583984375,374.3893737792969,182.31289672851562,386.2417907714844,166.42922973632812,407.75152587890625,146.53822326660156,429.83428955078125,105.73173522949219,441.11651611328125,65.18120574951172,464.001708984375,0
1160,214.2083282470703,148.6121826171875,493.1099853515625,149.48480224609375,210.5526123046875,347.7681884765625,171.77548217773438,372.70294189453125,200.80551147460938,393.1719055175781,192.04165649414062,374.3922119140625,182.314453125,386.2529602050781,166.39364624023438,407.7506103515625,146.5150146484375,429.805908203125,105.74392700195312,441.1167907714844,65.1849365234375,463.9989013671875,0
1161,214.4942626953125,148.61358642578125,493.28448486328125,149.49667358398438,211.89759826660156,348.5401611328125,173.35194396972656,372.1465148925781,200.99639892578125,393.5967712402344,192.2294921875,375.5396423339844,183.083984375,385.8960876464844,165.59417724609375,407.86651611328125,146.50637817382812,430.4858703613281,105.8024673461914,441.0010681152344,66.15213012695312,463.0952453613281,0
1162,214.42996215820312,148.45721435546875,493.22418212890625,149.5169219970703,204.4164581298828,353.5204162597656,169.94256591796875,373.198486328125,200.4554901123047,390.2677001953125,188.05303955078125,372.82379150390625,180.21368408203125,386.1556396484375,164.29258728027344,410.4969177246094,143.37750244140625,431.5318298339844,103.4535903930664,441.4288024902344,67.40099334716797,462.6992492675781,0
1163,214.52671813964844,148.56552124023438,493.15814208984375,149.51902770996094,202.09420776367188,353.1181640625,167.767578125,375.195068359375,200.1252899169922,391.41888427734375,186.51998901367188,373.5595397949219,178.38204956054688,386.96929931640625,162.97596740722656,411.625244140625,142.8461151123047,431.3905029296875,103.25457000732422,441.4129638671875,66.73199462890625,463.02789306640625,0
1164,214.4372100830078,148.66104125976562,493.2232971191406,149.46823120117188,202.68373107910156,352.470947265625,166.55628967285156,378.1662902832031,196.9479522705078,396.0281982421875,187.10293579101562,376.7428283691406,176.69886779785156,391.2195129394531,161.6139678955078,412.7486267089844,143.2731170654297,430.84954833984375,104.29125213623047,441.2324523925781,73.86300659179688,454.04046630859375,0
1165,214.43524169921875,148.6595916748047,493.22833251953125,149.46372985839844,202.77281188964844,352.4421691894531,166.49398803710938,378.1375732421875,197.048583984375,396.14093017578125,187.06809997558594,376.82232666015625,176.81857299804688,391.1529235839844,161.89434814453125,412.67071533203125,143.30003356933594,430.82550048828125,104.18609619140625,441.27349853515625,73.83834838867188,454.06121826171875,0
1166,214.3577423095703,148.55465698242188,493.1932373046875,149.5401153564453,206.21588134765625,352.5119934082031,166.26596069335938,377.7022705078125,197.19256591796875,397.4983215332031,187.54519653320312,377.1011047363281,177.4405975341797,391.1252136230469,162.23374938964844,411.43109130859375,143.95770263671875,430.6478576660156,104.17424774169922,441.2502136230469,70.5909423828125,458.943115234375,0
1167,214.39064025878906,148.6023712158203,493.1947326660156,149.7098388671875,214.85220336914062,352.6318664550781,176.11019897460938,370.2327880859375,201.15066528320312,394.5729064941406,194.0703125,375.28765869140625,183.0216827392578,384.9465637207031,165.53759765625,405.5269470214844,145.7859649658203,430.1690979003906,106.65135955810547,440.7311096191406,70.8523178100586,458.5999755859375,0
1168,214.43179321289062,148.48219299316406,493.232177734375,149.5054931640625,217.95628356933594,357.77789306640625,181.2925262451172,368.6190185546875,200.67855834960938,395.986083984375,196.74317932128906,375.60650634765625,183.92605590820312,384.99371337890625,164.42630004882812,404.4979553222656,145.88209533691406,430.3072204589844,105.8499984741211,440.51800537109375,69.21874237060547,459.7919616699219,0
1169,214.3306427001953,148.6925048828125,493.24530029296875,149.39578247070312,217.63182067871094,359.3216247558594,184.10194396972656,368.0663146972656,203.3413848876953,393.9850769042969,199.3818817138672,374.00616455078125,186.59024047851562,382.4266357421875,165.8047332763672,403.76995849609375,145.8968963623047,430.4125671386719,105.59994506835938,440.2625732421875,70.38355255126953,458.80670166015625,0
1170,214.41958618164062,148.8226776123047,493.17572021484375,149.40733337402344,225.61251831054688,361.0368957519531,189.1400909423828,367.2955322265625,204.5530242919922,394.05279541015625,203.434326171875,374.0643005371094,189.8760528564453,382.67803955078125,166.04446411132812,403.0669860839844,145.80767822265625,429.8876647949219,104.87156677246094,439.8681945800781,67.15886688232422,461.0718994140625,0
1171,214.24337768554688,148.69485473632812,493.25531005859375,149.4475555419922,228.81106567382812,360.660888671875,190.26109313964844,368.8401184082031,206.29090881347656,395.58331298828125,205.69342041015625,375.25,192.330322265625,383.79730224609375,166.6644287109375,403.4305725097656,145.75624084472656,428.9266052246094,104.03941345214844,439.9583740234375,68.07946014404297,460.16839599609375,0
1172,214.2332000732422,148.7047882080078,493.23883056640625,149.41632080078125,228.81137084960938,360.66632080078125,190.2606201171875,368.84039306640625,206.28854370117188,395.5895690917969,205.6922607421875,375.2524719238281,192.32691955566406,383.7994079589844,166.64071655273438,403.4200134277344,145.72695922851562,428.9128112792969,104.04903411865234,439.9552307128906,68.10971069335938,460.1279602050781,0
1173,214.37692260742188,148.65516662597656,493.1513671875,149.40298461914062,233.1105194091797,362.9485168457031,192.01123046875,370.1127624511719,206.942626953125,398.57098388671875,206.9777374267578,378.0760192871094,192.88565063476562,386.8466491699219,167.1628875732422,404.20379638671875,145.5982208251953,429.2919921875,102.45027160644531,440.2538146972656,66.54267883300781,461.3376159667969,0
1174,214.3623046875,148.54759216308594,493.1178894042969,149.4265594482422,234.31593322753906,374.7970886230469,193.41024780273438,374.564697265625,202.3731689453125,407.50872802734375,206.7025604248047,386.4720153808594,191.7960662841797,393.3121643066406,165.35061645507812,405.7611083984375,145.07896423339844,429.4644775390625,102.03278350830078,440.2282409667969,67.89607238769531,459.9181823730469,0
1175,214.44277954101562,148.65504455566406,493.1590270996094,149.24998474121094,237.34716796875,378.5050048828125,195.29542541503906,376.4750061035156,202.45716857910156,410.2505798339844,208.45492553710938,388.618408203125,193.23284912109375,393.7987976074219,164.15109252929688,406.2730712890625,144.6630401611328,429.1078796386719,102.57331848144531,440.0693054199219,67.15849304199219,460.4515075683594,0
1176,214.34445190429688,148.6553497314453,493.2533264160156,149.29495239257812,239.85804748535156,381.906005859375,197.84971618652344,378.9278869628906,205.20849609375,412.068603515625,211.50344848632812,391.24224853515625,195.9195556640625,395.8988342285156,166.9223175048828,405.63323974609375,145.57669067382812,428.2791442871094,102.71508026123047,440.09991455078125,67.27780151367188,460.09637451171875,0
1177,214.3555908203125,148.62767028808594,493.22637939453125,149.27105712890625,239.8627471923828,381.909423828125,197.8166961669922,378.8718566894531,205.22586059570312,412.06298828125,211.52647399902344,391.2287902832031,195.9364471435547,395.88330078125,166.91632080078125,405.7779541015625,145.60211181640625,428.208984375,102.78556823730469,440.0766906738281,67.34403228759766,460.0116882324219,0
1178,214.3629150390625,148.67532348632812,493.2160949707031,149.0640106201172,241.98342895507812,386.6817932128906,198.79861450195312,379.5706787109375,203.90335083007812,414.1574401855469,211.82009887695312,393.2038879394531,195.7260284423828,397.35772705078125,166.41310119628906,405.7301025390625,146.01121520996094,427.692138671875,103.17031860351562,440.0485534667969,67.67562103271484,459.9951477050781,0
1179,214.3965301513672,148.7106170654297,493.1119384765625,149.18946838378906,242.0463409423828,387.2692565917969,198.79739379882812,380.9088439941406,204.52064514160156,416.7638244628906,211.79495239257812,394.09124755859375,195.90939331054688,398.904296875,167.21060180664062,405.5000305175781,146.58563232421875,426.3211669921875,104.2713851928711,439.5429992675781,67.7917251586914,459.6718444824219,0
1180,214.48403930664062,148.7209014892578,493.16241455078125,149.21920776367188,242.09388732910156,387.3269348144531,198.44374084472656,380.868896484375,203.9735107421875,416.4991149902344,211.4862060546875,393.7457580566406,195.55459594726562,398.5889587402344,167.22134399414062,405.61920166015625,146.89254760742188,425.9854431152344,103.35558319091797,439.8631591796875,63.46688461303711,464.7953186035156,0
1181,214.42022705078125,148.80551147460938,493.21875,149.17559814453125,241.8972625732422,391.0267639160156,198.88494873046875,381.121337890625,201.12252807617188,417.7887268066406,211.05099487304688,395.2389831542969,195.00001525878906,398.6775817871094,166.98153686523438,404.1219177246094,147.3326416015625,425.6806335449219,103.19445037841797,439.92010498046875,63.367820739746094,465.5530700683594,0
1182,214.43043518066406,148.77655029296875,493.218994140625,149.17584228515625,241.84779357910156,391.01837158203125,198.89730834960938,381.124755859375,201.1049346923828,417.7674865722656,211.03463745117188,395.2074279785156,194.99664306640625,398.67919921875,166.99264526367188,404.13348388671875,147.3402557373047,425.6666564941406,103.19722747802734,439.91973876953125,63.36448669433594,465.6003723144531,0
1183,214.45053100585938,148.6160430908203,493.0202941894531,149.26834106445312,242.80303955078125,394.3673400878906,200.5654296875,381.10308837890625,200.4744110107422,417.4052734375,212.1745147705078,396.5541687011719,196.62109375,398.9790344238281,167.73605346679688,402.86920166015625,147.44483947753906,425.32110595703125,104.06199645996094,439.34503173828125,63.997650146484375,466.55218505859375,0
1184,214.56597900390625,148.66383361816406,493.3074645996094,149.27078247070312,243.51072692871094,399.9596862792969,201.5557098388672,381.33380126953125,199.22340393066406,418.3322448730469,212.2744598388672,399.50640869140625,196.74949645996094,399.8740234375,168.1546630859375,402.07916259765625,148.230712890625,423.9120178222656,106.42134094238281,438.8310852050781,66.06878662109375,462.6841735839844,0
1185,214.51226806640625,148.8024444580078,493.2696228027344,149.29608154296875,244.23031616210938,398.4419250488281,201.16505432128906,380.8835754394531,199.82638549804688,418.2608947753906,212.67440795898438,398.7361145019531,197.3718719482422,399.7972717285156,168.78868103027344,401.5733947753906,149.60543823242188,423.9049377441406,107.51171112060547,438.7625732421875,67.4111099243164,460.59759521484375,0
1186,214.40228271484375,148.65609741210938,493.2943420410156,149.31265258789062,243.25326538085938,395.34197998046875,200.17230224609375,380.2532653808594,199.767333984375,417.7812805175781,211.54812622070312,397.1588134765625,195.8278350830078,399.1081848144531,168.2628173828125,401.7060852050781,149.93458557128906,423.3716125488281,109.50861358642578,438.6731262207031,69.60442352294922,459.35333251953125,0
1187,214.41207885742188,148.66554260253906,493.2942810058594,149.31887817382812,243.2583465576172,395.3463439941406,200.17111206054688,380.2442626953125,199.78834533691406,417.7922668457031,211.55360412597656,397.1715393066406,195.83131408691406,399.1177062988281,168.24737548828125,401.6756591796875,149.95693969726562,423.39337158203125,109.50117492675781,438.66143798828125,69.63670349121094,459.2609558105469,0
1188,214.28558349609375,148.5995635986328,493.10162353515625,149.3669891357422,242.59754943847656,388.9767761230469,197.83473205566406,380.2348937988281,201.2444305419922,417.7727966308594,210.5288543701172,394.6662902832031,194.89280700683594,398.7036437988281,168.6039276123047,402.6453857421875,150.54098510742188,423.3085632324219,109.63607788085938,438.5260925292969,71.01559448242188,457.17578125,0
1189,214.2252960205078,148.6883087158203,493.1333312988281,149.43087768554688,240.4191131591797,384.5950012207031,196.74644470214844,378.1314697265625,202.39999389648438,414.2356262207031,210.07423400878906,391.89129638671875,194.66932678222656,396.8584289550781,168.2560577392578,403.089111328125,149.73190307617188,423.4137268066406,107.20648956298828,438.7626953125,69.05299377441406,458.474853515625,0
1190,214.439697265625,148.5744171142578,493.08648681640625,149.32493591308594,237.90750122070312,384.5997619628906,195.824462890625,378.3705749511719,201.87791442871094,414.6506042480469,208.99179077148438,391.7752685546875,194.07284545898438,396.889892578125,168.54437255859375,402.0402526855469,151.88253784179688,423.013916015625,109.70238494873047,438.75341796875,67.48741149902344,460.3102722167969,0
1191,214.48794555664062,148.614013671875,493.2002868652344,149.34445190429688,234.80078125,390.24884033203125,192.4081573486328,379.7137756347656,198.322021484375,417.91595458984375,205.98089599609375,393.6052551269531,191.25369262695312,398.6353454589844,168.04818725585938,403.4100646972656,151.43045043945312,423.13427734375,110.07344818115234,439.2395324707031,70.92257690429688,457.435791015625,0
1192,214.54928588867188,148.57928466796875,493.2195739746094,149.36488342285156,236.3952178955078,386.6269836425781,192.1072540283203,380.1421203613281,200.13247680664062,418.05413818359375,206.5333709716797,392.9776916503906,191.4185333251953,398.8150939941406,167.5426025390625,403.2081298828125,150.8257598876953,421.8353576660156,110.59394073486328,438.75628662109375,69.7679214477539,458.3280334472656,0
1193,214.40524291992188,148.65740966796875,493.2704162597656,149.3135223388672,237.14016723632812,382.99261474609375,192.5853271484375,379.4713439941406,201.38319396972656,416.07073974609375,207.07659912109375,392.7852783203125,192.4958953857422,397.9494323730469,168.44264221191406,403.58270263671875,151.130615234375,422.31402587890625,109.7930908203125,439.05615234375,69.52361297607422,457.9161376953125,0
1194,214.52395629882812,148.69561767578125,493.1536560058594,149.39549255371094,238.23406982421875,385.3285827636719,193.88818359375,378.7601623535156,201.68533325195312,416.0429382324219,208.3640899658203,392.54302978515625,193.43528747558594,397.45367431640625,168.89613342285156,403.1767578125,151.98817443847656,423.0977478027344,110.54420471191406,439.2064208984375,70.97760009765625,456.4737243652344,0
1195,214.48388671875,148.66566467285156,493.0804138183594,149.47882080078125,245.26312255859375,393.7159729003906,201.1409149169922,380.82818603515625,202.47926330566406,420.3512878417969,214.0750732421875,398.2555847167969,198.88563537597656,400.57513427734375,167.62344360351562,402.1224060058594,152.47262573242188,422.4429931640625,112.31620025634766,439.57415771484375,72.44600677490234,453.73406982421875,0
1196,214.44711303710938,148.62008666992188,493.07269287109375,149.47378540039062,245.265380859375,393.71673583984375,201.14016723632812,380.82806396484375,202.47891235351562,420.3506774902344,214.07449340820312,398.2540588378906,198.8856201171875,400.57257080078125,167.62368774414062,402.1217956542969,152.47129821777344,422.44195556640625,112.30661010742188,439.5796203613281,72.41313934326172,453.7610168457031,0
1197,214.45770263671875,148.64773559570312,493.115234375,149.4619140625,248.8819122314453,400.1662292480469,206.52142333984375,383.3226013183594,205.0912628173828,422.5853271484375,217.64707946777344,400.4201354980469,202.81985473632812,402.138427734375,170.54159545898438,403.09918212890625,151.9418182373047,423.3570861816406,110.62056732177734,440.6422119140625,69.44700622558594,458.51165771484375,0
1198,214.4247589111328,148.5725555419922,493.09326171875,149.44757080078125,254.06240844726562,415.42987060546875,215.18463134765625,390.4460754394531,207.0481414794922,428.98675537109375,223.2327880859375,409.2787780761719,208.32167053222656,408.44964599609375,175.86167907714844,402.6904602050781,153.300048828125,421.5699462890625,113.30165100097656,440.0294189453125,69.95182037353516,458.51983642578125,0
1199,214.28736877441406,148.5721435546875,492.9836120605469,149.4669647216797,254.91400146484375,420.8845520019531,218.1920166015625,393.5189514160156,207.55067443847656,430.6112976074219,224.30520629882812,413.8089599609375,209.3883056640625,410.15478515625,178.4912567138672,402.0928955078125,152.96249389648438,420.9013977050781,112.27330780029297,440.46478271484375,69.55007934570312,458.3181457519531,0
1200,214.31297302246094,148.58013916015625,493.20233154296875,149.3658447265625,259.4658203125,415.72686767578125,218.13804626464844,395.4881591796875,212.7481231689453,433.27447509765625,227.5580291748047,413.9767761230469,212.085693359375,412.388427734375,180.14881896972656,403.4267272949219,153.0320587158203,417.98626708984375,115.26996612548828,438.4405822753906,71.19923400878906,457.83404541015625,0
1201,214.30409240722656,148.58541870117188,493.1926574707031,149.4358673095703,259.4695129394531,415.73297119140625,218.15493774414062,395.3876037597656,212.6932373046875,433.26153564453125,227.52096557617188,413.95269775390625,212.07591247558594,412.3449401855469,180.1217498779297,403.4046630859375,153.0403594970703,417.9961242675781,115.2915267944336,438.43017578125,71.26956176757812,457.7695007324219,0
1202,214.4024658203125,148.68106079101562,493.0899658203125,149.45802307128906,256.86016845703125,409.2615966796875,217.21578979492188,391.8751525878906,212.66204833984375,428.24749755859375,226.49331665039062,409.2216491699219,210.87527465820312,408.65435791015625,179.12156677246094,403.06988525390625,151.92835998535156,419.3851623535156,112.72269439697266,441.00665283203125,70.77978515625,458.0284729003906,0
1203,214.34446716308594,148.71560668945312,493.13604736328125,149.4493408203125,253.7785186767578,408.8983154296875,216.09356689453125,386.8858642578125,209.9170379638672,423.9275207519531,222.8912811279297,405.68743896484375,207.63621520996094,404.134033203125,176.70401000976562,400.34619140625,150.0828399658203,420.5357360839844,109.85283660888672,441.2727355957031,69.48324584960938,459.4602966308594,0
1204,214.45626831054688,148.7214813232422,493.08837890625,149.58596801757812,252.2642822265625,404.5287780761719,218.36959838867188,385.7864990234375,212.83639526367188,421.466552734375,226.02430725097656,403.04998779296875,209.96533203125,401.67425537109375,174.8900604248047,396.8921203613281,148.2541961669922,420.4930419921875,109.22865295410156,442.0184020996094,64.04828643798828,465.9392395019531,0
1205,214.31427001953125,148.70513916015625,493.1376647949219,149.50946044921875,252.53561401367188,396.99493408203125,227.54937744140625,381.4703369140625,223.21243286132812,414.36883544921875,231.3376007080078,395.2247314453125,220.0028076171875,393.51544189453125,179.0237579345703,392.5893859863281,146.73712158203125,420.4631042480469,107.17412567138672,443.8873291015625,65.8546142578125,461.9037780761719,0
1206,214.31631469726562,148.7217254638672,493.1474304199219,149.50473022460938,252.50955200195312,397.02734375,227.59442138671875,381.4936218261719,223.2135772705078,414.3821105957031,231.3362274169922,395.2601318359375,220.04623413085938,393.55841064453125,179.5165557861328,392.8961181640625,146.72079467773438,420.47998046875,107.12406158447266,443.91021728515625,65.83563232421875,461.90765380859375,0
1207,214.40374755859375,148.59446716308594,493.12005615234375,149.4059295654297,252.8636474609375,396.0530700683594,232.44822692871094,379.0945739746094,225.7470245361328,410.96343994140625,234.74337768554688,393.4770202636719,223.0950927734375,392.5498962402344,181.06512451171875,389.8100280761719,143.72958374023438,422.3688659667969,102.4237060546875,448.4877624511719,55.83436584472656,476.0408630371094,0
1208,214.33413696289062,148.61203002929688,493.2527160644531,149.4751739501953,252.7979736328125,392.2441101074219,237.4501495361328,376.4194030761719,231.2568359375,409.5035095214844,237.68942260742188,391.19818115234375,226.65541076660156,388.608642578125,184.8790283203125,385.84747314453125,140.3858642578125,421.28662109375,109.3284683227539,447.253662109375,79.03875732421875,469.2481689453125,0
1209,214.34512329101562,148.57286071777344,493.027099609375,149.43934631347656,257.24957275390625,393.0979309082031,239.23828125,375.4969787597656,232.59677124023438,408.7920837402344,240.43601989746094,391.57464599609375,228.51136779785156,388.63800048828125,185.5745849609375,384.877197265625,140.45362854003906,419.5045166015625,109.7323226928711,442.6351623535156,81.08728790283203,462.6587829589844,0
1210,214.39222717285156,148.67495727539062,493.1813049316406,149.5319061279297,260.3949890136719,399.68218994140625,241.0981903076172,381.2116394042969,233.1726837158203,412.8177490234375,243.33566284179688,395.9939270019531,229.74847412109375,393.40814208984375,187.0816192626953,386.41986083984375,140.29669189453125,416.2355041503906,107.65985870361328,437.3128662109375,79.7162094116211,454.131591796875,0
1211,214.395263671875,148.8181915283203,493.17523193359375,149.53025817871094,260.3962097167969,399.67401123046875,241.1072998046875,381.20623779296875,233.19866943359375,412.8060607910156,243.33636474609375,396.01104736328125,229.76304626464844,393.4069519042969,187.20358276367188,386.39422607421875,140.2540283203125,416.2506408691406,107.63105010986328,437.3216857910156,79.71966552734375,454.1336975097656,0
1212,214.59857177734375,148.62413024902344,493.0317687988281,149.32933044433594,251.15664672851562,401.0916442871094,242.2301025390625,382.09503173828125,232.86444091796875,413.6637878417969,240.81321716308594,396.67071533203125,230.38919067382812,392.6026916503906,187.94229125976562,386.9351501464844,140.0808868408203,415.35955810546875,106.80484008789062,436.83404541015625,77.07746124267578,454.5135498046875,0
1213,214.34877014160156,148.64817810058594,493.11865234375,149.3346710205078,246.7473907470703,398.36016845703125,241.16622924804688,379.5746765136719,228.7334747314453,409.99432373046875,237.27134704589844,394.45672607421875,228.939453125,389.4103088378906,186.17440795898438,385.11492919921875,138.23419189453125,415.58837890625,103.91134643554688,436.7236328125,75.24665069580078,454.5637512207031,0
1214,214.4364776611328,148.59317016601562,493.04058837890625,149.25286865234375,243.06573486328125,392.21490478515625,241.2252655029297,378.07684326171875,227.06993103027344,410.5830078125,234.3274383544922,391.3555603027344,227.01797485351562,388.05401611328125,185.5998077392578,385.3371276855469,136.97036743164062,414.8578796386719,104.144775390625,433.5766906738281,74.99821472167969,449.01202392578125,0
1215,214.45396423339844,148.52676391601562,493.1262512207031,149.17811584472656,236.022705078125,395.2479553222656,235.96847534179688,376.3724365234375,222.05575561523438,409.89129638671875,230.57542419433594,390.6439208984375,222.88868713378906,386.1194763183594,181.5614471435547,383.4104919433594,135.25282287597656,414.8011779785156,101.76038360595703,433.86541748046875,72.48057556152344,450.0462341308594,0
1216,214.45394897460938,148.5248565673828,493.05810546875,149.16357421875,235.77000427246094,395.67071533203125,236.03118896484375,376.5258483886719,222.0953826904297,409.88909912109375,230.54115295410156,390.6578674316406,222.9578857421875,386.10772705078125,181.51463317871094,383.41436767578125,135.24046325683594,414.8048095703125,101.77417755126953,433.8755187988281,72.46984100341797,450.07220458984375,0
1217,214.1976776123047,148.4390411376953,493.03179931640625,149.18882751464844,238.08486938476562,395.9543762207031,235.01419067382812,376.20025634765625,223.8948516845703,409.7274169921875,231.7783966064453,391.8559875488281,222.82077026367188,387.1319580078125,181.86314392089844,383.6875915527344,133.86073303222656,415.3533020019531,100.84820556640625,433.8123779296875,72.10911560058594,452.4059143066406,0
1218,214.46298217773438,148.36744689941406,493.1106262207031,149.13134765625,244.88768005371094,391.41937255859375,236.43055725097656,376.3543395996094,227.2729949951172,409.3202209472656,233.88104248046875,391.5614929199219,224.23696899414062,387.2789611816406,182.9149932861328,384.6742248535156,133.9254913330078,413.32421875,101.24459838867188,430.43707275390625,71.52682495117188,450.0394592285156,0
1219,214.4207000732422,148.5382537841797,492.9936218261719,149.24583435058594,247.21817016601562,393.26806640625,239.16917419433594,377.7798767089844,230.19869995117188,410.0323486328125,237.1737518310547,392.78314208984375,227.9042510986328,388.53057861328125,185.21583557128906,382.850830078125,133.55967712402344,411.8793029785156,101.37487030029297,429.14752197265625,71.95894622802734,444.3894348144531,0
1220,214.57643127441406,148.56333923339844,493.185302734375,149.16937255859375,262.5931701660156,405.8487243652344,250.21580505371094,386.8072814941406,235.1279754638672,416.8415832519531,247.90081787109375,402.38037109375,235.49050903320312,395.4918212890625,195.08023071289062,383.82684326171875,139.08303833007812,407.6350402832031,104.40748596191406,422.0503845214844,76.53307342529297,433.74029541015625,0
1221,214.5764923095703,148.56161499023438,493.20074462890625,149.19911193847656,262.5946960449219,405.8503112792969,250.20443725585938,386.81304931640625,235.12881469726562,416.84814453125,247.8947296142578,402.3827819824219,235.48489379882812,395.5004577636719,195.08766174316406,383.7984924316406,139.086181640625,407.64447021484375,104.3804931640625,422.02447509765625,76.49176025390625,433.7400817871094,0
1222,214.5982666015625,148.5060577392578,493.1063537597656,149.0861053466797,263.66693115234375,412.0473937988281,254.58541870117188,394.4343566894531,239.62493896484375,424.2581787109375,250.41909790039062,407.5106201171875,240.52285766601562,402.5361633300781,198.6254425048828,387.4820861816406,143.09072875976562,403.89447021484375,108.89777374267578,415.9611511230469,79.08218383789062,429.2451477050781,0
1223,214.6133270263672,148.49081420898438,493.0621032714844,149.07406616210938,273.51153564453125,430.2136535644531,262.03515625,402.02813720703125,244.14712524414062,432.01300048828125,258.81915283203125,418.64874267578125,248.01954650878906,410.6026611328125,201.52272033691406,393.1388854980469,149.25906372070312,401.41357421875,119.1915512084961,415.31781005859375,99.0462646484375,431.2200622558594,0
1224,214.45947265625,148.42483520507812,493.1260070800781,149.120361328125,278.409912109375,435.0895080566406,265.569580078125,404.9256896972656,247.7304229736328,432.95654296875,262.8208923339844,421.88885498046875,251.0861053466797,413.35888671875,206.7511749267578,395.2314453125,152.18836975097656,398.19189453125,117.62982177734375,416.33447265625,97.80254364013672,442.9865417480469,0
1225,214.4915771484375,148.6153564453125,493.11541748046875,149.1139373779297,284.4331359863281,444.1919250488281,270.9516906738281,404.7132263183594,249.3575439453125,430.2943115234375,267.5638427734375,422.6949768066406,256.59002685546875,412.1409606933594,214.27529907226562,389.8456726074219,162.5697784423828,383.0368957519531,120.36318969726562,389.403564453125,90.58013153076172,426.0742492675781,0
1226,214.4835205078125,148.61415100097656,493.12530517578125,149.07644653320312,284.442626953125,444.1903991699219,270.93646240234375,404.6963195800781,249.3477325439453,430.2563781738281,267.5416564941406,422.6606140136719,256.6199951171875,411.9869384765625,214.20932006835938,389.7896728515625,162.5747833251953,383.03753662109375,120.36712646484375,389.4041442871094,90.57997131347656,426.073974609375,0
1227,214.40663146972656,148.62191772460938,493.1423034667969,149.03759765625,285.099365234375,447.27545166015625,272.7228698730469,404.3515319824219,249.7252960205078,427.69683837890625,268.61907958984375,422.59539794921875,258.6187438964844,411.2257995605469,216.47549438476562,387.5819396972656,166.78414916992188,381.3389892578125,133.82351684570312,383.3249206542969,108.62586212158203,395.24853515625,0
1228,214.6562957763672,148.75302124023438,493.16424560546875,149.03878784179688,293.8038330078125,454.4278259277344,282.569580078125,403.34320068359375,257.4595947265625,426.7163391113281,277.60113525390625,424.814208984375,266.4582824707031,410.0274963378906,228.34796142578125,387.2976379394531,176.88441467285156,382.64208984375,155.17608642578125,380.29156494140625,135.7381134033203,369.31591796875,0
1229,214.52342224121094,148.57626342773438,493.103759765625,149.20252990722656,294.38531494140625,456.5960388183594,283.11871337890625,405.1662292480469,257.7750244140625,429.80145263671875,278.8975524902344,427.3309326171875,266.91436767578125,412.97454833984375,229.5474853515625,389.2251892089844,181.9857177734375,383.10174560546875,157.0823211669922,382.41131591796875,137.80433654785156,372.7599182128906,0
1230,214.54721069335938,148.58859252929688,493.09912109375,149.20677185058594,294.3731384277344,456.5780334472656,283.1294250488281,405.20416259765625,257.77545166015625,429.7200622558594,278.8768005371094,427.3224792480469,266.9312744140625,412.9652099609375,229.4147186279297,389.25799560546875,181.95252990722656,383.0957336425781,157.1703643798828,382.4247741699219,137.86460876464844,372.6974792480469,0
1231,214.37014770507812,148.55941772460938,493.24920654296875,149.25772094726562,297.76312255859375,462.785888671875,283.19775390625,412.2026062011719,257.4738464355469,437.1647644042969,278.60345458984375,433.2951354980469,267.43658447265625,420.3134460449219,228.0924530029297,395.19903564453125,185.00747680664062,381.7913513183594,153.10134887695312,378.1916198730469,129.0023956298828,411.30633544921875,0
1232,214.37217712402344,148.5565185546875,493.2511291503906,149.26036071777344,297.7650146484375,462.8059997558594,283.2572021484375,412.18927001953125,257.405029296875,437.09600830078125,278.59881591796875,433.260986328125,267.5434265136719,420.2427673339844,228.28260803222656,395.22711181640625,184.925537109375,381.81463623046875,153.0338897705078,378.20013427734375,129.0155792236328,411.3111267089844,0
1233,214.37545776367188,148.56170654296875,493.1724853515625,149.34872436523438,296.1123962402344,466.28851318359375,283.9107360839844,412.4703063964844,257.3815002441406,437.25665283203125,278.22503662109375,435.0572204589844,268.1273498535156,420.6719665527344,234.2101287841797,395.5605773925781,195.50022888183594,372.7181396484375,156.6240997314453,368.4317626953125,132.2454833984375,406.33056640625,0
1234,214.5213623046875,148.6497344970703,493.2298278808594,149.35182189941406,280.4632568359375,467.7392883300781,281.6747741699219,411.7287292480469,248.67274475097656,429.9110107421875,271.2284240722656,433.9232482910156,264.01007080078125,419.01654052734375,237.17465209960938,387.40740966796875,202.75234985351562,360.8868103027344,177.9628448486328,336.71661376953125,148.73223876953125,343.5712890625,0
1235,214.70875549316406,148.47674560546875,493.1862487792969,149.4465789794922,271.95367431640625,470.6174621582031,278.9748840332031,413.0238342285156,247.21002197265625,430.0352783203125,265.9175720214844,435.0084533691406,261.255126953125,419.1952209472656,235.83042907714844,388.51666259765625,202.12399291992188,361.9764404296875,173.9542236328125,339.2016906738281,145.58016967773438,351.1785583496094,0
1236,214.5638885498047,148.66017150878906,493.23211669921875,149.4432830810547,264.7781677246094,472.17529296875,274.9244384765625,415.34466552734375,240.15548706054688,429.41668701171875,260.6850280761719,437.6502380371094,255.0143585205078,420.8398742675781,235.62448120117188,388.0399475097656,202.56434631347656,363.05145263671875,174.6829376220703,340.2780456542969,139.909912109375,351.7638244628906,0
1237,214.60385131835938,148.6534423828125,493.2740783691406,149.41384887695312,264.77679443359375,472.17620849609375,274.9207763671875,415.3379821777344,240.15408325195312,429.4191589355469,260.6871032714844,437.64862060546875,255.02500915527344,420.8425598144531,235.62770080566406,388.0220642089844,202.5709228515625,363.04754638671875,174.68067932128906,340.28424072265625,139.9141082763672,351.7741394042969,0
1238,214.58157348632812,148.54269409179688,493.215576171875,149.36985778808594,260.1910095214844,470.53790283203125,274.3535461425781,415.6664123535156,237.96688842773438,426.9691162109375,257.64019775390625,435.73626708984375,254.62548828125,419.2084655761719,235.225341796875,387.1678161621094,203.34930419921875,362.090087890625,173.656982421875,335.6073913574219,137.6421661376953,341.9066162109375,0
1239,214.62356567382812,148.74949645996094,493.1259765625,149.33975219726562,259.9671630859375,466.9391784667969,270.455078125,411.6722412109375,234.06216430664062,424.84783935546875,256.2110595703125,433.1422424316406,252.01144409179688,417.0508728027344,233.28526306152344,385.7025451660156,204.54786682128906,360.572021484375,173.50587463378906,324.5174255371094,129.58152770996094,327.2719421386719,0
1240,214.61029052734375,148.70497131347656,493.174560546875,149.34646606445312,270.7762451171875,456.3572692871094,268.6003112792969,406.6009216308594,236.43394470214844,425.7340393066406,260.3843078613281,430.7503662109375,252.61924743652344,414.96759033203125,231.8634490966797,385.69390869140625,203.6207275390625,358.0613098144531,175.36212158203125,323.9461975097656,130.6087188720703,316.9880676269531,0
1241,214.46473693847656,148.76356506347656,493.2345886230469,149.19236755371094,287.34027099609375,442.3157958984375,271.1739807128906,396.0390319824219,247.12501525878906,422.29205322265625,266.45526123046875,417.5885925292969,255.03497314453125,405.7572937011719,229.32528686523438,382.5201416015625,203.08799743652344,356.6170654296875,177.27000427246094,318.5191650390625,157.84666442871094,281.2056884765625,0
1242,214.46563720703125,148.7609405517578,493.28515625,149.2426300048828,287.3342590332031,442.31640625,271.1456298828125,396.0293273925781,247.1346435546875,422.3281555175781,266.4417419433594,417.58782958984375,255.01602172851562,405.7723083496094,229.31271362304688,382.5529479980469,203.08763122558594,356.6178894042969,177.28721618652344,318.5158996582031,157.7650604248047,281.1725769042969,0
1243,214.7232208251953,148.65011596679688,493.17230224609375,149.28204345703125,293.2470703125,436.37884521484375,272.4072570800781,391.9737548828125,248.51751708984375,421.5389099121094,268.02392578125,415.3175964355469,256.5683288574219,403.3714599609375,227.52114868164062,382.466064453125,202.94577026367188,356.1142578125,172.1450958251953,307.4347229003906,139.3974151611328,252.60205078125,0
1244,214.77468872070312,148.64207458496094,493.1694030761719,149.28839111328125,308.0257263183594,418.1798095703125,279.8561706542969,386.5859680175781,263.9923400878906,419.27691650390625,279.7596435546875,406.521240234375,266.5581359863281,400.0406494140625,230.17405700683594,382.66668701171875,202.28770446777344,356.2314453125,171.17173767089844,305.0654296875,136.19998168945312,245.47348022460938,0
1245,214.7220001220703,148.6548614501953,493.1242370605469,149.35183715820312,313.5304870605469,416.64678955078125,284.57818603515625,383.3669738769531,270.700439453125,417.8557434082031,285.743408203125,403.6639709472656,270.62109375,396.22625732421875,231.77023315429688,382.1684265136719,201.17103576660156,356.68658447265625,171.01123046875,304.950927734375,136.6006622314453,245.9678955078125,0
1246,214.69979858398438,148.5713653564453,493.1023864746094,149.48194885253906,324.0921936035156,413.0617370605469,296.7286682128906,384.09136962890625,284.1385192871094,417.9415588378906,297.4123840332031,403.20330810546875,282.834228515625,397.82891845703125,239.61920166015625,385.7605895996094,200.8113250732422,362.9207458496094,170.6122283935547,318.2474670410156,135.8775177001953,254.11074829101562,0
1247,214.6776580810547,148.57412719726562,493.012939453125,149.40948486328125,324.1087341308594,413.0578918457031,296.72381591796875,384.0923767089844,284.135498046875,417.958984375,297.4034423828125,403.1949768066406,282.8265380859375,397.8251647949219,239.6230926513672,385.7583312988281,200.81399536132812,362.9233093261719,170.6088104248047,318.243408203125,135.8303680419922,254.0557861328125,0
1248,214.65628051757812,148.51524353027344,492.9834899902344,149.44711303710938,330.96710205078125,411.10369873046875,301.69122314453125,385.0601806640625,292.86328125,418.61431884765625,305.619384765625,403.29803466796875,289.8009338378906,399.7673645019531,244.17198181152344,388.2120361328125,200.52066040039062,367.1241455078125,169.33753967285156,324.1741027832031,135.2372283935547,263.2254638671875,0
1249,214.600341796875,148.72520446777344,492.9892578125,149.39996337890625,346.49517822265625,409.6109924316406,317.7683410644531,388.2587585449219,311.5209655761719,422.26641845703125,322.50421142578125,404.8583068847656,306.8561706542969,402.5390625,257.6421203613281,392.6914978027344,206.62631225585938,380.58331298828125,173.9233856201172,352.5301818847656,153.5719451904297,311.2151184082031,0
1250,214.50315856933594,148.67337036132812,493.0005187988281,149.4825439453125,352.646240234375,409.97613525390625,324.467529296875,389.3262023925781,317.8858642578125,424.99957275390625,328.62628173828125,405.54498291015625,313.84954833984375,404.07244873046875,264.3194274902344,398.3173522949219,210.47491455078125,388.43218994140625,175.38327026367188,369.51202392578125,152.87559509277344,330.9013671875,0
1251,214.54649353027344,148.72622680664062,493.1039123535156,149.3791961669922,354.6007995605469,410.0035400390625,329.8580017089844,391.1794738769531,325.3427734375,426.2339782714844,333.8448791503906,407.17236328125,318.99615478515625,405.4248046875,268.52679443359375,401.13177490234375,215.97825622558594,398.33355712890625,177.0361328125,385.6317138671875,146.92935180664062,355.1976623535156,0
1252,214.5290985107422,148.68939208984375,493.0389709472656,149.31869506835938,355.1474304199219,409.9651794433594,332.9990539550781,394.1126403808594,328.20501708984375,427.2665100097656,337.31634521484375,409.2784729003906,323.8426818847656,408.4602355957031,275.7406311035156,405.3238830566406,217.1173858642578,404.2841796875,168.28526306152344,391.4302978515625,116.12640380859375,355.355712890625,0
1253,214.5391082763672,148.7987823486328,493.1278991699219,149.22592163085938,357.3832702636719,416.6142578125,335.0130920410156,396.87969970703125,330.4330749511719,429.11712646484375,339.7815856933594,412.017333984375,325.798828125,410.870361328125,278.0860290527344,405.7644348144531,220.50953674316406,404.85064697265625,168.55908203125,393.4098815917969,116.6759033203125,355.4177551269531,0
1254,214.54315185546875,148.8202362060547,493.1717834472656,149.30584716796875,361.421630859375,420.7161865234375,345.1458740234375,400.7396240234375,336.41534423828125,433.3448486328125,345.0062255859375,417.39984130859375,333.12200927734375,412.5521545410156,282.8880615234375,404.41815185546875,227.48568725585938,402.24005126953125,181.88099670410156,388.1994323730469,132.95008850097656,339.1492614746094,0
1255,214.5770263671875,148.7686309814453,493.1961669921875,149.41357421875,370.5196533203125,428.4697265625,356.1614074707031,402.9246520996094,343.8157958984375,436.1647644042969,355.3578186035156,420.9064025878906,343.1297607421875,415.873046875,294.3143310546875,406.53472900390625,235.49061584472656,402.4046325683594,189.46937561035156,382.19610595703125,144.79641723632812,330.057861328125,0
1256,214.57821655273438,148.76776123046875,493.2084655761719,149.41258239746094,370.51177978515625,428.46588134765625,356.1197509765625,402.86273193359375,343.7760009765625,436.14996337890625,355.3271484375,420.8509826660156,343.0979309082031,415.79302978515625,294.2371520996094,406.3830871582031,235.5010223388672,402.413330078125,189.46832275390625,382.1960754394531,144.7938690185547,330.07757568359375,0
1257,214.67721557617188,148.7716522216797,493.2371520996094,149.3594512939453,373.79083251953125,431.9326477050781,360.798095703125,405.092041015625,348.7842102050781,437.2982177734375,359.9587707519531,422.7581481933594,346.8686828613281,416.22027587890625,297.902099609375,406.8251953125,242.9229278564453,405.2543029785156,197.1327362060547,389.61798095703125,156.6861572265625,342.90155029296875,0
1258,214.5492706298828,148.6215362548828,493.2437438964844,149.2839813232422,380.5085144042969,435.6522216796875,362.57562255859375,406.1460876464844,351.4139099121094,437.8162841796875,362.19915771484375,423.237060546875,349.3509826660156,417.52838134765625,300.81097412109375,406.4163818359375,246.93638610839844,397.3990478515625,205.23255920410156,384.8649597167969,170.62335205078125,352.5062561035156,0
1259,214.5327606201172,148.80706787109375,493.1972961425781,149.28273010253906,383.49737548828125,436.8202819824219,364.3403625488281,404.7568664550781,351.14697265625,433.1015930175781,363.9109191894531,421.714599609375,349.9170837402344,414.9888610839844,301.0340881347656,400.1413269042969,248.20651245117188,389.81878662109375,209.6179656982422,373.144775390625,176.3203582763672,336.9200134277344,0
1260,214.54808044433594,148.6832733154297,493.1836853027344,149.41587829589844,393.5636291503906,438.02685546875,373.030029296875,402.8821105957031,357.3837585449219,432.1398010253906,372.4678649902344,422.0516357421875,359.48828125,413.9471740722656,308.3711853027344,396.8954772949219,253.6638946533203,389.2065734863281,209.4655303955078,360.17803955078125,170.8778839111328,305.93499755859375,0
1261,214.548828125,148.681884765625,493.1822509765625,149.4141387939453,393.6130676269531,438.01904296875,373.0331726074219,402.88299560546875,357.3837585449219,432.14776611328125,372.4754943847656,422.0538330078125,359.4954833984375,413.9525146484375,308.331787109375,396.8671875,253.68894958496094,389.2035827636719,209.46876525878906,360.1809387207031,170.88499450683594,305.942138671875,0
1262,214.45706176757812,148.64349365234375,493.11016845703125,149.42445373535156,402.0750427246094,437.2449035644531,379.2559509277344,404.395751953125,365.6103210449219,435.1517333984375,378.51055908203125,422.5365905761719,364.46453857421875,415.2401123046875,313.3506774902344,399.3263854980469,259.6162414550781,391.97027587890625,217.01394653320312,371.6798095703125,178.76211547851562,325.2735290527344,0
1263,214.38490295410156,148.67942810058594,493.03826904296875,149.43006896972656,421.3043212890625,431.2501220703125,394.7044372558594,401.0809020996094,382.4859619140625,435.44207763671875,395.2175598144531,419.3559875488281,381.58770751953125,413.63677978515625,329.4244384765625,402.31878662109375,277.7467041015625,389.85211181640625,222.8726043701172,371.74688720703125,169.9847869873047,331.07916259765625,0
1264,214.528564453125,148.70738220214844,493.0264587402344,149.3251190185547,428.5070495605469,435.27581787109375,403.533447265625,400.3533020019531,389.1490478515625,432.40771484375,404.5143127441406,420.2316589355469,389.6217346191406,412.91766357421875,339.0937805175781,399.31878662109375,284.5068054199219,388.6036682128906,239.05422973632812,372.5662536621094,196.63076782226562,339.62158203125,0
1265,214.5947723388672,148.78970336914062,493.1357116699219,149.3991241455078,446.0536193847656,439.27490234375,419.5323181152344,404.1457824707031,406.4599914550781,435.5451965332031,421.13922119140625,423.552490234375,407.8115234375,417.2013244628906,357.0877685546875,402.2445983886719,300.4383544921875,397.979736328125,256.20654296875,380.1024475097656,215.27589416503906,341.0382995605469,0
1266,214.58563232421875,148.7933349609375,493.1166687011719,149.4127197265625,446.06591796875,439.27593994140625,419.55426025390625,404.1688537597656,406.5038757324219,435.56982421875,421.19091796875,423.5715637207031,407.8617248535156,417.20330810546875,357.1529541015625,402.4477233886719,300.4101257324219,398.0046691894531,256.2144775390625,380.1080627441406,215.27195739746094,341.03143310546875,0
1267,214.51515197753906,148.77333068847656,493.08514404296875,149.4182586669922,453.7318115234375,445.45263671875,428.4128723144531,406.49395751953125,414.0069580078125,438.1166687011719,428.961669921875,425.5573425292969,414.4271240234375,419.0261535644531,363.9598083496094,405.65899658203125,309.588134765625,402.6845703125,260.5762634277344,388.82073974609375,215.24415588378906,354.0905456542969,0
1268,214.7009735107422,148.7467041015625,493.20263671875,149.43768310546875,469.99603271484375,444.6995544433594,442.2034606933594,406.2599792480469,428.02581787109375,442.3685302734375,443.08209228515625,425.63043212890625,427.4640197753906,420.9515380859375,376.8695983886719,414.14532470703125,323.2041015625,414.37750244140625,267.729248046875,409.96478271484375,216.2767333984375,386.7287902832031,0
1269,214.7222442626953,148.69873046875,493.27197265625,149.39508056640625,474.4566345214844,448.9814147949219,447.1627502441406,406.7561950683594,432.107177734375,440.79559326171875,448.26611328125,427.687744140625,432.9077453613281,421.6484680175781,384.8940124511719,414.5525207519531,330.211669921875,412.6288146972656,271.2668151855469,411.4030456542969,215.8515625,389.11993408203125,0
1270,214.81893920898438,148.5616912841797,493.2172546386719,149.28219604492188,477.3811950683594,454.53436279296875,454.31903076171875,409.3374938964844,436.06280517578125,440.21533203125,454.4966735839844,430.45947265625,440.32122802734375,422.6853332519531,394.857177734375,403.603759765625,345.4737854003906,388.24078369140625,309.0956115722656,379.2621154785156,275.1333923339844,362.8737487792969,0
1271,214.826416015625,148.56222534179688,493.21649169921875,149.2811737060547,477.3745422363281,454.51153564453125,454.3235778808594,409.31268310546875,436.05108642578125,440.2211608886719,454.4807434082031,430.462646484375,440.22216796875,422.6512756347656,394.72357177734375,403.51739501953125,345.48382568359375,388.2408142089844,309.0979919433594,379.2585144042969,275.13165283203125,362.8760986328125,0
1272,214.77333068847656,148.47097778320312,493.2846984863281,149.26197814941406,474.756591796875,459.9846496582031,456.94036865234375,409.6132507324219,435.310302734375,435.1076354980469,455.6353759765625,430.8598327636719,441.67950439453125,418.86639404296875,397.40966796875,398.76446533203125,349.0433349609375,381.999755859375,313.1460876464844,366.1984558105469,279.7093505859375,341.1545715332031,0
1273,214.7092742919922,148.498046875,493.3353576660156,149.28701782226562,472.6687927246094,463.90325927734375,455.8312683105469,411.5247802734375,431.28814697265625,436.60980224609375,453.6204528808594,433.7177429199219,440.4967346191406,421.9806823730469,397.35552978515625,398.4282531738281,352.18841552734375,381.6029968261719,311.5452575683594,354.2010803222656,272.0799255371094,322.6701965332031,0
1274,214.57742309570312,148.39718627929688,493.2961730957031,149.22500610351562,470.0064392089844,468.9195251464844,453.4769287109375,412.6382141113281,428.4815979003906,438.1961364746094,449.556396484375,434.7850646972656,437.72412109375,423.0784606933594,396.3067321777344,400.1495666503906,352.9894714355469,383.0542907714844,309.8529052734375,358.7464599609375,267.1719055175781,328.5325012207031,0
1275,214.65682983398438,148.5738525390625,493.40435791015625,149.2264862060547,462.3796691894531,473.101806640625,453.6042785644531,416.15240478515625,425.7082824707031,440.33367919921875,447.2933044433594,441.015625,436.1806640625,426.089111328125,399.5514221191406,400.9784851074219,354.3072814941406,385.4921875,307.5265808105469,363.5731201171875,255.16683959960938,335.2550048828125,0
1276,214.6605682373047,148.6152801513672,493.39898681640625,149.2200469970703,462.3741149902344,473.0317687988281,453.52740478515625,416.17156982421875,425.73382568359375,440.280517578125,447.3351135253906,441.00439453125,436.16204833984375,426.0960998535156,399.5406494140625,400.9479675292969,354.3009338378906,385.49151611328125,307.5248718261719,363.5707702636719,255.1644287109375,335.25494384765625,0
1277,214.54977416992188,148.59181213378906,493.42694091796875,149.253173828125,463.451171875,473.5691833496094,453.9925231933594,417.0197448730469,424.8683166503906,440.58441162109375,446.5606689453125,441.7861022949219,436.12640380859375,426.8020324707031,399.9911193847656,401.56219482421875,355.1667785644531,385.49346923828125,310.48846435546875,363.540283203125,261.72833251953125,336.7279968261719,0
1278,214.63743591308594,148.6259002685547,493.43353271484375,149.29733276367188,471.7685852050781,473.18695068359375,455.5737609863281,416.8693542480469,427.8455810546875,442.500244140625,450.9187316894531,442.27783203125,438.7854309082031,426.1385498046875,400.69927978515625,402.1400146484375,356.0478820800781,386.2066650390625,317.3690185546875,364.8263854980469,277.9280700683594,341.73583984375,0
1279,214.67349243164062,148.41221618652344,493.3663024902344,149.32147216796875,473.8956604003906,469.0782165527344,455.4730224609375,414.3622131347656,429.49188232421875,442.3392028808594,451.8410339355469,437.7431640625,437.7887268066406,426.1621398925781,399.48724365234375,402.14385986328125,354.05419921875,385.82562255859375,313.0840759277344,365.9949035644531,267.054443359375,345.3756408691406,0
1280,214.6323699951172,148.625,493.3573913574219,149.37948608398438,478.9652404785156,444.7462158203125,454.37493896484375,405.4042663574219,438.78521728515625,437.1091613769531,454.2625427246094,425.69671630859375,441.7157287597656,418.3473205566406,399.7481689453125,401.7038269042969,351.7626647949219,383.7663879394531,304.7046813964844,359.7621154785156,247.7242431640625,334.49359130859375,0
1281,214.62559509277344,148.6258544921875,493.3560791015625,149.3785858154297,478.9669189453125,444.97296142578125,454.34429931640625,405.3458557128906,438.70318603515625,437.1463623046875,454.1535949707031,425.6929931640625,441.42596435546875,419.1784973144531,399.6980285644531,401.6368103027344,351.7784729003906,383.77728271484375,304.6441955566406,359.7364196777344,247.7740936279297,334.4925537109375,0
1282,214.5795440673828,148.57855224609375,493.36480712890625,149.36517333984375,482.76800537109375,438.3797607421875,457.1684265136719,404.22320556640625,443.9533386230469,436.4995422363281,457.3787536621094,423.28460693359375,444.1387634277344,417.454833984375,400.394775390625,400.510498046875,352.2126770019531,382.9575500488281,303.9255676269531,358.4035949707031,250.23646545410156,334.07891845703125,0
1283,214.43873596191406,148.61801147460938,493.4163818359375,149.3872833251953,491.3465881347656,434.41436767578125,467.85198974609375,404.7547912597656,456.59356689453125,437.1779479980469,469.41070556640625,423.3501892089844,456.2054138183594,418.4544982910156,407.8778381347656,401.369384765625,354.4877014160156,384.99005126953125,311.4425964355469,358.47674560546875,264.2981262207031,326.1725769042969,0
1284,214.616943359375,148.7281951904297,493.40338134765625,149.38272094726562,498.7250671386719,432.8169860839844,475.9917297363281,405.2621765136719,465.8919677734375,438.9371337890625,476.55108642578125,422.8548583984375,462.68035888671875,418.29656982421875,412.7593078613281,402.4234313964844,360.7508850097656,390.2881164550781,318.98883056640625,363.4645080566406,270.30712890625,325.77435302734375,0
1285,214.46463012695312,148.88047790527344,493.3302307128906,149.33729553222656,518.0687255859375,435.8990783691406,500.8882141113281,412.6095886230469,491.3827819824219,444.3507080078125,500.7145690917969,429.3876037597656,487.158203125,424.64373779296875,439.1527099609375,410.1912536621094,380.9591369628906,399.88116455078125,341.0738220214844,380.11102294921875,300.5047302246094,342.98150634765625,0
1286,214.46548461914062,148.88072204589844,493.3497314453125,149.3056640625,518.1004638671875,435.8731384277344,500.7641296386719,412.5335693359375,491.37884521484375,444.31005859375,500.6564025878906,429.1385192871094,487.07562255859375,424.432861328125,439.1973571777344,410.0797424316406,380.94525146484375,399.8746643066406,341.06854248046875,380.1075439453125,300.50396728515625,342.9810791015625,0
1287,214.54302978515625,148.7355194091797,493.17718505859375,149.36155700683594,525.80322265625,437.60076904296875,510.0998229980469,413.62225341796875,502.13140869140625,443.1531677246094,508.9581604003906,427.22637939453125,496.6632385253906,423.9569396972656,447.4408264160156,413.7156677246094,393.0909729003906,401.8145446777344,348.30615234375,383.73846435546875,307.3550109863281,351.98760986328125,0
1288,214.50796508789062,148.7896270751953,493.2131652832031,149.43263244628906,536.91357421875,436.2424011230469,522.25146484375,410.4451904296875,512.4778442382812,440.4313049316406,521.3142700195312,425.4299011230469,507.3513488769531,420.2188415527344,461.0689697265625,409.44293212890625,403.5995178222656,392.9317321777344,359.29962158203125,376.6673889160156,313.6020812988281,353.2032165527344,0
1289,214.5975341796875,148.5768280029297,493.2608337402344,149.38262939453125,542.5160522460938,436.4599304199219,526.8673706054688,409.6683044433594,515.45654296875,439.7707824707031,525.1369018554688,426.1498107910156,512.5180053710938,420.2188720703125,463.19403076171875,409.9346923828125,405.42352294921875,396.8916931152344,355.8951110839844,378.2318420410156,303.4319152832031,348.3136291503906,0
1290,214.47486877441406,148.5992889404297,493.0766906738281,149.17506408691406,550.6312866210938,438.05523681640625,529.733642578125,409.6556701660156,519.59326171875,441.64019775390625,530.4468994140625,427.36810302734375,516.3128051757812,422.7243957519531,466.654541015625,413.02276611328125,409.5723571777344,401.7647399902344,358.9618225097656,382.91314697265625,306.3041076660156,348.9176940917969,0
1291,214.56259155273438,148.6594696044922,493.0942077636719,149.08633422851562,556.24462890625,441.8810729980469,535.2718505859375,410.126220703125,524.7970581054688,443.1027526855469,535.9976806640625,428.4221496582031,521.4561157226562,423.0736083984375,471.8138427734375,416.12060546875,415.0215759277344,406.1937255859375,363.9575500488281,388.2525634765625,310.54754638671875,348.4050598144531,0
1292,214.46083068847656,148.7129364013672,493.1287536621094,149.1001434326172,580.4963989257812,441.5619812011719,553.7685546875,409.7147521972656,544.1292724609375,442.6713562011719,554.5336303710938,426.4129638671875,539.5442504882812,423.4820251464844,488.9576416015625,415.17120361328125,434.30047607421875,408.62152099609375,384.6428527832031,395.1728515625,333.33038330078125,364.8145751953125,0
1293,214.55255126953125,148.62655639648438,493.0578918457031,149.20225524902344,589.3403930664062,442.05999755859375,562.9373168945312,409.4439392089844,553.3699340820312,442.66009521484375,565.849853515625,427.7135009765625,552.126220703125,423.5425109863281,501.3203430175781,414.5965576171875,441.7949523925781,406.99078369140625,391.35723876953125,393.3614501953125,340.38543701171875,362.6157531738281,0
1294,214.6277313232422,148.59718322753906,493.0244445800781,149.2037353515625,603.2006225585938,439.7819519042969,575.28955078125,406.6741943359375,564.4554443359375,439.6835021972656,578.5460815429688,424.559326171875,563.8350830078125,419.94403076171875,511.6109924316406,402.8813781738281,456.706787109375,390.9987487792969,414.1485595703125,377.09393310546875,369.62762451171875,346.7171936035156,0
1295,214.636962890625,148.6348876953125,493.0138854980469,149.20016479492188,603.1978759765625,439.7795715332031,575.26220703125,406.7075500488281,564.4374389648438,439.6610412597656,578.498779296875,424.5351867675781,563.84814453125,420.001220703125,511.8024597167969,402.84283447265625,456.6969299316406,390.9880065917969,414.1611022949219,377.1078186035156,369.63470458984375,346.7098388671875,0
1296,214.59974670410156,148.61599731445312,493.0555419921875,149.1433868408203,611.30322265625,440.6142578125,582.5306396484375,407.1932373046875,568.9928588867188,439.94073486328125,584.800537109375,425.9210510253906,570.7710571289062,419.97064208984375,518.7916870117188,401.38763427734375,462.1370849609375,393.0479736328125,425.42034912109375,374.4453125,393.623046875,350.4280700683594,0
1297,214.6305389404297,148.77175903320312,493.1586608886719,149.09803771972656,627.5033569335938,438.2396545410156,592.1673583984375,406.0194091796875,582.2291870117188,439.5811462402344,595.9917602539062,425.4234313964844,581.9154663085938,420.27496337890625,534.4326782226562,405.1876525878906,477.3605651855469,403.6623229980469,434.0413818359375,389.5224304199219,392.86077880859375,359.80462646484375,0
1298,214.56333923339844,148.82977294921875,493.0556335449219,149.18118286132812,632.5632934570312,436.706298828125,594.7006225585938,407.9212341308594,587.1105346679688,442.4139709472656,600.8668823242188,425.2768249511719,586.9651489257812,422.873046875,535.6024169921875,408.7259826660156,481.0544128417969,408.0148620605469,438.28668212890625,400.019775390625,399.2783508300781,376.30328369140625,0
1299,214.6007537841797,148.58810424804688,493.1000061035156,149.1116180419922,634.3341064453125,437.0716857910156,601.6041259765625,408.83172607421875,594.5413818359375,443.2386474609375,606.5810546875,426.2319641113281,591.9030151367188,423.8219299316406,540.63330078125,414.4040222167969,485.77581787109375,411.65716552734375,430.70660400390625,406.2574462890625,376.21221923828125,381.4175109863281,0
1300,214.39892578125,148.52005004882812,493.1387023925781,149.2058563232422,635.0228271484375,438.30859375,604.3860473632812,409.96337890625,596.880126953125,442.708984375,609.5052490234375,426.89068603515625,595.01318359375,424.76898193359375,542.6395874023438,414.65771484375,487.27386474609375,408.63629150390625,432.2242431640625,402.80145263671875,377.6298828125,379.6427001953125,0
1301,214.48007202148438,148.48626708984375,493.14764404296875,149.1977996826172,635.0364379882812,439.646484375,608.2108154296875,411.6325378417969,599.0722045898438,443.7967834472656,612.0800170898438,428.92681884765625,598.4360961914062,426.5594787597656,548.7149047851562,413.04742431640625,489.5301208496094,402.7763671875,435.41119384765625,396.4701232910156,379.42352294921875,377.0901794433594,0
1302,214.47225952148438,148.4864501953125,493.1435852050781,149.19863891601562,635.0021362304688,439.6650390625,608.289306640625,411.607666015625,598.8049926757812,443.7225036621094,611.9271240234375,428.9281921386719,598.32568359375,426.51361083984375,548.220703125,413.10772705078125,489.5169677734375,402.75250244140625,435.4122009277344,396.4666442871094,379.5240783691406,377.1378173828125,0
1303,214.59703063964844,148.5515899658203,493.1283264160156,149.19764709472656,632.152587890625,437.1304931640625,609.2890625,412.14422607421875,599.1431274414062,443.67401123046875,612.2315673828125,429.2041015625,599.1314697265625,426.1986083984375,551.0338134765625,408.3587951660156,492.2029113769531,394.5667724609375,451.0214538574219,385.0489196777344,409.25836181640625,369.4424743652344,0
1304,214.533447265625,148.67276000976562,493.0469055175781,149.22520446777344,633.5244750976562,437.0389709472656,610.1556396484375,413.1543273925781,599.372802734375,443.1562805175781,612.871337890625,429.7935791015625,599.17041015625,426.978759765625,552.0374755859375,407.706298828125,492.6498718261719,392.4420166015625,443.6040954589844,374.2572326660156,392.70465087890625,342.8102722167969,0
1305,214.59237670898438,148.658203125,493.1060485839844,149.23695373535156,636.5513305664062,440.8462219238281,611.4117431640625,412.38427734375,598.41796875,443.47119140625,613.61669921875,430.02313232421875,599.6774291992188,425.4476623535156,552.7869873046875,407.3199462890625,495.1304626464844,393.83160400390625,446.039306640625,376.98187255859375,393.84320068359375,345.9252624511719,0
1306,214.7164764404297,148.5734100341797,493.0663757324219,149.2017822265625,641.0050659179688,446.06109619140625,614.7843017578125,411.27490234375,602.8544311523438,441.1924743652344,616.6824340820312,427.8281555175781,603.6392211914062,422.5647888183594,554.840087890625,406.9250183105469,496.5184631347656,395.2994689941406,447.89788818359375,380.2906188964844,395.53875732421875,351.3775634765625,0
1307,214.7545623779297,148.55581665039062,493.063720703125,149.20269775390625,641.0014038085938,446.05712890625,614.7838745117188,411.27532958984375,602.8561401367188,441.1934814453125,616.6796264648438,427.8285217285156,603.6355590820312,422.56494140625,554.8367919921875,406.9216003417969,496.5173645019531,395.299560546875,447.89874267578125,380.29022216796875,395.54156494140625,351.37799072265625,0
1308,214.7650604248047,148.5306396484375,493.0216369628906,149.22169494628906,643.6229858398438,445.616943359375,614.0409545898438,411.27874755859375,602.4007568359375,440.9592590332031,617.7177124023438,427.8285217285156,603.9431762695312,422.9415283203125,554.9620971679688,406.4794616699219,496.4673156738281,395.2735900878906,447.9388427734375,379.1985168457031,395.7591552734375,348.9967956542969,0
1309,214.5883026123047,148.57115173339844,493.0390625,149.25765991210938,644.5051879882812,439.9028625488281,611.8143310546875,408.5846862792969,600.9163208007812,440.3976745605469,615.9276733398438,426.4459228515625,601.7572021484375,422.23809814453125,555.059814453125,405.9410095214844,497.9955749511719,395.542236328125,449.0989074707031,377.4283142089844,394.6983337402344,343.4265441894531,0
1310,214.68675231933594,148.50941467285156,492.9762268066406,149.157958984375,646.0759887695312,437.5021057128906,610.9671020507812,408.1716003417969,601.6236572265625,440.9580993652344,616.8797607421875,425.8658752441406,602.137939453125,422.59619140625,554.1041870117188,405.7185363769531,497.2070617675781,394.8149108886719,449.4886169433594,377.3952331542969,395.7002258300781,344.6085510253906,0
1311,214.49002075195312,148.58837890625,493.0430908203125,149.09402465820312,648.4061279296875,438.416015625,610.8646850585938,407.5412902832031,601.2930908203125,442.1689147949219,616.7760009765625,425.3809814453125,602.1478881835938,423.21759033203125,553.6050415039062,406.92230224609375,496.1758728027344,394.0044860839844,448.7179260253906,376.2662658691406,395.9317932128906,341.8876953125,0
1312,214.50604248046875,148.5989990234375,493.0417175292969,149.09376525878906,648.3981323242188,438.4164733886719,610.8636474609375,407.5415344238281,601.2923583984375,442.1688232421875,616.775146484375,425.3787841796875,602.1481323242188,423.21630859375,553.60400390625,406.9239807128906,496.1777038574219,394.00335693359375,448.6994934082031,376.2588195800781,395.9288024902344,341.8895568847656,0
1313,214.49728393554688,148.6406707763672,493.0334777832031,149.09088134765625,649.6988525390625,438.9765319824219,610.3046875,408.4996643066406,600.2315063476562,443.39202880859375,617.1219482421875,427.3543395996094,601.3966064453125,424.3040771484375,552.90576171875,407.1048583984375,496.90667724609375,393.86444091796875,448.66375732421875,375.51434326171875,396.81231689453125,341.21124267578125,0
1314,214.52252197265625,148.82696533203125,492.9655456542969,149.1600341796875,647.7929077148438,436.6012268066406,608.7586669921875,407.9844055175781,598.6338500976562,443.55487060546875,614.7247924804688,426.9038391113281,599.625244140625,424.541259765625,553.0081176757812,407.37908935546875,498.5157470703125,394.81793212890625,451.1661071777344,375.6392517089844,398.25994873046875,340.23480224609375,0
1315,214.59121704101562,148.63601684570312,493.0173645019531,149.24803161621094,643.9879760742188,436.0926513671875,605.2667846679688,405.5820617675781,596.86328125,441.1479797363281,610.364013671875,425.45794677734375,595.6583251953125,422.0244140625,549.5187377929688,405.8767395019531,496.17425537109375,393.501953125,447.603515625,375.0026550292969,394.6180419921875,337.3587341308594,0
1316,214.43553161621094,148.45330810546875,493.02001953125,149.41188049316406,638.2174072265625,434.2731018066406,598.8849487304688,403.072509765625,591.143798828125,440.39373779296875,604.7814331054688,423.5505676269531,589.2142333984375,420.7576599121094,544.7669677734375,404.1466979980469,493.6700134277344,391.9857482910156,446.37127685546875,371.6437072753906,398.7013244628906,333.5551452636719,0
1317,214.54150390625,148.32676696777344,493.03790283203125,149.54843139648438,635.394287109375,427.1615905761719,592.7031860351562,400.6924743652344,586.2321166992188,439.11016845703125,600.1861572265625,420.5436706542969,585.0524291992188,418.9153137207031,539.4063110351562,403.43817138671875,493.1622314453125,391.0901794433594,444.64764404296875,369.003173828125,393.4630126953125,326.396240234375,0
1318,214.54296875,148.29486083984375,493.02520751953125,149.56687927246094,635.3929443359375,427.1587829589844,592.6403198242188,400.64239501953125,586.228759765625,439.02197265625,600.157958984375,420.57476806640625,584.9945678710938,418.9574890136719,539.257080078125,403.3077392578125,493.13720703125,391.1107482910156,444.576416015625,368.9456787109375,393.50494384765625,326.3802490234375,0
1319,214.59051513671875,148.43392944335938,493.1459045410156,149.55723571777344,631.2110595703125,421.84295654296875,588.3384399414062,398.3887023925781,584.2236938476562,435.611572265625,597.6347045898438,417.5810241699219,581.1805419921875,416.1301574707031,536.9290161132812,402.9908142089844,491.7665100097656,391.13525390625,444.3669128417969,368.4173583984375,393.9923400878906,321.8593444824219,0
1320,214.66207885742188,148.58570861816406,493.14141845703125,149.5994415283203,622.1470336914062,393.70989990234375,574.9635009765625,386.5494079589844,583.666259765625,422.8279724121094,589.6525268554688,400.9526672363281,573.2230834960938,406.1469421386719,533.6199340820312,404.8526611328125,489.554931640625,391.3612976074219,442.1224365234375,368.2112121582031,394.5040588378906,319.9132080078125,0
1321,214.52671813964844,148.72776794433594,493.1656799316406,149.59120178222656,623.391357421875,386.4183044433594,576.72900390625,377.7320861816406,585.5593872070312,412.5745849609375,591.5238647460938,391.769775390625,575.26318359375,396.23223876953125,535.7959594726562,402.3074645996094,488.7693176269531,392.0370178222656,440.9416198730469,369.64178466796875,392.57452392578125,319.89923095703125,0
1322,214.52537536621094,148.72584533691406,493.204345703125,149.54583740234375,623.3919677734375,386.4190979003906,576.7285766601562,377.7330627441406,585.5592651367188,412.5743713378906,591.5232543945312,391.7693786621094,575.2625732421875,396.2318420410156,535.7998657226562,402.3134765625,488.7724304199219,392.0357666015625,440.946044921875,369.6452941894531,392.58154296875,319.904541015625,0
1323,214.39419555664062,148.77745056152344,493.1037292480469,149.4098663330078,628.3018798828125,381.5473327636719,580.4403076171875,374.2283935546875,589.3619995117188,410.04693603515625,595.935302734375,388.3246154785156,578.9188842773438,393.7041320800781,537.5736694335938,401.249267578125,489.1541748046875,391.9497985839844,442.13031005859375,369.8286437988281,393.0513916015625,318.2685241699219,0
1324,214.4537353515625,148.71263122558594,493.09149169921875,149.34121704101562,638.636474609375,373.3998107910156,590.1305541992188,366.9592590332031,600.2302856445312,403.71923828125,604.5681762695312,378.95941162109375,587.9825439453125,386.9281921386719,544.32666015625,397.0748596191406,494.4735412597656,395.9987487792969,449.23358154296875,371.89453125,408.4119873046875,320.64617919921875,0
1325,214.4869384765625,148.60507202148438,493.1590270996094,149.428955078125,642.1698608398438,368.8932189941406,593.131103515625,365.6618347167969,604.685302734375,402.2350769042969,608.2809448242188,377.6258850097656,591.7068481445312,385.7610168457031,550.2705078125,396.23443603515625,498.6866149902344,401.6239013671875,454.8344421386719,382.76947021484375,417.5430603027344,329.6533203125,0
1326,214.43801879882812,148.6326141357422,493.1903076171875,149.30841064453125,649.83056640625,368.3784484863281,602.4033203125,360.3730163574219,612.1903076171875,397.4271240234375,616.9237060546875,373.3358459472656,600.1632080078125,379.0314025878906,558.36865234375,393.555419921875,509.506103515625,409.9038391113281,457.4164733886719,402.8106994628906,413.85894775390625,364.3310852050781,0
1327,214.4386444091797,148.63890075683594,493.2043762207031,149.29090881347656,649.850830078125,368.33160400390625,602.2799072265625,360.4224853515625,612.1094360351562,397.3782653808594,616.8059692382812,373.3466491699219,600.1140747070312,379.4145202636719,558.5281982421875,393.8865661621094,509.5069274902344,409.8815612792969,457.38720703125,402.79302978515625,413.8226318359375,364.3036804199219,0
1328,214.47576904296875,148.7740020751953,493.15240478515625,149.25674438476562,649.8746337890625,367.0475769042969,603.4003295898438,357.7782897949219,612.229736328125,395.30511474609375,617.1631469726562,371.1274108886719,601.6275634765625,376.2485046386719,561.6489868164062,391.5838317871094,513.3771362304688,411.9001770019531,462.4518127441406,405.4382629394531,418.135986328125,367.74603271484375,0
1329,214.48541259765625,148.5840301513672,493.1334228515625,149.309814453125,650.7450561523438,367.4224853515625,603.0946655273438,358.5160827636719,613.0977783203125,395.12689208984375,617.606201171875,371.6085510253906,602.39501953125,377.1804504394531,564.21484375,391.89739990234375,516.1754760742188,411.45184326171875,464.8806457519531,407.7841796875,420.55218505859375,369.0822448730469,0
1330,214.42770385742188,148.5930633544922,493.1725769042969,149.34364318847656,653.2013549804688,369.28875732421875,605.1314086914062,359.73199462890625,613.2699584960938,395.80499267578125,619.1552734375,373.29217529296875,603.6718139648438,377.2875061035156,564.1361083984375,393.1274108886719,515.3724975585938,411.3582458496094,463.7599792480469,409.93499755859375,418.8543701171875,372.8340759277344,0
1331,214.55838012695312,148.57899475097656,493.2491149902344,149.33132934570312,646.7698364257812,370.3427734375,598.6765747070312,360.874755859375,610.2328491210938,400.33148193359375,614.070068359375,377.0357666015625,597.3321533203125,382.07763671875,560.4889526367188,394.7402038574219,514.037841796875,410.7394104003906,461.35784912109375,408.4881896972656,417.10174560546875,367.6423645019531,0
1332,214.56625366210938,148.5927276611328,493.306640625,149.24879455566406,643.2333374023438,373.2676696777344,595.653076171875,362.4512023925781,607.7876586914062,401.75836181640625,610.33642578125,377.5400085449219,594.48974609375,383.40374755859375,558.7268676757812,396.0574951171875,513.9842529296875,411.3836975097656,461.9534606933594,408.47283935546875,417.49615478515625,368.5132141113281,0
1333,214.59201049804688,148.62765502929688,493.2984619140625,149.25100708007812,643.300537109375,373.3964538574219,595.655029296875,362.4804992675781,607.8794555664062,401.8258056640625,610.3958129882812,377.5689392089844,594.521728515625,383.4947204589844,558.814208984375,396.0794372558594,514.0211791992188,411.3507995605469,462.074951171875,408.528076171875,417.31640625,368.40380859375,0
1334,214.498779296875,148.64527893066406,493.3008117675781,149.24880981445312,643.1315307617188,375.6007995605469,595.071533203125,364.01025390625,604.8756713867188,403.506103515625,610.1904907226562,379.08685302734375,593.7914428710938,386.4375915527344,558.661376953125,395.91021728515625,514.6766967773438,410.78240966796875,461.0120849609375,409.5194396972656,410.6666564941406,370.0449523925781,0
1335,214.4742889404297,148.61805725097656,493.089111328125,149.312255859375,639.5435791015625,372.8917541503906,592.1354370117188,364.6016845703125,604.388916015625,403.0151672363281,607.4668579101562,377.8757019042969,591.6763305664062,386.564453125,557.663330078125,398.7857360839844,514.1752319335938,412.4905090332031,458.7268981933594,409.7207946777344,409.8612976074219,372.50823974609375,0
1336,214.5521697998047,148.66030883789062,493.1311340332031,149.4012908935547,608.1292114257812,338.85302734375,567.6681518554688,355.2322998046875,593.4373779296875,382.01885986328125,587.1123657226562,359.92828369140625,575.3297119140625,373.2726745605469,546.3069458007812,396.8956298828125,503.8617248535156,411.68414306640625,445.415771484375,407.66131591796875,391.9688720703125,371.95294189453125,0
1337,214.61436462402344,148.51986694335938,493.0311584472656,149.50048828125,604.6729125976562,329.0854797363281,563.8202514648438,348.6276550292969,590.737060546875,375.2288513183594,584.2217407226562,351.7864685058594,572.2861328125,363.546142578125,546.0614013671875,394.55377197265625,505.081787109375,415.018310546875,453.4035339355469,414.6098937988281,406.2840881347656,386.7814025878906,0
1338,214.63119506835938,148.48646545410156,493.0321044921875,149.499267578125,604.6719970703125,329.080810546875,563.8223266601562,348.6265869140625,590.7337036132812,375.2328796386719,584.22509765625,351.78436279296875,572.2835083007812,363.55133056640625,546.0554809570312,394.5662536621094,505.0913391113281,415.0215759277344,453.42047119140625,414.6065368652344,406.2756652832031,386.77178955078125,0
1339,214.56661987304688,148.464599609375,493.16241455078125,149.54962158203125,603.5942993164062,324.58502197265625,562.2217407226562,345.1301574707031,590.481689453125,370.76763916015625,583.170654296875,348.4341735839844,571.8574829101562,360.9258117675781,548.4310913085938,391.6204528808594,510.0290832519531,416.29522705078125,455.5531311035156,422.4306335449219,399.7454833984375,398.5904846191406,0
1340,214.52426147460938,148.59759521484375,493.00018310546875,149.47267150878906,600.2824096679688,320.8599548339844,560.8272705078125,343.48541259765625,589.7451782226562,368.3415222167969,581.2835083007812,345.7058410644531,571.2371215820312,358.81427001953125,549.5049438476562,389.57525634765625,513.1747436523438,417.0071716308594,456.9233703613281,425.9011535644531,396.2863464355469,403.9967346191406,0
1341,214.51583862304688,148.59095764160156,493.18463134765625,149.4917449951172,612.8886108398438,336.5997314453125,566.4691162109375,339.1019287109375,584.829833984375,374.468505859375,582.924072265625,349.7194519042969,569.9360961914062,358.79473876953125,546.8738403320312,385.1200866699219,517.8682250976562,414.9945373535156,464.06378173828125,425.6620788574219,400.6737365722656,400.56378173828125,0
1342,214.51605224609375,148.59059143066406,493.15673828125,149.4888153076172,612.8964233398438,336.6164245605469,566.455810546875,339.0381164550781,584.6077270507812,374.5988464355469,582.8490600585938,349.6804504394531,569.8381958007812,358.7313232421875,546.5431518554688,385.24969482421875,517.8856201171875,414.99468994140625,464.0794982910156,425.66436767578125,400.67498779296875,400.5641784667969,0
1343,214.5949249267578,148.53904724121094,493.16192626953125,149.46707153320312,615.5083618164062,350.2513427734375,568.8071899414062,345.7758483886719,583.315185546875,383.1708679199219,584.9616088867188,358.2691345214844,570.6939697265625,365.1700744628906,544.3683471679688,386.9219665527344,516.2418823242188,413.78759765625,461.022216796875,422.6935119628906,401.7334899902344,394.1777648925781,0
1344,214.6678466796875,148.57083129882812,493.1852722167969,149.55343627929688,610.09521484375,354.01513671875,563.1913452148438,351.7054138183594,582.574951171875,389.5463562011719,580.8134765625,365.003173828125,567.1944580078125,372.8004150390625,542.5718383789062,390.2120666503906,515.1696166992188,414.3284606933594,458.9600830078125,422.2923278808594,399.54852294921875,393.5568542480469,0
1345,214.67108154296875,148.56930541992188,493.1939392089844,149.56048583984375,610.1167602539062,354.008056640625,563.2696533203125,351.6393737792969,582.4749755859375,389.5775451660156,580.8164672851562,365.010498046875,567.173095703125,372.7811279296875,542.443115234375,390.1674499511719,515.15576171875,414.341552734375,458.9384765625,422.26849365234375,400.29461669921875,393.59344482421875,0
1346,214.57565307617188,148.58331298828125,493.1811828613281,149.55239868164062,606.3876342773438,358.4638671875,560.4241333007812,353.3732604980469,580.607421875,393.5444030761719,577.1085815429688,367.1829528808594,564.6404418945312,375.2256774902344,542.4724731445312,391.731689453125,515.7221069335938,414.93450927734375,459.727783203125,423.8804016113281,402.5270080566406,395.90045166015625,0
1347,214.52523803710938,148.6078643798828,493.19195556640625,149.53916931152344,606.4220581054688,372.63116455078125,562.30224609375,358.1645812988281,578.252197265625,399.640869140625,577.2848510742188,374.3729553222656,565.460693359375,380.2267761230469,543.2501220703125,394.5082092285156,517.0284423828125,415.088623046875,464.4051513671875,426.23114013671875,405.5827941894531,399.9227600097656,0
1348,214.50930786132812,148.79087829589844,493.212890625,149.57379150390625,606.910400390625,377.0498962402344,561.08251953125,362.03338623046875,574.6157836914062,403.8233947753906,576.5077514648438,378.1241455078125,564.5136108398438,383.80523681640625,541.8203125,395.732177734375,515.4193725585938,414.5957946777344,466.3345031738281,426.0904846191406,406.2556457519531,405.37322998046875,0
1349,214.44137573242188,148.54795837402344,493.1645202636719,149.7003173828125,608.2742309570312,379.1895751953125,560.2735595703125,365.4359436035156,577.4168701171875,407.3547058105469,576.3067016601562,380.6563415527344,564.2432250976562,386.48779296875,542.1198120117188,395.4549255371094,514.872802734375,411.9136962890625,459.7482604980469,423.7206115722656,387.8934631347656,413.5451354980469,0
1350,214.4418487548828,148.54759216308594,493.1383361816406,149.67041015625,608.2730712890625,379.19012451171875,560.2772216796875,365.4369812011719,577.4025268554688,407.3573303222656,576.3088989257812,380.65936279296875,564.2324829101562,386.4805908203125,542.069580078125,395.5196228027344,514.8783569335938,411.93438720703125,459.7779541015625,423.7216796875,387.8844909667969,413.5470275878906,0
1351,214.47195434570312,148.71034240722656,493.064208984375,149.56195068359375,607.0518188476562,380.6223449707031,560.1549682617188,367.2574768066406,578.0951538085938,410.1822814941406,576.09521484375,382.6915588378906,565.046875,389.9112548828125,543.1728515625,396.0033874511719,514.3167114257812,410.83660888671875,460.397705078125,422.6006164550781,387.553466796875,412.7822265625,0
1352,214.34242248535156,148.7342529296875,492.9103698730469,149.4606170654297,606.7098999023438,385.2958068847656,561.7440185546875,369.6783142089844,575.9896850585938,412.4755554199219,578.316650390625,386.1360778808594,565.9400024414062,391.7141418457031,544.2171020507812,398.1269226074219,515.8820190429688,411.3616638183594,461.586669921875,423.4548645019531,389.0469665527344,411.423828125,0
1353,214.34127807617188,148.62835693359375,493.0111083984375,149.50311279296875,606.3318481445312,386.5641174316406,561.7095336914062,370.7247009277344,574.7993774414062,413.6734924316406,578.1519165039062,387.2374572753906,565.601318359375,392.56182861328125,543.7347412109375,396.62811279296875,516.3926391601562,410.6116943359375,462.0472717285156,423.3036804199219,389.0747375488281,411.34747314453125,0
1354,214.31063842773438,148.62411499023438,492.98614501953125,149.4993133544922,605.5648803710938,389.4064025878906,562.1751708984375,371.3528747558594,573.5999755859375,415.1031494140625,578.1224975585938,388.1031494140625,565.3702392578125,393.1829833984375,543.5494384765625,396.20184326171875,516.5311279296875,410.96240234375,462.1360168457031,423.1020812988281,389.1102294921875,411.409912109375,0
1355,214.35855102539062,148.4835968017578,492.9558410644531,149.48233032226562,604.5328979492188,393.7886962890625,562.6478881835938,373.8392639160156,573.6278686523438,416.4476318359375,578.4635009765625,389.6214904785156,565.814453125,395.3020935058594,544.6055297851562,397.991943359375,517.11474609375,410.8182678222656,463.89764404296875,423.4150390625,389.0208740234375,411.62786865234375,0
1356,214.39561462402344,148.62205505371094,493.059326171875,149.59324645996094,605.6810302734375,393.2882995605469,562.742919921875,376.07861328125,572.6671142578125,420.1798095703125,578.0991821289062,394.0862121582031,565.1239013671875,398.5689697265625,542.8419189453125,398.3751220703125,516.7257690429688,410.0173034667969,464.68310546875,423.24273681640625,389.0516357421875,411.6237487792969,0
1357,214.39617919921875,148.6196746826172,493.0391845703125,149.46749877929688,605.6803588867188,393.2840576171875,562.7432861328125,376.07769775390625,572.667724609375,420.18255615234375,578.0986328125,394.0865783691406,565.1270141601562,398.5733337402344,542.8390502929688,398.3748474121094,516.7232055664062,410.0151062011719,464.6979675292969,423.2214660644531,389.0299072265625,411.6333312988281,0
1358,214.57168579101562,148.75723266601562,493.0175476074219,149.4135284423828,608.155029296875,383.32818603515625,561.0949096679688,376.1502990722656,577.4059448242188,418.2688903808594,578.8391723632812,392.6150817871094,565.1608276367188,398.1246032714844,542.093505859375,399.9333801269531,516.88720703125,409.44171142578125,464.0536804199219,423.1857604980469,388.2872009277344,411.34796142578125,0
1359,214.4945831298828,148.65914916992188,493.06707763671875,149.4670867919922,594.8489379882812,369.93475341796875,552.5645751953125,376.9388122558594,577.6702880859375,413.8987731933594,571.3024291992188,387.7404479980469,560.5130004882812,397.3798522949219,542.307861328125,404.1811828613281,516.111572265625,410.1986389160156,461.9427490234375,423.7358093261719,388.5964660644531,411.690185546875,0
1360,214.42727661132812,148.75909423828125,492.9967041015625,149.4488525390625,588.6979370117188,363.4274597167969,548.4727172851562,375.2041320800781,576.885498046875,411.0536193847656,568.0527954101562,384.4210205078125,558.8248291015625,394.8431701660156,542.4675903320312,404.2066345214844,516.2975463867188,410.1129150390625,463.17340087890625,423.9700927734375,388.2566223144531,411.88232421875,0
1361,214.5162353515625,148.64871215820312,493.1715087890625,149.31350708007812,587.1671142578125,359.2100830078125,547.2105102539062,373.69256591796875,576.8433837890625,408.66278076171875,567.1889038085938,381.5966491699219,556.783203125,392.17645263671875,542.7646484375,404.0266418457031,516.6041259765625,410.0614929199219,463.6794128417969,423.63482666015625,388.2511901855469,411.9373474121094,0
1362,214.53404235839844,148.64707946777344,493.23663330078125,149.28587341308594,587.1676025390625,359.2074890136719,547.2305908203125,373.68341064453125,576.8385620117188,408.6669006347656,567.1799926757812,381.605712890625,556.7748413085938,392.17523193359375,542.7656860351562,404.04754638671875,516.6826782226562,410.0594787597656,463.7776184082031,423.628173828125,388.25677490234375,411.9519958496094,0
1363,214.51248168945312,148.5530242919922,493.3573913574219,149.3301544189453,581.4902954101562,360.0802001953125,543.0968017578125,370.256591796875,572.91357421875,404.1629333496094,564.5994873046875,378.1528625488281,554.7545776367188,387.02642822265625,543.4445190429688,401.55572509765625,516.8917846679688,411.02813720703125,463.37188720703125,423.6961669921875,389.3494567871094,412.502197265625,0
1364,214.49330139160156,148.63009643554688,493.4226379394531,149.33993530273438,580.3614501953125,358.8607177734375,544.1627197265625,368.26788330078125,573.0313110351562,402.0321350097656,565.8596801757812,376.72613525390625,555.2534790039062,383.90875244140625,544.8046875,401.4764099121094,517.8086547851562,412.0773620605469,463.46990966796875,423.974609375,389.9893493652344,412.8164978027344,0
1365,214.47705078125,148.76145935058594,493.39068603515625,149.2430419921875,582.442626953125,355.7607421875,545.1051025390625,366.8411865234375,574.125244140625,402.09942626953125,566.6361083984375,374.81884765625,556.8756713867188,383.4040222167969,544.7286987304688,400.5177307128906,518.2570190429688,413.05316162109375,461.95172119140625,424.1214904785156,390.50555419921875,413.498779296875,0
1366,214.5094757080078,148.7293701171875,493.3306884765625,149.4384002685547,592.7501831054688,355.7597351074219,549.4266357421875,365.1449279785156,574.875244140625,402.4630126953125,568.9159545898438,374.5339660644531,558.1398315429688,383.2392883300781,542.34228515625,400.1205749511719,516.6015014648438,413.2371826171875,461.7347717285156,424.104736328125,388.57110595703125,414.70660400390625,0
1367,214.50918579101562,148.72982788085938,493.3216247558594,149.48080444335938,592.7642822265625,355.7691345214844,549.42724609375,365.15936279296875,574.8760375976562,402.44439697265625,568.9083862304688,374.53973388671875,558.145751953125,383.2445068359375,542.241455078125,400.0464782714844,516.5643920898438,413.19854736328125,461.8190002441406,424.14105224609375,388.57080078125,414.7032165527344,0
1368,214.50485229492188,148.62171936035156,493.2724304199219,149.46490478515625,588.2553100585938,357.2933654785156,547.5167846679688,367.666748046875,572.4918212890625,404.7349548339844,566.511962890625,376.6084289550781,557.2677001953125,387.0074768066406,542.9042358398438,399.61328125,516.7032470703125,412.9278564453125,462.0905456542969,424.37127685546875,388.2764892578125,415.0646057128906,0
1369,214.5271453857422,148.65945434570312,493.2578430175781,149.47218322753906,583.1838989257812,360.8993225097656,542.2500610351562,370.44525146484375,569.384033203125,408.1476745605469,563.1097412109375,380.22918701171875,552.5914916992188,388.62518310546875,540.95458984375,399.9247741699219,517.7258911132812,412.2808532714844,465.68768310546875,423.55206298828125,389.6057434082031,416.28387451171875,0
1370,214.53836059570312,148.56883239746094,493.2374267578125,149.6735076904297,578.3424072265625,358.9645080566406,538.761962890625,372.377685546875,568.79931640625,406.5074462890625,560.708984375,380.2890319824219,551.1566772460938,388.1231689453125,540.8456420898438,400.6541748046875,517.7643432617188,413.4000549316406,465.20208740234375,424.24066162109375,389.4126281738281,416.31341552734375,0
1371,214.65817260742188,148.6332244873047,493.2938537597656,149.61680603027344,571.8701782226562,355.766357421875,536.43603515625,370.657958984375,564.171875,399.8794860839844,556.5134887695312,375.9706726074219,546.4869995117188,385.3644104003906,541.2006225585938,402.50189208984375,516.2277221679688,415.1524963378906,460.591552734375,425.5552978515625,388.0233154296875,416.6041564941406,0
1372,214.63099670410156,148.6348419189453,493.3356018066406,149.64698791503906,571.9752197265625,355.6971740722656,536.5015258789062,370.6067810058594,564.0929565429688,399.9853210449219,556.5941162109375,375.9880065917969,546.5053100585938,385.3022155761719,541.1563720703125,402.4590759277344,516.2189331054688,415.198974609375,460.5819091796875,425.5843200683594,388.0218505859375,416.55987548828125,0
1373,214.6387176513672,148.587646484375,493.17138671875,149.54025268554688,575.0709228515625,343.54913330078125,535.117919921875,369.2452697753906,567.6353759765625,393.69451904296875,555.725830078125,370.2430725097656,547.8665161132812,381.9964294433594,540.1828002929688,402.94000244140625,514.5780029296875,415.2288513183594,459.722900390625,426.9353332519531,385.70233154296875,417.4234313964844,0
1374,214.74522399902344,148.682861328125,493.21038818359375,149.5207061767578,567.8468017578125,321.34771728515625,535.3775634765625,358.55303955078125,568.3419189453125,373.18743896484375,555.6383666992188,352.5176696777344,549.9827880859375,368.96490478515625,542.92626953125,400.6260681152344,510.6359558105469,416.46514892578125,454.01702880859375,428.6562194824219,381.34381103515625,418.94830322265625,0
1375,214.6515350341797,148.63221740722656,493.13037109375,149.49737548828125,567.66552734375,317.6989440917969,536.1170654296875,354.353759765625,569.6937866210938,366.69134521484375,556.2767944335938,346.4601745605469,549.461669921875,364.3530578613281,543.0167846679688,399.842529296875,509.75030517578125,418.6942443847656,454.4779052734375,430.236572265625,387.2190856933594,421.7024841308594,0
1376,214.45538330078125,148.7368621826172,493.2612609863281,149.31170654296875,571.2471923828125,311.8404235839844,542.0714721679688,343.7575988769531,571.7716674804688,357.8177490234375,559.7467041015625,340.00860595703125,553.4464111328125,354.6778259277344,544.22119140625,394.00006103515625,511.5810241699219,423.1903381347656,457.0244445800781,436.8470153808594,387.173828125,430.0478210449219,0
1377,214.45578002929688,148.73760986328125,493.2613525390625,149.310791015625,571.247314453125,311.8292541503906,542.0797119140625,343.7546081542969,571.7799682617188,357.7430114746094,559.7426147460938,339.9781188964844,553.45166015625,354.6332702636719,544.3041381835938,393.979736328125,511.5877990722656,423.19677734375,457.02606201171875,436.84368896484375,387.1706237792969,430.0294494628906,0
1378,214.40087890625,148.61903381347656,493.23223876953125,149.31890869140625,570.934814453125,310.18389892578125,543.9290161132812,338.3627624511719,573.2295532226562,351.919921875,560.9846801757812,334.6105041503906,555.972900390625,349.3158874511719,546.8523559570312,389.7311096191406,512.6046752929688,423.6129455566406,455.91473388671875,434.820556640625,386.4029846191406,428.8722839355469,0
1379,214.38687133789062,148.64999389648438,492.9984436035156,149.49996948242188,568.108154296875,303.8408203125,546.0374755859375,329.63287353515625,576.4774780273438,340.5846862792969,563.12353515625,326.1559143066406,558.7017822265625,340.9267272949219,549.4613037109375,383.80120849609375,515.1281127929688,428.12420654296875,469.9291076660156,441.0498046875,418.3854064941406,439.42816162109375,0
1380,214.4024200439453,148.64132690429688,492.85797119140625,149.45126342773438,564.0125732421875,303.8807067871094,545.0751342773438,326.2862548828125,576.0995483398438,334.8211364746094,560.3271484375,322.2580871582031,558.8427124023438,336.5815124511719,551.09765625,380.5120544433594,519.3462524414062,429.0127258300781,474.42401123046875,441.363525390625,428.3551940917969,440.2581481933594,0
1381,214.4935302734375,148.84632873535156,492.85455322265625,149.52899169921875,561.9384155273438,300.1750183105469,545.1458129882812,323.7508239746094,576.8056030273438,331.17828369140625,559.6148681640625,318.7410888671875,558.9422607421875,334.1455078125,552.9750366210938,377.3446350097656,523.26171875,430.92279052734375,481.41204833984375,445.2361755371094,435.8345031738281,442.4350891113281,0
1382,214.4883270263672,148.8358917236328,492.8506774902344,149.52198791503906,561.9470825195312,300.16290283203125,545.1445922851562,323.7516784667969,576.8087768554688,331.178955078125,559.6143188476562,318.73907470703125,558.9440307617188,334.1507263183594,552.9983520507812,377.3634948730469,523.2625732421875,430.9219970703125,481.3650817871094,445.23681640625,435.6756591796875,442.4302978515625,0
1383,214.6228485107422,148.70225524902344,492.8421325683594,149.49525451660156,560.6790771484375,293.263671875,543.6054077148438,320.1232604980469,576.1864013671875,326.7384948730469,559.0797729492188,312.61175537109375,558.5449829101562,329.31353759765625,554.657958984375,374.0162048339844,525.2093505859375,430.0079650878906,486.3073425292969,447.8348083496094,437.1324157714844,449.02569580078125,0
1384,214.55685424804688,148.76121520996094,492.72406005859375,149.54147338867188,562.9779052734375,281.0421447753906,543.9306030273438,305.9281005859375,576.9830322265625,313.19500732421875,560.0357055664062,299.2110900878906,558.5580444335938,316.5204162597656,552.859619140625,362.2685852050781,529.761962890625,425.53680419921875,488.2795104980469,441.84326171875,436.854736328125,438.9902038574219,0
1385,214.4568634033203,148.73060607910156,492.7218933105469,149.49868774414062,563.7874755859375,274.72314453125,545.4793090820312,301.9008483886719,578.0381469726562,309.3486022949219,562.0355834960938,296.1239318847656,559.0231323242188,312.22613525390625,554.462158203125,359.4440612792969,533.0667724609375,423.8186340332031,491.1908264160156,441.0163879394531,431.4602966308594,438.8426208496094,0
1386,214.45619201660156,148.56112670898438,492.7669372558594,149.5570526123047,564.951904296875,271.99981689453125,546.0298461914062,296.7165222167969,578.0613403320312,305.3796691894531,562.5797119140625,291.7481994628906,558.8648681640625,307.352294921875,554.9442138671875,356.072021484375,536.4214477539062,421.3691711425781,496.1739501953125,436.9190673828125,449.91400146484375,437.0997619628906,0
1387,214.4370574951172,148.5354461669922,492.7325744628906,149.58277893066406,564.9508666992188,271.998779296875,546.035400390625,296.71392822265625,578.0618286132812,305.3775634765625,562.5770263671875,291.74786376953125,558.862548828125,307.3443603515625,554.979248046875,356.00823974609375,536.4349365234375,421.3486633300781,496.1839294433594,436.9208984375,449.924072265625,437.09576416015625,0
1388,214.5635528564453,148.5622100830078,492.7840881347656,149.58448791503906,565.2761840820312,268.80438232421875,546.164306640625,292.8771057128906,578.1668701171875,300.9856872558594,562.4618530273438,288.2434387207031,559.948974609375,303.499755859375,556.0371704101562,351.8045349121094,539.689697265625,419.62322998046875,494.568359375,433.89337158203125,417.76116943359375,422.105712890625,0
1389,214.52845764160156,148.46884155273438,492.73199462890625,149.54898071289062,567.3843383789062,267.10748291015625,549.3927001953125,299.6020812988281,583.1226806640625,305.1816101074219,566.0576782226562,291.7373962402344,563.7986450195312,308.21514892578125,562.9234008789062,354.21820068359375,546.0523681640625,416.7198486328125,503.6980895996094,432.436279296875,432.6912536621094,418.39801025390625,0
1390,214.47412109375,148.62384033203125,492.7308349609375,149.57528686523438,560.5579833984375,271.8492736816406,548.6760864257812,307.8261413574219,582.7169799804688,308.9350891113281,563.32080078125,296.2265930175781,564.4132080078125,313.8830871582031,564.5619506835938,356.9250793457031,547.2098388671875,416.5262145996094,507.5061950683594,431.42486572265625,432.3013916015625,415.37957763671875,0
1391,214.46775817871094,148.637939453125,492.8043518066406,149.62351989746094,553.5535888671875,273.17974853515625,545.3788452148438,311.7853088378906,578.2787475585938,310.968994140625,559.3463134765625,298.9903259277344,560.4073486328125,315.5081787109375,562.8172607421875,358.74090576171875,549.1951904296875,417.2051696777344,507.89599609375,431.28759765625,430.1079406738281,412.2621154785156,0
1392,214.56544494628906,148.6808319091797,492.7845458984375,149.65933227539062,550.5301513671875,273.3901062011719,540.5211791992188,314.2377014160156,572.9495239257812,313.3134460449219,554.7089233398438,300.7624816894531,556.6690063476562,317.3690490722656,561.2205200195312,359.37225341796875,549.5993041992188,418.5472106933594,508.9496765136719,434.10113525390625,432.3880920410156,415.0140380859375,0
1393,214.51821899414062,148.67759704589844,492.78912353515625,149.65945434570312,550.4347534179688,273.408447265625,540.411865234375,314.5722961425781,572.7049560546875,313.4924621582031,554.5012817382812,301.1398010253906,556.70166015625,317.6849670410156,561.2698364257812,359.4254455566406,549.5846557617188,418.55657958984375,508.7248229980469,434.1035461425781,432.3306884765625,415.08282470703125,0
1394,214.5003662109375,148.6299591064453,492.7969055175781,149.63836669921875,546.0477905273438,275.20062255859375,536.7364501953125,316.384765625,568.7168579101562,314.50933837890625,549.7996826171875,303.6005859375,553.4173583984375,320.3883972167969,559.26513671875,360.0909118652344,549.6666870117188,419.0235595703125,509.5667724609375,434.72576904296875,430.4981384277344,413.8953857421875,0
1395,214.528076171875,148.60289001464844,492.8502502441406,149.59071350097656,540.8114013671875,276.80523681640625,533.511962890625,320.0281982421875,566.6995239257812,315.6228942871094,546.1820678710938,305.928466796875,550.0076904296875,322.3916931152344,557.6478271484375,360.886962890625,552.7378540039062,419.3807373046875,519.3173828125,438.27154541015625,452.7624816894531,420.6269226074219,0
1396,214.5875701904297,148.676025390625,492.9651184082031,149.42466735839844,537.6876220703125,277.34356689453125,529.43896484375,321.0310363769531,564.2526245117188,316.78936767578125,543.1292724609375,307.1999206542969,546.6136474609375,323.9838562011719,558.36669921875,361.3301086425781,557.3603515625,415.79107666015625,537.1854248046875,441.7012634277344,490.16583251953125,437.70050048828125,0
1397,214.74392700195312,148.5416259765625,493.02423095703125,149.47946166992188,540.3180541992188,277.10028076171875,528.6366577148438,321.1480712890625,563.603271484375,319.09588623046875,543.3819580078125,308.0396423339844,545.466796875,325.21905517578125,556.453369140625,361.48040771484375,556.3599853515625,415.1681213378906,532.9036254882812,443.76416015625,469.58270263671875,439.4635925292969,0
1398,214.70462036132812,148.60316467285156,493.015380859375,149.462890625,542.4846801757812,276.7004089355469,529.2415161132812,320.49285888671875,564.5543212890625,319.774658203125,544.6940307617188,308.4665832519531,545.9664306640625,325.3880310058594,555.125244140625,361.3075866699219,554.6505126953125,414.2642822265625,531.009033203125,443.4878234863281,461.8469543457031,439.22052001953125,0
1399,214.73736572265625,148.6004638671875,493.0576477050781,149.43319702148438,552.1582641601562,281.3955383300781,532.6317749023438,319.8027648925781,567.7329711914062,322.79376220703125,549.42626953125,310.3946838378906,548.7887573242188,326.60345458984375,554.2217407226562,362.07171630859375,553.4593505859375,412.63189697265625,529.5355834960938,443.40631103515625,481.1322326660156,442.3970642089844,0
1400,214.50558471679688,148.71267700195312,493.0528564453125,149.5021514892578,578.9529418945312,287.43505859375,547.22607421875,320.63818359375,579.5433349609375,333.71392822265625,566.9693603515625,315.6281433105469,559.6656494140625,331.9889221191406,555.5899047851562,366.00830078125,552.8272094726562,408.7174072265625,529.6826171875,441.6598205566406,462.8023986816406,437.0767517089844,0
1401,214.52537536621094,148.72412109375,493.0932312011719,149.46841430664062,578.9442749023438,287.4722595214844,547.23046875,320.6710205078125,579.5420532226562,333.72100830078125,566.9491577148438,315.6574401855469,559.6669311523438,331.9185791015625,555.6744995117188,365.92108154296875,552.921630859375,410.06414794921875,529.6802368164062,441.6588134765625,462.8410949707031,437.0718078613281,0
1402,214.4774169921875,148.67002868652344,492.934326171875,149.50363159179688,587.1597290039062,288.82452392578125,553.0719604492188,322.5956726074219,585.4057006835938,338.05535888671875,573.4573364257812,318.0866394042969,566.05078125,334.68695068359375,556.2723388671875,366.6590576171875,550.207275390625,408.37030029296875,525.965087890625,443.04302978515625,465.8677978515625,438.9377746582031,0
1403,214.50465393066406,148.73570251464844,493.0636291503906,149.45870971679688,593.670166015625,296.8427429199219,554.7299194335938,326.0889587402344,586.688720703125,346.37603759765625,575.637451171875,327.05914306640625,565.9993896484375,341.0502014160156,551.191650390625,368.37164306640625,540.6477661132812,405.19140625,505.96246337890625,435.9354248046875,443.0146789550781,419.0430908203125,0
1404,214.4169464111328,148.70281982421875,493.0523376464844,149.4423370361328,594.2803955078125,299.0986022949219,554.9828491210938,326.96435546875,585.419677734375,348.8482666015625,576.4920654296875,328.1321716308594,566.0418701171875,341.3979187011719,551.1014404296875,368.6905822753906,541.243408203125,404.2123718261719,504.24713134765625,433.8361511230469,445.0644836425781,419.174072265625,0
1405,214.407470703125,148.7491912841797,492.96124267578125,149.3518829345703,594.2958984375,299.0673828125,554.9890747070312,326.96795654296875,585.4073486328125,348.8458251953125,576.495361328125,328.1260986328125,566.0516967773438,341.3828430175781,551.0957641601562,368.6952819824219,541.258056640625,404.2041015625,504.3534240722656,433.841064453125,445.0081787109375,419.3681335449219,0
1406,214.33033752441406,148.79673767089844,492.9796142578125,149.38735961914062,597.335693359375,299.571533203125,556.5382080078125,325.0487365722656,587.0929565429688,347.3336181640625,577.81787109375,327.71832275390625,567.5520629882812,339.9648742675781,553.1554565429688,367.3486633300781,543.74853515625,402.5264587402344,517.3065185546875,434.3495788574219,450.5101623535156,426.4875793457031,0
1407,214.3246612548828,148.79652404785156,492.9535827636719,149.37911987304688,597.341796875,299.58538818359375,556.5408935546875,325.0760803222656,587.1126708984375,347.35089111328125,577.8136596679688,327.71527099609375,567.5693969726562,339.9794921875,553.0945434570312,367.376708984375,543.7368774414062,402.51373291015625,517.3696899414062,434.3460388183594,450.52569580078125,426.5033264160156,0
1408,214.58261108398438,148.63560485839844,492.9546203613281,149.35186767578125,598.5841674804688,296.8101806640625,558.6559448242188,321.9407958984375,586.92529296875,344.238525390625,578.7409057617188,323.3055725097656,568.2573852539062,335.947509765625,552.9175415039062,366.3754577636719,542.837646484375,404.05120849609375,517.850341796875,435.1391906738281,452.9029541015625,427.8955993652344,0
1409,214.592041015625,148.6416778564453,492.9100341796875,149.3585968017578,610.1741333007812,310.63238525390625,565.3941650390625,319.8564147949219,584.5647583007812,348.2404479980469,582.4583129882812,326.2677917480469,568.8349609375,336.9703674316406,551.7589721679688,367.328369140625,541.8497314453125,405.21875,514.4562377929688,436.9555969238281,440.535888671875,423.3123474121094,0
1410,214.5807342529297,148.62359619140625,492.77581787109375,149.29632568359375,620.6773681640625,317.62335205078125,571.802001953125,321.2841796875,588.84521484375,352.2501220703125,589.2044677734375,329.2035827636719,573.8795166015625,340.3576354980469,552.637451171875,367.0497131347656,542.7842407226562,404.9549560546875,515.5844116210938,437.1248474121094,440.31634521484375,423.3060302734375,0
1411,214.45863342285156,148.60903930664062,492.8652038574219,149.3614044189453,627.420654296875,320.962890625,580.6572875976562,322.1622619628906,596.1343994140625,352.83575439453125,596.3681030273438,331.9666748046875,580.1431274414062,341.3748779296875,554.1182250976562,366.6459045410156,542.6435546875,404.0151062011719,514.0794677734375,435.99359130859375,441.5376281738281,421.07464599609375,0
1412,214.6229705810547,148.5290985107422,492.94891357421875,149.4331817626953,635.7152099609375,318.47955322265625,584.8009643554688,320.5821838378906,600.1005859375,352.0445251464844,602.6555786132812,328.7318420410156,586.675048828125,339.6717834472656,557.1571044921875,363.6830749511719,543.0864868164062,402.9358215332031,507.497802734375,435.22314453125,438.5674743652344,418.12725830078125,0
1413,214.54261779785156,148.64747619628906,492.9538269042969,149.46759033203125,649.3634643554688,317.34893798828125,601.3729248046875,315.9211730957031,615.350341796875,349.514404296875,617.845458984375,327.2554626464844,602.283203125,333.63995361328125,568.2217407226562,357.0777587890625,542.0372924804688,399.58197021484375,501.76434326171875,432.240478515625,439.2445068359375,415.81268310546875,0
1414,214.50511169433594,148.6427459716797,492.8105773925781,149.53309631347656,650.3855590820312,317.8238830566406,604.2030639648438,315.990478515625,617.6209716796875,350.2728271484375,620.2457275390625,327.6733703613281,604.1687622070312,334.54217529296875,568.5096435546875,357.1956787109375,542.0026245117188,396.8721923828125,501.53216552734375,430.2746887207031,443.97772216796875,415.8836364746094,0
1415,214.4554443359375,148.79539489746094,492.7880554199219,149.53366088867188,652.338134765625,317.1162109375,605.041748046875,316.48883056640625,618.9354858398438,351.20831298828125,621.439697265625,327.80767822265625,605.0297241210938,335.94500732421875,569.2536010742188,356.75396728515625,539.334228515625,394.84930419921875,504.6497802734375,424.45111083984375,448.9373474121094,412.2341613769531,0
1416,214.4541778564453,148.79513549804688,492.7939453125,149.53317260742188,652.3253784179688,317.0830078125,605.036376953125,316.5375671386719,618.8787231445312,351.32080078125,621.40380859375,327.9383850097656,604.9424438476562,336.7060852050781,569.246826171875,356.61767578125,539.310546875,394.8792724609375,504.63330078125,424.4559631347656,448.94439697265625,412.23992919921875,0
1417,214.57325744628906,148.73106384277344,492.591064453125,149.5586700439453,652.3143310546875,318.5445556640625,604.5834350585938,316.4159851074219,618.462646484375,351.38726806640625,621.2586669921875,328.1650695800781,604.9212036132812,336.7265930175781,569.8847045898438,356.0480041503906,536.9694213867188,389.6976623535156,499.6338806152344,417.8370666503906,443.6607971191406,403.14569091796875,0
1418,214.74679565429688,148.74664306640625,492.98150634765625,149.58604431152344,639.0634765625,322.1397399902344,590.0464477539062,321.5198059082031,606.5801391601562,356.6441650390625,607.0487060546875,333.0128479003906,591.9915771484375,341.75341796875,561.7608642578125,358.090087890625,530.7723388671875,386.0983581542969,487.846435546875,405.2591552734375,437.82318115234375,376.0216369628906,0
1419,214.4769287109375,148.72190856933594,493.0891418457031,149.50933837890625,632.7513427734375,324.84844970703125,585.1275634765625,323.9549255371094,600.5799560546875,358.1050109863281,601.4863891601562,335.1866760253906,587.212646484375,344.345703125,557.7296752929688,358.8428955078125,528.9483642578125,386.02899169921875,487.5425109863281,406.2002258300781,431.1832275390625,384.8528747558594,0
1420,214.41868591308594,148.62234497070312,493.2108154296875,149.39666748046875,628.843994140625,329.6981201171875,581.9942626953125,325.60247802734375,596.3497314453125,361.50732421875,597.505126953125,337.9594421386719,582.4659423828125,345.3205261230469,554.2136840820312,361.11187744140625,528.5069580078125,384.6227722167969,489.521240234375,406.1033630371094,448.9914855957031,410.9823303222656,0
1421,214.4523468017578,148.62747192382812,493.2005310058594,149.2841339111328,625.6204833984375,337.5296325683594,579.7387084960938,327.4765625,589.0681762695312,364.609375,594.5729370117188,342.3786315917969,580.0366821289062,347.34161376953125,551.6751708984375,361.6778564453125,529.2152099609375,383.13079833984375,485.84423828125,407.12060546875,421.0081481933594,404.7022705078125,0
1422,214.47610473632812,148.7159881591797,493.2889404296875,149.2929229736328,624.5638427734375,350.40277099609375,576.6678466796875,335.2606201171875,583.4757690429688,373.5950927734375,591.00439453125,349.8080749511719,576.2980346679688,354.4219970703125,551.8201293945312,361.210693359375,530.4415283203125,381.40301513671875,487.003662109375,406.80596923828125,435.1450500488281,425.11822509765625,0
1423,214.58810424804688,148.61376953125,493.4541015625,149.33013916015625,622.744140625,356.4947509765625,576.5131225585938,337.04119873046875,580.991943359375,378.3956604003906,590.4486694335938,354.7931823730469,575.8807373046875,357.5101623535156,551.2655639648438,361.32818603515625,529.7291870117188,380.3746032714844,483.8131408691406,407.7223815917969,419.7154846191406,432.59246826171875,0
1424,214.53286743164062,148.459228515625,493.33392333984375,149.334228515625,624.5858154296875,361.0937805175781,577.8493041992188,341.5850830078125,580.5779418945312,382.2095031738281,591.3822631835938,359.4925842285156,577.1828002929688,360.8716125488281,550.3919067382812,362.6362609863281,529.4060668945312,380.1482849121094,484.5658874511719,404.7903747558594,413.2350158691406,427.11846923828125,0
1425,214.58493041992188,148.48204040527344,493.32568359375,149.34567260742188,624.5839233398438,361.0932922363281,577.91162109375,341.5895690917969,580.7198486328125,382.24853515625,591.442138671875,359.4795227050781,577.2638549804688,360.86260986328125,550.459228515625,362.8114013671875,529.4205322265625,380.1771240234375,484.54083251953125,404.80438232421875,413.2341003417969,427.11810302734375,0
1426,214.48284912109375,148.5503692626953,493.4480895996094,149.2080078125,622.57568359375,362.4264221191406,576.8495483398438,343.4687805175781,581.1890869140625,383.5735778808594,590.511474609375,360.8183898925781,576.4592895507812,362.916015625,550.0516967773438,363.2322082519531,529.4405517578125,379.74139404296875,485.7916259765625,404.1889953613281,412.47296142578125,426.7767028808594,0
1427,214.32215881347656,148.6339874267578,493.4254455566406,149.28932189941406,623.8562622070312,364.30841064453125,577.9398803710938,345.0977783203125,582.0414428710938,384.5517578125,591.7217407226562,361.7228088378906,577.32666015625,364.58428955078125,550.3679809570312,362.5581359863281,529.2135009765625,379.0240478515625,486.2157897949219,403.965576171875,413.3846435546875,426.8328857421875,0
1428,214.319091796875,148.64273071289062,493.3343811035156,149.22811889648438,630.4284057617188,363.7298278808594,582.7410888671875,345.0303649902344,585.2870483398438,383.65264892578125,596.2982788085938,361.70330810546875,581.1758422851562,364.2515869140625,550.707275390625,362.3677673339844,529.0446166992188,379.2232971191406,486.30419921875,404.02679443359375,413.2712707519531,426.67236328125,0
1429,214.4546356201172,148.6339569091797,493.4051818847656,149.1897735595703,643.2313842773438,363.91845703125,593.4292602539062,347.86737060546875,596.68798828125,386.5155334472656,606.9400024414062,364.0458984375,591.1295776367188,366.42388916015625,556.5891723632812,361.42083740234375,527.740966796875,378.88134765625,485.15985107421875,404.5606384277344,415.4002685546875,426.7237548828125,0
1430,214.4720001220703,148.63731384277344,493.3783874511719,149.18190002441406,643.2318115234375,363.9225158691406,593.4225463867188,347.8642883300781,596.6119995117188,386.5000915527344,606.9166870117188,364.06634521484375,591.1033935546875,366.4248046875,556.5784301757812,361.3885498046875,527.7334594726562,378.90509033203125,485.12591552734375,404.5745849609375,415.4342346191406,426.7176818847656,0
1431,214.45162963867188,148.60108947753906,493.3992919921875,149.25042724609375,648.167236328125,362.4547119140625,597.8877563476562,347.42578125,600.1954956054688,386.791748046875,611.1057739257812,364.1076354980469,595.0636596679688,366.7569885253906,558.26806640625,362.4852600097656,527.5794067382812,379.33465576171875,484.8392028808594,404.7347412109375,415.510009765625,426.8548278808594,0
1432,214.59353637695312,148.7804718017578,493.4245910644531,149.34193420410156,659.2655639648438,365.37847900390625,608.1589965820312,350.0132141113281,612.8413696289062,388.67535400390625,622.556396484375,365.63873291015625,606.711669921875,369.1402282714844,564.5448608398438,363.03466796875,525.951904296875,380.2829284667969,481.56243896484375,405.17578125,416.55462646484375,427.1972961425781,0
1433,214.63853454589844,148.77784729003906,493.050537109375,149.49395751953125,660.734375,366.6175842285156,610.8098754882812,350.5202941894531,615.5706176757812,389.8110046386719,624.3685913085938,366.7503356933594,608.7384033203125,370.3800964355469,565.4462280273438,364.2373352050781,525.5914916992188,381.5274963378906,480.99151611328125,405.31329345703125,412.9461669921875,427.6432189941406,0
1434,214.61985778808594,148.74383544921875,493.16864013671875,149.61114501953125,659.0515747070312,371.239501953125,609.7699584960938,351.9347229003906,613.6873779296875,392.2566833496094,623.4061889648438,369.6693115234375,607.4849853515625,372.7398681640625,565.5967407226562,364.9206848144531,524.4776611328125,380.6541748046875,475.0087585449219,402.87371826171875,406.38116455078125,424.2924499511719,0
1435,214.61990356445312,148.7436981201172,493.197021484375,149.53640747070312,659.0761108398438,371.2313232421875,609.8180541992188,352.0334777832031,613.739990234375,392.2764587402344,623.4815673828125,369.6681823730469,607.572998046875,372.7763366699219,565.5554809570312,364.9747009277344,524.4807739257812,380.6494140625,475.03289794921875,402.8600158691406,406.3891296386719,424.23590087890625,0
1436,214.62619018554688,148.71363830566406,493.0630187988281,149.54222106933594,658.451904296875,372.862060546875,608.80029296875,354.5348815917969,612.8865356445312,394.3995361328125,622.7783203125,371.51910400390625,607.0202026367188,374.49871826171875,564.4373779296875,365.02960205078125,523.6489868164062,380.1872253417969,475.82763671875,401.6750183105469,406.31573486328125,424.18817138671875,0
1437,214.6857147216797,148.74339294433594,493.1441345214844,149.53219604492188,656.729248046875,373.40850830078125,605.992431640625,355.8058166503906,609.178466796875,394.9988098144531,621.0599975585938,372.2292175292969,604.8831176757812,375.09393310546875,563.85009765625,364.6844177246094,523.3853149414062,379.7515869140625,476.6101989746094,400.7119140625,406.828125,423.91650390625,0
1438,214.63278198242188,148.5694580078125,493.0116882324219,149.58499145507812,655.8995361328125,372.5975036621094,604.9202880859375,354.6608581542969,607.9627075195312,394.1022644042969,620.0381469726562,371.11126708984375,604.2312622070312,374.4460144042969,563.0702514648438,363.9295654296875,523.374267578125,379.4432067871094,477.02685546875,400.3818359375,406.6744079589844,424.2064208984375,0
1439,214.58453369140625,148.79559326171875,493.1469421386719,149.47262573242188,663.2249145507812,368.97125244140625,610.9878540039062,351.0149230957031,614.5620727539062,391.1396179199219,625.12158203125,369.1229553222656,608.6383666992188,371.931396484375,566.126220703125,363.7851867675781,524.4716796875,379.422119140625,479.318115234375,399.24560546875,406.5941162109375,424.1122741699219,0
1440,214.55702209472656,148.8494873046875,493.1626281738281,149.45663452148438,663.2286376953125,368.9742736816406,610.9927978515625,351.01739501953125,614.5613403320312,391.1467590332031,625.1271362304688,369.1185607910156,608.6403198242188,371.9326171875,566.1345825195312,363.7718811035156,524.5045166015625,379.4005126953125,478.21038818359375,400.0528869628906,406.6617126464844,424.144287109375,0
1441,214.56771850585938,148.88026428222656,493.0694885253906,149.46400451660156,665.7880249023438,367.7672119140625,614.3720092773438,350.9062805175781,616.4772338867188,391.6333923339844,628.6769409179688,369.0895080566406,611.3953247070312,371.3393249511719,568.3815307617188,363.2835388183594,525.4053955078125,380.2164611816406,478.5257873535156,400.5554504394531,407.5685729980469,423.49591064453125,0
1442,214.56883239746094,148.6775360107422,493.06451416015625,149.36692810058594,668.2445068359375,366.55230712890625,616.7684326171875,349.8253479003906,620.1571044921875,390.03240966796875,632.5523681640625,366.17254638671875,615.45458984375,369.4266357421875,571.8609619140625,362.5159606933594,526.3350219726562,382.6496887207031,480.8789367675781,406.23748779296875,422.9063415527344,428.9231262207031,0
1443,214.61862182617188,148.6653594970703,493.0212707519531,149.4224090576172,669.7026977539062,368.9125671386719,618.7493286132812,349.1485290527344,622.2742919921875,389.7264404296875,634.4667358398438,365.0898132324219,616.9459228515625,368.7206726074219,576.8983154296875,361.314697265625,530.952392578125,384.0133361816406,487.7415771484375,408.75665283203125,452.4866943359375,426.1052551269531,0
1444,214.54519653320312,148.5697479248047,492.9784240722656,149.49264526367188,673.724609375,370.7932434082031,622.2529907226562,347.7678527832031,622.7573852539062,389.66314697265625,636.6317749023438,365.7863464355469,619.83349609375,366.80987548828125,578.7669067382812,358.1263122558594,534.0842895507812,379.8014221191406,494.210693359375,401.6167297363281,459.3661193847656,417.8689270019531,0
1445,214.54554748535156,148.56930541992188,492.9513244628906,149.53163146972656,673.7169799804688,370.7850646972656,622.2363891601562,347.79376220703125,622.7925415039062,389.6491394042969,636.6560668945312,365.7894592285156,619.8233642578125,366.8455810546875,578.6986694335938,358.16143798828125,534.0809326171875,379.8074645996094,494.21636962890625,401.60687255859375,459.3042297363281,417.9355163574219,0
1446,214.589599609375,148.75067138671875,492.9067077636719,149.49978637695312,672.6133422851562,372.92578125,621.7798461914062,349.2863464355469,621.5220947265625,390.8399658203125,635.9628295898438,366.8620910644531,619.3638305664062,368.2794189453125,579.7842407226562,355.85833740234375,535.96435546875,375.9622802734375,490.7470703125,396.8340759277344,452.99578857421875,412.1342468261719,0
1447,214.59786987304688,148.61367797851562,493.00042724609375,149.45697021484375,678.4832763671875,375.8628234863281,626.218994140625,350.7552490234375,626.7509155273438,393.4679870605469,639.5081176757812,370.022216796875,624.4111328125,372.5771179199219,583.3284301757812,356.065673828125,538.679931640625,373.7530822753906,487.3433532714844,393.64239501953125,420.8361511230469,418.4897766113281,0
1448,214.5305938720703,148.59619140625,493.0234069824219,149.37269592285156,680.9485473632812,376.0303649902344,629.0803833007812,354.3184814453125,629.6364135742188,395.2789001464844,644.0935668945312,372.47540283203125,627.5391845703125,374.235107421875,586.2188720703125,354.8325500488281,541.2523193359375,372.4706115722656,491.0699157714844,392.79498291015625,428.5806579589844,417.49700927734375,0
1449,214.43392944335938,148.60935974121094,493.0411376953125,149.49539184570312,682.8200073242188,375.4835205078125,630.388916015625,352.6563720703125,632.0332641601562,395.8296813964844,645.80712890625,371.00238037109375,630.1947631835938,373.97845458984375,587.6527099609375,353.8419189453125,546.4619140625,372.2495422363281,495.5821533203125,393.567626953125,440.2591552734375,418.9346008300781,0
1450,214.68603515625,148.6691131591797,492.9717712402344,149.46258544921875,682.74560546875,372.7048034667969,629.537841796875,350.06085205078125,632.3145751953125,394.1280517578125,645.5670166015625,368.7825622558594,630.51513671875,371.335205078125,588.5848999023438,353.294189453125,549.9495849609375,372.0221252441406,499.5028076171875,395.1155090332031,453.3442077636719,418.557861328125,0
1451,214.6119384765625,148.68862915039062,492.97271728515625,149.4800262451172,682.6967163085938,372.7356262207031,629.578857421875,350.02703857421875,632.4368896484375,394.1942138671875,645.5517578125,368.8218994140625,630.6892700195312,371.4479064941406,588.7677001953125,353.33929443359375,549.939697265625,371.998779296875,499.58551025390625,395.0981140136719,453.5072937011719,418.5665283203125,0
1452,214.48178100585938,148.62510681152344,493.0021057128906,149.4722442626953,681.837890625,371.3817443847656,629.8855590820312,347.34130859375,631.2449951171875,390.7537536621094,645.1813354492188,367.8702697753906,629.9275512695312,368.4489440917969,587.852294921875,350.6392517089844,550.5213623046875,370.91900634765625,500.80169677734375,396.7969970703125,443.49981689453125,428.8214416503906,0
1453,214.54486083984375,148.6411590576172,493.02056884765625,149.43365478515625,677.2529907226562,366.04388427734375,627.0516357421875,341.716064453125,627.6878051757812,385.5352783203125,640.710205078125,360.86846923828125,626.645263671875,360.906982421875,587.6334838867188,345.9513854980469,549.4122314453125,365.6680908203125,504.8517150878906,385.0754699707031,465.98651123046875,406.872314453125,0
1454,214.41722106933594,148.6959686279297,493.06781005859375,149.50001525878906,674.04833984375,362.24090576171875,623.2015991210938,337.5563049316406,623.9833984375,381.0859375,637.2282104492188,357.1597900390625,622.4843139648438,358.51654052734375,585.8368530273438,344.1839294433594,546.3444213867188,362.69281005859375,501.0609130859375,378.7926940917969,454.3831481933594,397.1787109375,0
1455,214.5581512451172,148.62750244140625,493.0756530761719,149.3995819091797,674.6727905273438,360.57086181640625,623.5647583007812,334.8204040527344,625.0643310546875,378.87982177734375,638.643798828125,355.0852355957031,622.961181640625,356.6991882324219,585.0906372070312,344.7890625,544.3775634765625,362.3838806152344,496.124755859375,374.3978576660156,428.4710388183594,392.4719543457031,0
1456,214.60252380371094,148.6248016357422,493.13531494140625,149.34097290039062,682.4287109375,355.0852966308594,629.5690307617188,333.7337951660156,632.3145751953125,377.6334228515625,646.1278076171875,353.77587890625,629.0091552734375,355.3251647949219,587.3367919921875,344.9520568847656,546.105224609375,360.295166015625,491.92144775390625,368.2664489746094,417.6713562011719,382.13336181640625,0
1457,214.60556030273438,148.63160705566406,493.1209716796875,149.31117248535156,682.4166259765625,355.061279296875,629.5476684570312,333.7239074707031,632.3150024414062,377.6231384277344,646.1131591796875,353.77532958984375,628.9986572265625,355.3236083984375,587.3087768554688,344.9329833984375,546.1149291992188,360.2949523925781,491.8630676269531,368.3045349121094,417.675537109375,382.1361999511719,0
1458,214.58126831054688,148.6374053955078,493.0650329589844,149.3731689453125,683.5221557617188,353.6785583496094,631.8079833984375,334.29327392578125,634.6724853515625,376.35321044921875,647.382080078125,350.2077941894531,632.107666015625,354.1949768066406,589.9482421875,344.6918029785156,548.821533203125,359.113037109375,493.595703125,368.8233947753906,420.03369140625,382.9060974121094,0
1459,214.52001953125,148.62814331054688,492.9954528808594,149.3785858154297,681.6636352539062,351.4903869628906,628.8536987304688,330.06781005859375,632.2766723632812,372.3593444824219,645.5106201171875,348.1671142578125,629.9509887695312,351.06317138671875,589.67578125,342.7645568847656,549.8665161132812,358.8787536621094,495.87713623046875,369.4826965332031,425.743408203125,384.68084716796875,0
1460,214.4483184814453,148.7152862548828,492.95379638671875,149.3572540283203,675.2923583984375,347.1861572265625,623.537841796875,328.12872314453125,629.310791015625,370.23712158203125,641.1878051757812,345.5994567871094,625.7881469726562,348.50579833984375,584.8612670898438,344.14215087890625,543.0713500976562,365.0434875488281,488.07391357421875,377.5920104980469,418.396240234375,394.3048095703125,0
1461,214.49171447753906,148.75149536132812,493.03204345703125,149.3944091796875,662.9411010742188,331.4212341308594,611.2869262695312,321.8363342285156,619.3196411132812,363.2066650390625,627.6005859375,338.3893127441406,611.6357421875,342.7529296875,570.7335815429688,356.55902099609375,522.1146240234375,372.7570495605469,464.7898254394531,380.4505310058594,401.7716369628906,383.6676940917969,0
1462,214.49266052246094,148.7470245361328,492.96142578125,149.4519500732422,663.0208129882812,331.383544921875,611.3238525390625,321.70428466796875,619.2940063476562,363.13897705078125,627.7365112304688,338.3973388671875,611.9341430664062,342.7295227050781,571.0269775390625,356.36590576171875,522.13330078125,372.765380859375,464.797119140625,380.4644470214844,401.7976379394531,383.66107177734375,0
1463,214.52870178222656,148.85546875,492.9586181640625,149.4106903076172,651.5112915039062,326.90911865234375,602.6946411132812,324.0723571777344,617.9974365234375,360.7425842285156,621.9779052734375,337.80169677734375,607.8741455078125,345.4689636230469,561.0352783203125,362.6417541503906,509.54345703125,375.6944885253906,457.05120849609375,382.2411804199219,391.379150390625,389.0615234375,0
1464,214.655029296875,148.7150115966797,492.9085998535156,149.388427734375,633.3140869140625,339.451416015625,587.2256469726562,330.9552307128906,596.0946655273438,364.836181640625,600.15478515625,343.837890625,585.8681030273438,347.71514892578125,537.3426513671875,363.9256591796875,484.239013671875,368.8501892089844,441.2441711425781,368.71807861328125,410.1670227050781,371.0931701660156,0
1465,214.61581420898438,148.6969757080078,492.8714294433594,149.45668029785156,620.7354736328125,342.5472717285156,581.5901489257812,333.01031494140625,589.7040405273438,365.95965576171875,593.7678833007812,344.45782470703125,578.3502807617188,349.6623840332031,534.6531982421875,360.81842041015625,481.3329162597656,364.7946472167969,425.22650146484375,357.7949523925781,355.8630676269531,355.6121826171875,0
1466,214.61349487304688,148.68826293945312,492.84552001953125,149.4679718017578,615.21337890625,352.9713439941406,578.9278564453125,343.977294921875,585.1806030273438,377.3441162109375,590.925537109375,356.69561767578125,575.8097534179688,360.93927001953125,532.0149536132812,363.5504455566406,479.72833251953125,363.30072021484375,423.7649841308594,357.14447021484375,354.0768737792969,355.7938232421875,0
1467,214.5820770263672,148.74208068847656,492.842041015625,149.5215606689453,615.2058715820312,352.9794616699219,578.9532470703125,343.98284912109375,585.1900024414062,377.39288330078125,590.9405517578125,356.6956481933594,575.8097534179688,360.9624938964844,531.9571533203125,363.57537841796875,479.71563720703125,363.2781066894531,423.896484375,357.1258850097656,354.3572082519531,355.8056640625,0
1468,214.59246826171875,148.83897399902344,492.83984375,149.67820739746094,613.5118408203125,357.0780944824219,578.5535888671875,346.87255859375,584.6865234375,380.025634765625,589.6148681640625,359.8455505371094,575.26806640625,363.05633544921875,530.856689453125,366.6595153808594,479.6727600097656,364.214599609375,423.8385925292969,357.4306945800781,353.4569396972656,355.1755065917969,0
1469,214.57461547851562,148.82131958007812,492.89532470703125,149.65576171875,607.2589721679688,370.1739501953125,585.3057861328125,356.7566223144531,584.5702514648438,389.3359069824219,590.6771240234375,370.2210998535156,578.8484497070312,371.0981140136719,533.3505859375,366.017822265625,478.0683288574219,363.9861145019531,423.5369567871094,356.0094909667969,354.1175537109375,354.6986999511719,0
1470,214.57688903808594,148.8814697265625,492.8782958984375,149.57723999023438,604.865234375,378.0138244628906,588.4847412109375,361.1990661621094,584.6815795898438,394.3282165527344,589.7210693359375,375.5274658203125,578.8009033203125,373.73712158203125,533.0714721679688,367.044677734375,478.38983154296875,363.1491394042969,423.0283203125,355.6810607910156,352.9347839355469,354.8827819824219,0
1471,214.55145263671875,148.783447265625,492.8779296875,149.53099060058594,599.861572265625,384.910400390625,593.4696655273438,369.7846374511719,584.4803466796875,399.75408935546875,592.9290161132812,383.3540954589844,582.7158203125,379.9484558105469,537.3365478515625,368.2803649902344,479.6187744140625,360.2430114746094,424.09564208984375,354.1578369140625,353.32318115234375,354.22576904296875,0
1472,214.50247192382812,148.68251037597656,492.8955078125,149.5624542236328,601.8200073242188,383.09783935546875,595.65673828125,368.53472900390625,586.1814575195312,399.3705139160156,595.0640258789062,381.51934814453125,584.391845703125,378.95330810546875,536.99658203125,366.4880065917969,481.4900817871094,359.8309326171875,424.3225402832031,352.935302734375,355.72039794921875,353.31597900390625,0
1473,214.45509338378906,148.63531494140625,492.9146728515625,149.5527801513672,602.6060180664062,382.3788757324219,595.6439819335938,368.5335388183594,586.1483764648438,399.3951110839844,595.0748901367188,381.5324401855469,584.393310546875,378.9490051269531,537.130126953125,366.5099182128906,481.5865478515625,359.7808837890625,424.3951721191406,352.9057312011719,355.70880126953125,353.1286926269531,0
1474,214.5637664794922,148.74844360351562,493.02117919921875,149.4498291015625,605.3906860351562,384.7882995605469,599.8731079101562,368.0209655761719,588.1550903320312,399.0005187988281,597.7171020507812,382.73614501953125,585.4555053710938,377.92120361328125,539.4180908203125,366.42462158203125,483.49066162109375,358.8002624511719,427.52362060546875,353.3748779296875,357.4947509765625,354.889892578125,0
1475,214.5438690185547,148.6464080810547,493.003662109375,149.49459838867188,608.4442138671875,387.8629150390625,606.2448120117188,372.10235595703125,589.7481079101562,400.3304748535156,599.718505859375,385.23089599609375,590.8734741210938,377.9871826171875,544.1781616210938,363.76605224609375,486.0687255859375,356.9999694824219,429.6979064941406,352.61968994140625,362.9252014160156,355.74981689453125,0
1476,214.5186309814453,148.884521484375,493.0665588378906,149.56610107421875,609.3878784179688,410.4760437011719,618.1257934570312,386.3289794921875,591.4890747070312,406.0263977050781,607.0525512695312,398.3537902832031,600.440185546875,389.9250183105469,558.9187622070312,358.8848571777344,500.05828857421875,344.75390625,444.4079895019531,341.51605224609375,373.8358459472656,350.52825927734375,0
1477,214.5229949951172,148.87918090820312,493.0730895996094,149.5504608154297,609.4119873046875,410.4512023925781,618.1343383789062,386.3331298828125,591.4815673828125,406.0184020996094,607.0602416992188,398.3536682128906,600.4415283203125,389.9166564941406,558.9169311523438,358.9480895996094,500.05908203125,344.75067138671875,444.4364013671875,341.5118713378906,373.77734375,350.5430908203125,0
1478,214.42945861816406,148.88967895507812,493.1313171386719,149.523681640625,612.1654052734375,413.9202880859375,620.4520874023438,389.5945739746094,593.1051635742188,408.0647888183594,609.0901489257812,401.8684997558594,601.411376953125,392.9149475097656,562.4798583984375,360.64031982421875,504.50103759765625,345.04949951171875,450.2868347167969,340.7751770019531,379.4656066894531,349.1373291015625,0
1479,214.36553955078125,148.91607666015625,493.088134765625,149.42828369140625,616.908203125,412.70770263671875,622.3199462890625,395.7532043457031,592.3236694335938,411.8929138183594,610.6973876953125,408.13897705078125,603.7273559570312,398.4045104980469,566.7327270507812,360.12628173828125,513.5338134765625,341.23699951171875,458.9208984375,340.1841125488281,387.1264953613281,344.9496765136719,0
1480,214.3187255859375,148.79525756835938,493.036865234375,149.49765014648438,598.1934204101562,425.5875244140625,620.4619750976562,402.181396484375,588.04638671875,412.07574462890625,605.0250244140625,413.8639221191406,599.2667846679688,402.59820556640625,569.0791625976562,361.1025085449219,517.3858032226562,336.13897705078125,460.66363525390625,335.9501953125,392.2050476074219,343.4425048828125,0
1481,214.3123321533203,149.0165557861328,493.05035400390625,149.60504150390625,574.7726440429688,433.3351135253906,603.3121337890625,418.9658508300781,570.6598510742188,412.6644592285156,583.4284057617188,422.3814697265625,586.5790405273438,411.2142639160156,573.9127197265625,365.5913391113281,536.7675170898438,326.5276184082031,488.6289367675781,330.5534973144531,442.5557861328125,342.7261657714844,0
1482,214.3172607421875,149.01438903808594,493.0474853515625,149.60491943359375,574.78369140625,433.32635498046875,603.2966918945312,418.95928955078125,570.667236328125,412.6607360839844,583.4219970703125,422.3674011230469,586.5581665039062,411.2171630859375,573.889404296875,365.60400390625,536.74658203125,326.62286376953125,488.5914001464844,330.5853576660156,442.5889587402344,342.7157287597656,0
1483,214.3979034423828,149.0119171142578,493.14678955078125,149.49822998046875,568.0537719726562,438.8769226074219,598.958740234375,421.81365966796875,566.962890625,412.367919921875,577.5371704101562,425.504638671875,581.713623046875,412.99951171875,576.873779296875,365.41656494140625,548.481201171875,318.6524658203125,495.4493713378906,327.70343017578125,444.00262451171875,345.7542419433594,0
1484,214.50311279296875,148.93312072753906,493.10430908203125,149.46717834472656,558.900146484375,434.2228698730469,597.4662475585938,426.4358215332031,568.6910400390625,408.594482421875,574.2659301757812,423.9000549316406,582.529052734375,412.97601318359375,586.0057373046875,364.8964538574219,566.175048828125,310.11370849609375,542.1882934570312,300.5574645996094,521.3530883789062,311.2310791015625,0
1485,214.44309997558594,148.8904266357422,493.0528869628906,149.35043334960938,553.3787231445312,427.7247619628906,594.274658203125,428.420166015625,568.2594604492188,409.4107360839844,571.3985595703125,423.40545654296875,580.0254516601562,414.3823547363281,587.0242919921875,366.041748046875,568.6265869140625,312.68096923828125,539.0640258789062,300.15576171875,562.8291625976562,436.82275390625,0
1486,214.34982299804688,148.77853393554688,493.1819763183594,149.28036499023438,537.6144409179688,420.6681823730469,574.2841796875,433.8050842285156,555.5322875976562,410.2178039550781,555.5985107421875,421.388427734375,567.2037963867188,416.4884033203125,587.138671875,375.0575256347656,607.11181640625,380.08441162109375,524.4442138671875,355.91864013671875,508.1805114746094,370.2455749511719,0
1487,214.33563232421875,148.75469970703125,493.1546630859375,149.27984619140625,537.5730590820312,420.6590576171875,574.2634887695312,433.7738952636719,555.5425415039062,410.2257080078125,555.567626953125,421.390869140625,567.1868896484375,416.4931335449219,587.0834350585938,375.3115539550781,607.1349487304688,380.1323547363281,524.398681640625,355.96331787109375,508.157470703125,370.293701171875,0
1488,214.37022399902344,148.88987731933594,493.022216796875,149.30267333984375,532.8765869140625,421.50213623046875,565.2572631835938,434.2045593261719,548.0608520507812,407.9364013671875,546.9588012695312,421.56640625,561.0172729492188,416.0166320800781,584.4161376953125,373.9686279296875,555.9788818359375,350.99981689453125,530.2958984375,358.3126525878906,507.2071838378906,376.7746276855469,0
1489,214.3617401123047,148.7825469970703,493.0586242675781,149.38755798339844,519.0509643554688,425.800537109375,547.4122314453125,435.8243103027344,530.6558227539062,409.13006591796875,530.20458984375,423.7767639160156,544.2752685546875,418.1539611816406,574.19287109375,380.1603698730469,588.9927978515625,329.7987060546875,572.9345092773438,316.8271484375,522.802734375,433.4292297363281,0
1490,214.38674926757812,148.83326721191406,493.05712890625,149.36660766601562,516.733154296875,425.46697998046875,541.5136108398438,436.09375,523.999267578125,409.7401428222656,526.0052490234375,421.8752746582031,537.56396484375,418.3229675292969,570.1779174804688,383.82025146484375,591.76220703125,333.0512390136719,577.5199584960938,319.1938171386719,547.2576293945312,325.1534729003906,0
1491,214.46697998046875,148.7667999267578,493.1775207519531,149.4281463623047,504.5161437988281,415.5710754394531,533.53759765625,435.45489501953125,521.2076416015625,404.42449951171875,518.9696655273438,418.87152099609375,531.324462890625,416.86444091796875,569.3583984375,388.189453125,600.1150512695312,340.25067138671875,581.21826171875,314.91668701171875,524.5162353515625,310.48828125,0
1492,214.4777069091797,148.76161193847656,493.1747131347656,149.42483520507812,504.47735595703125,415.55316162109375,533.5301513671875,435.41326904296875,521.1994018554688,404.41009521484375,518.959228515625,418.84869384765625,531.3074340820312,416.82427978515625,569.3522338867188,388.1698913574219,600.1007080078125,340.22930908203125,581.1943359375,314.9281005859375,524.5299682617188,310.488037109375,0
1493,214.4812469482422,148.78305053710938,493.3180236816406,149.3343963623047,501.3805236816406,418.4456481933594,534.1370849609375,433.5009765625,522.148681640625,404.36920166015625,519.502197265625,418.2958984375,532.5086059570312,415.4113464355469,570.9088134765625,389.04034423828125,606.8646850585938,343.8544921875,587.9802856445312,318.03240966796875,535.1048583984375,311.1459045410156,0
1494,214.5285186767578,148.70301818847656,493.2557373046875,149.39312744140625,501.4303283691406,417.35357666015625,538.1461181640625,433.2875061035156,529.8369140625,402.91534423828125,522.9483032226562,416.76873779296875,538.1779174804688,415.9031982421875,576.4298706054688,389.06903076171875,609.8929443359375,346.36322021484375,601.71240234375,324.56146240234375,553.7523193359375,327.4373779296875,0
1495,214.44845581054688,148.65756225585938,493.1591491699219,149.43997192382812,498.882568359375,413.94683837890625,538.6290283203125,432.2068786621094,533.342041015625,401.3841552734375,525.0202026367188,413.7405090332031,540.6049194335938,415.0098876953125,578.4279174804688,388.8679504394531,611.7826538085938,347.51611328125,604.0765991210938,321.9647521972656,556.1411743164062,314.61376953125,0
1496,214.5059814453125,148.71388244628906,493.2757568359375,149.27854919433594,502.16766357421875,400.4679260253906,539.7866821289062,428.0943298339844,538.4719848632812,394.29827880859375,527.7957153320312,407.1830139160156,542.3956298828125,410.5605163574219,582.4442749023438,387.4618835449219,613.0733032226562,345.9097900390625,616.4552001953125,320.93756103515625,571.4288330078125,311.6589660644531,0
1497,214.5085906982422,148.71202087402344,493.3135070800781,149.28427124023438,502.16680908203125,400.4669189453125,539.7827758789062,428.09979248046875,538.4714965820312,394.308837890625,527.7974853515625,407.1885681152344,542.4019165039062,410.56451416015625,582.4496459960938,387.4273376464844,613.0795288085938,345.9090881347656,616.4453735351562,320.9555969238281,571.4033203125,311.6235046386719,0
1498,214.41885375976562,148.7287139892578,493.4444274902344,149.32623291015625,499.22900390625,396.4147644042969,537.4436645507812,425.72210693359375,537.1627197265625,393.6748962402344,525.9466552734375,404.5916748046875,541.3797607421875,407.6791687011719,581.6201782226562,385.8560791015625,613.3685913085938,346.60205078125,616.1074829101562,317.90478515625,566.2227172851562,307.1177062988281,0
1499,214.355224609375,148.6835174560547,493.35528564453125,149.45162963867188,493.5080871582031,403.7008056640625,533.46826171875,424.9952087402344,531.58984375,391.1467590332031,520.0929565429688,404.2483825683594,537.0980834960938,405.3260803222656,578.710693359375,385.92669677734375,613.7061157226562,349.9049377441406,622.2955932617188,319.6175537109375,581.0650634765625,304.434326171875,0
1500,214.41510009765625,148.62608337402344,493.28839111328125,149.4189453125,492.33258056640625,409.51025390625,533.3594970703125,425.6824951171875,530.0051879882812,392.0007629394531,518.2191772460938,405.9615173339844,534.0928955078125,406.1410827636719,577.5859985351562,385.40948486328125,612.874755859375,348.8414306640625,620.726318359375,316.45599365234375,568.734130859375,299.45269775390625,0
1501,214.43165588378906,148.780029296875,493.1993408203125,149.35177612304688,491.7623596191406,409.294189453125,533.0535888671875,426.0745544433594,529.1769409179688,393.6242370605469,518.1419677734375,408.69580078125,533.96484375,407.75128173828125,575.77978515625,386.8575744628906,611.2096557617188,349.59686279296875,623.6323852539062,314.576416015625,573.6808471679688,296.8203125,0
1502,214.42193603515625,148.7652130126953,493.19708251953125,149.3602752685547,491.76531982421875,409.2944641113281,533.0420532226562,426.0922546386719,529.2098999023438,393.5902404785156,518.1358642578125,408.6734924316406,533.9490356445312,407.688232421875,575.76220703125,386.77142333984375,611.2180786132812,349.5466613769531,623.6182861328125,314.5882568359375,573.6688842773438,296.782958984375,0
1503,214.47610473632812,148.6698760986328,493.1347961425781,149.446533203125,489.8645935058594,406.3868103027344,531.2697143554688,426.82403564453125,529.2307739257812,393.85272216796875,517.5159912109375,408.1488952636719,533.8524780273438,408.4514465332031,575.5665283203125,386.82867431640625,610.5778198242188,349.97216796875,624.2990112304688,314.6004333496094,573.0426025390625,295.2667541503906,0
1504,214.4016571044922,148.75924682617188,493.179443359375,149.4962921142578,488.24859619140625,406.51873779296875,529.9124755859375,427.4405212402344,528.929931640625,393.2692565917969,516.7789916992188,408.3970031738281,533.1671142578125,408.7385559082031,574.8280639648438,387.7345275878906,610.1954345703125,350.57916259765625,626.288818359375,314.5487060546875,579.1304931640625,292.6054382324219,0
1505,214.63157653808594,148.6955108642578,493.2143859863281,149.4678192138672,487.1551208496094,406.82769775390625,529.6015014648438,427.07464599609375,528.6951293945312,392.49371337890625,516.1176147460938,408.10821533203125,532.8541870117188,408.3810119628906,573.7244873046875,387.8749694824219,609.7841796875,351.09320068359375,628.3289794921875,314.81591796875,580.054443359375,289.4494323730469,0
1506,214.5023956298828,148.80313110351562,493.2428283691406,149.4939422607422,488.0630187988281,408.4564208984375,529.4466552734375,426.9596252441406,528.3580322265625,391.81005859375,515.78515625,408.048828125,532.4097900390625,408.101806640625,573.1827392578125,387.987548828125,609.462646484375,351.51165771484375,630.3285522460938,315.78045654296875,583.5123291015625,289.1872863769531,0
1507,214.48902893066406,148.75726318359375,493.25933837890625,149.53549194335938,488.077880859375,408.4378662109375,529.4432373046875,426.9879150390625,528.3937377929688,391.7596435546875,515.81396484375,408.0623474121094,532.4525146484375,408.096435546875,573.2481689453125,387.95684814453125,609.5096435546875,351.454833984375,630.2905883789062,315.7221984863281,583.48291015625,289.1527404785156,0
1508,214.6110076904297,148.77291870117188,493.3232727050781,149.5093231201172,487.5057373046875,398.5400085449219,527.9373168945312,424.860107421875,528.9866333007812,390.6443176269531,515.3945922851562,404.85919189453125,532.2301635742188,406.3455810546875,573.4649658203125,387.66876220703125,609.2964477539062,351.7659912109375,632.1254272460938,315.37359619140625,583.9790649414062,288.77655029296875,0
1509,214.43548583984375,148.67108154296875,493.27252197265625,149.5222625732422,487.9276428222656,392.2667541503906,524.734619140625,421.38031005859375,529.1966552734375,386.7219543457031,514.5076293945312,398.155029296875,530.71630859375,400.87109375,573.7952270507812,386.7160949707031,609.932373046875,350.8196105957031,633.4720458984375,315.05706787109375,585.9755859375,288.0981750488281,0
1510,214.52783203125,148.61090087890625,493.11981201171875,149.64498901367188,487.4794616699219,387.5970153808594,524.9320678710938,418.5951843261719,530.08251953125,384.75384521484375,514.997802734375,395.8432922363281,531.3590087890625,400.1341552734375,573.7529907226562,386.184326171875,609.7110595703125,350.7696533203125,634.6513061523438,314.1036682128906,591.9064331054688,286.0554504394531,0
1511,214.3904266357422,148.82252502441406,493.2095031738281,149.771484375,484.97705078125,382.3818359375,520.5588989257812,414.4626159667969,529.5135498046875,380.5938720703125,512.0701293945312,393.1535339355469,529.42529296875,396.68780517578125,571.0186157226562,385.08544921875,609.0414428710938,352.4946594238281,639.0392456054688,317.6895751953125,600.43505859375,285.74078369140625,0
1512,214.43939208984375,148.736328125,493.1249084472656,149.88351440429688,483.41790771484375,380.10101318359375,519.6002197265625,413.30157470703125,528.0745849609375,379.1734313964844,510.8823547363281,391.8725280761719,528.7957763671875,395.6087341308594,569.9722290039062,384.9941711425781,608.7723388671875,352.7073974609375,640.3622436523438,317.71685791015625,599.7713012695312,283.94183349609375,0
1513,214.36972045898438,148.85482788085938,493.149169921875,149.91897583007812,485.53948974609375,378.21112060546875,518.0280151367188,411.2223815917969,526.9369506835938,378.4150085449219,510.5636901855469,388.9234924316406,527.690185546875,394.2409973144531,569.1885986328125,384.7914123535156,609.2564697265625,353.7344665527344,640.3031005859375,318.6221923828125,601.1513671875,284.53802490234375,0
1514,214.3736114501953,148.94371032714844,493.0389709472656,149.84274291992188,487.6960144042969,376.8431396484375,516.8131103515625,410.00616455078125,525.1522216796875,376.3297424316406,510.1022033691406,387.46875,526.654296875,392.9565734863281,568.6722412109375,384.30474853515625,609.2044677734375,354.1543273925781,641.7890014648438,318.4154357910156,601.7491455078125,283.5689697265625,0
1515,214.3535919189453,148.82904052734375,493.0279541015625,149.78611755371094,487.9336242675781,373.0434265136719,514.7200927734375,408.0365295410156,524.8887939453125,375.91619873046875,509.8063049316406,385.76287841796875,525.978271484375,391.8929748535156,569.908935546875,384.53472900390625,610.4624633789062,352.31414794921875,639.2990112304688,316.16949462890625,601.7025146484375,279.9798583984375,0
1516,214.35360717773438,148.7958221435547,493.0235595703125,149.7784881591797,487.84423828125,373.0116882324219,514.7994995117188,408.0344543457031,524.94091796875,375.80120849609375,509.8799133300781,385.7450866699219,526.0902099609375,391.82818603515625,569.9071044921875,384.4289245605469,610.3851928710938,352.3206481933594,639.228759765625,316.2224426269531,601.2800903320312,279.96453857421875,0
1517,214.4794464111328,148.84365844726562,493.01177978515625,149.80191040039062,487.0679626464844,372.63592529296875,516.2855224609375,408.2816162109375,526.0914916992188,375.6732177734375,510.6349792480469,385.80694580078125,527.1243896484375,391.8785095214844,570.2886962890625,384.34930419921875,610.8944702148438,352.7879333496094,639.0321044921875,316.493408203125,600.1226196289062,280.009521484375,0
1518,214.43299865722656,148.82261657714844,493.074462890625,149.88424682617188,485.876953125,372.87481689453125,517.383544921875,409.3824462890625,527.7924194335938,376.4215393066406,510.1016845703125,386.343994140625,527.520751953125,393.0654296875,570.8518676757812,384.2459716796875,611.0755615234375,352.84130859375,640.0230712890625,318.29766845703125,610.2833251953125,276.5854797363281,0
1519,214.50930786132812,148.73101806640625,492.9613037109375,149.7613067626953,485.33917236328125,369.98675537109375,515.7181396484375,407.71514892578125,527.99169921875,374.4969177246094,510.33349609375,384.2103576660156,527.3984985351562,390.98095703125,570.241455078125,384.4483947753906,610.475341796875,353.777587890625,641.2794189453125,319.7707214355469,611.373046875,273.6670227050781,0
1520,214.37344360351562,148.80850219726562,493.0467529296875,149.9026641845703,489.3652648925781,359.7087707519531,511.97393798828125,402.3328552246094,528.6589965820312,372.7965393066406,510.44622802734375,378.36083984375,525.9330444335938,387.7322082519531,569.345947265625,385.0393981933594,611.392333984375,353.38848876953125,639.7266845703125,319.60943603515625,611.6321411132812,275.84912109375,0
1521,214.4083251953125,148.79759216308594,493.0532531738281,149.8280487060547,489.32855224609375,359.7320861816406,511.96990966796875,402.3517150878906,528.6324462890625,372.774658203125,510.4720153808594,378.38275146484375,525.9259643554688,387.71923828125,569.3861694335938,385.0015869140625,611.3768310546875,353.3226013183594,639.6891479492188,319.62451171875,611.6431884765625,275.8592834472656,0
1522,214.44129943847656,148.700439453125,493.0562438964844,149.69223022460938,490.4180908203125,356.0096740722656,512.7079467773438,399.0689392089844,530.9369506835938,370.2516174316406,510.31195068359375,376.970947265625,527.0179443359375,385.776611328125,569.9702758789062,384.8146057128906,611.7172241210938,352.5758361816406,639.1160888671875,317.93670654296875,613.1867065429688,276.94476318359375,0
1523,214.39309692382812,148.7221221923828,493.0233154296875,149.67611694335938,496.5660705566406,361.830078125,514.7095336914062,397.8520202636719,530.492431640625,367.4695739746094,514.2655029296875,376.7639465332031,528.2192993164062,385.3331298828125,570.7421264648438,383.4473876953125,612.20458984375,353.1846923828125,639.663330078125,323.2339172363281,616.2461547851562,270.77490234375,0
1524,214.55186462402344,148.801513671875,492.91888427734375,149.65553283691406,499.22503662109375,368.9132995605469,516.39208984375,402.11846923828125,529.0862426757812,369.5957336425781,515.9237670898438,379.9755859375,529.2100830078125,385.84796142578125,571.33154296875,381.6368103027344,612.3423461914062,352.736328125,640.2271118164062,324.2929992675781,620.8057861328125,266.63092041015625,0
1525,214.4916534423828,148.9129638671875,492.9047546386719,149.69027709960938,503.7220458984375,377.7222900390625,524.3302001953125,409.7906494140625,527.2431640625,375.9786071777344,518.8630981445312,388.0923767089844,531.2454223632812,392.5758361816406,575.74755859375,382.7999572753906,614.8003540039062,350.8538513183594,639.2431640625,318.5472717285156,617.218994140625,255.41595458984375,0
1526,214.49462890625,148.9306640625,492.9079284667969,149.68801879882812,503.7354736328125,377.72064208984375,524.3368530273438,409.7938232421875,527.229736328125,375.9888916015625,518.8784790039062,388.09381103515625,531.258056640625,392.5924377441406,574.5403442382812,382.4224853515625,614.8621826171875,350.7756652832031,639.2477416992188,318.53955078125,617.1949462890625,255.3865966796875,0
1527,214.5509490966797,148.83692932128906,492.9694519042969,149.5951690673828,507.2721252441406,379.5756530761719,524.3767700195312,412.5114440917969,526.52880859375,377.2195739746094,519.4827880859375,389.9433898925781,531.7958374023438,394.22210693359375,576.0449829101562,383.140625,615.0687866210938,350.595458984375,639.131591796875,320.6964416503906,634.0235595703125,272.7309875488281,0
1528,214.56922912597656,148.90814208984375,493.0169677734375,149.60723876953125,512.5136108398438,385.54083251953125,524.4085693359375,416.5129089355469,525.134765625,378.7845764160156,520.8302001953125,393.28070068359375,530.5861206054688,399.4259338378906,576.1995849609375,385.8363952636719,616.6322631835938,352.0640869140625,639.5098266601562,324.0870666503906,644.9173583984375,284.9441833496094,0
1529,214.61280822753906,148.652099609375,493.0054931640625,149.54360961914062,509.7783508300781,385.12982177734375,524.159912109375,417.09722900390625,524.1361083984375,380.41375732421875,519.099609375,393.6216125488281,530.3079833984375,399.5332946777344,575.1209106445312,385.9679870605469,616.3673706054688,351.5148620605469,638.5714111328125,324.0422058105469,642.6588134765625,288.47222900390625,0
1530,214.45069885253906,148.96678161621094,493.0775146484375,149.71116638183594,504.2451477050781,384.67340087890625,520.5283203125,415.5994567871094,521.7837524414062,381.4290771484375,514.2330932617188,393.5688171386719,528.2335205078125,397.748779296875,571.637451171875,386.5876770019531,616.0361328125,353.8260192871094,640.3723754882812,326.94775390625,646.987548828125,291.40118408203125,0
1531,214.45831298828125,148.9783172607422,493.0721740722656,149.71246337890625,504.2467346191406,384.6800231933594,520.5165405273438,415.57037353515625,521.7784423828125,381.42864990234375,514.2291259765625,393.5636291503906,528.2290649414062,397.75115966796875,571.6325073242188,386.5865783691406,616.0371704101562,353.8348693847656,640.3949584960938,326.94482421875,646.9751586914062,291.4161376953125,0
1532,214.4423370361328,149.02005004882812,493.1392822265625,149.5865478515625,502.5011291503906,385.1288146972656,519.14501953125,415.3807678222656,520.3621215820312,380.7193603515625,512.6581420898438,393.9073791503906,526.4282836914062,397.94854736328125,570.6348876953125,387.6042785644531,615.6505126953125,355.4135437011719,640.8048095703125,328.01702880859375,646.86279296875,292.19171142578125,0
1533,214.3159637451172,149.04470825195312,493.17950439453125,149.62448120117188,505.15386962890625,392.4783630371094,522.6968383789062,420.5155944824219,519.0437622070312,384.6963806152344,514.622314453125,398.0843811035156,527.5177001953125,400.28961181640625,570.5850830078125,386.4838562011719,614.7144165039062,353.7678527832031,638.9567260742188,326.3025207519531,636.0712890625,289.1436767578125,0
1534,214.4368896484375,148.87429809570312,493.1930847167969,149.57191467285156,505.2763977050781,393.2231750488281,524.572021484375,421.1689147949219,519.1431884765625,387.6391906738281,515.4403076171875,399.8839416503906,526.6456909179688,401.7287902832031,572.1492919921875,386.61602783203125,615.13427734375,350.5848083496094,638.549072265625,319.7082214355469,634.4432983398438,273.4316101074219,0
1535,214.3684539794922,148.9635467529297,493.1860656738281,149.4779052734375,497.31549072265625,401.1839294433594,522.301025390625,426.6122741699219,517.42041015625,390.9714050292969,511.3836669921875,404.2492370605469,525.3441772460938,405.0225524902344,570.3587646484375,387.6596374511719,614.5099487304688,351.2760314941406,639.7412719726562,318.97027587890625,632.8401489257812,258.2021179199219,0
1536,214.37503051757812,148.9717559814453,493.1861877441406,149.5072784423828,497.331787109375,401.1709289550781,522.2463989257812,426.62359619140625,517.383544921875,390.8373718261719,511.4359130859375,404.2076721191406,525.3763427734375,405.0115661621094,570.4697875976562,387.4831848144531,614.5428466796875,351.2726135253906,639.7588500976562,318.9726867675781,632.8365478515625,258.22772216796875,0
1537,214.48182678222656,148.81536865234375,493.0502624511719,149.54449462890625,493.9028625488281,401.83563232421875,519.6434326171875,425.7884521484375,514.6281127929688,392.4618835449219,508.57958984375,404.0884094238281,521.5319213867188,406.40557861328125,569.322509765625,390.0475769042969,613.592529296875,352.5607604980469,639.4366455078125,322.4457092285156,635.2393188476562,275.74383544921875,0
1538,214.49374389648438,149.05825805664062,493.1230773925781,149.61737060546875,488.3733215332031,399.1031799316406,514.3087768554688,426.2295837402344,511.010009765625,393.427001953125,504.0350646972656,405.0079345703125,518.5361328125,407.9501647949219,566.244384765625,392.8575439453125,611.2420654296875,356.6168212890625,637.9820556640625,330.37237548828125,635.5606689453125,291.8961486816406,0
1539,214.5778350830078,149.017822265625,493.026611328125,149.6018829345703,482.4596862792969,401.5233459472656,511.624755859375,426.27496337890625,508.2830505371094,393.28759765625,501.3139953613281,406.0287780761719,516.0244750976562,407.40625,565.257080078125,393.2798156738281,610.3643188476562,356.74127197265625,637.326171875,329.41400146484375,634.7049560546875,291.0040283203125,0
1540,214.55796813964844,148.9514617919922,493.1219177246094,149.6325225830078,479.5209655761719,399.4428405761719,507.31768798828125,427.33160400390625,505.4166564941406,392.5669250488281,497.65924072265625,405.20489501953125,513.0426025390625,406.777587890625,560.69677734375,393.2477111816406,608.1077270507812,357.8483581542969,636.1585083007812,329.8667297363281,634.3081665039062,290.6003723144531,0
1541,214.57313537597656,148.80369567871094,493.09967041015625,149.63072204589844,476.4287109375,393.71405029296875,500.9395751953125,424.51068115234375,501.4216003417969,390.1471862792969,493.5159912109375,401.26751708984375,507.8022155761719,404.7088317871094,555.1956176757812,392.2328796386719,605.5117797851562,359.9581604003906,633.4091186523438,330.1109619140625,630.4464721679688,292.979248046875,0
1542,214.56834411621094,148.77041625976562,493.0819396972656,149.60716247558594,476.47528076171875,393.76556396484375,500.94378662109375,424.492919921875,501.4900817871094,390.20440673828125,493.5701904296875,401.2821350097656,507.8564453125,404.69879150390625,555.2872924804688,392.25909423828125,605.6143188476562,359.9545593261719,633.495361328125,330.19091796875,630.2833251953125,292.8743896484375,0
1543,214.6409454345703,148.71612548828125,493.0625,149.52410888671875,473.6942443847656,393.08642578125,496.17724609375,422.8240966796875,495.0823974609375,387.6068420410156,487.5599670410156,399.78973388671875,501.04498291015625,403.7042236328125,550.7958984375,393.0907897949219,603.297607421875,362.9377136230469,632.81982421875,330.80340576171875,617.8209838867188,252.4250946044922,0
1544,214.5561065673828,148.62692260742188,492.94439697265625,149.61526489257812,457.1649475097656,392.8326110839844,484.2075500488281,425.2504577636719,485.38787841796875,390.5204162597656,476.6172790527344,401.51708984375,490.5500793457031,405.8555908203125,537.7266235351562,396.9908142089844,593.1326904296875,374.62530517578125,628.6021118164062,348.6662902832031,629.900390625,309.91009521484375,0
1545,214.56297302246094,148.7388153076172,492.98828125,149.60231018066406,452.3585205078125,401.5689392089844,480.86962890625,429.29302978515625,482.1062927246094,395.6666564941406,472.41949462890625,407.0674133300781,487.6903381347656,410.55438232421875,536.0492553710938,403.785888671875,588.5993041992188,380.5845031738281,626.9822387695312,362.82916259765625,633.1259765625,322.8369445800781,0
1546,214.48434448242188,148.58750915527344,493.027587890625,149.54627990722656,447.5712585449219,404.968017578125,480.254150390625,429.9609375,480.77197265625,396.3423767089844,470.7387390136719,408.400634765625,486.43096923828125,410.4903564453125,535.7037353515625,402.6894836425781,587.5616455078125,380.3166809082031,627.4937744140625,359.7500305175781,631.3099975585938,320.22149658203125,0
1547,214.43519592285156,148.77780151367188,492.86859130859375,149.47457885742188,446.4786682128906,405.1131591796875,480.1788024902344,429.65411376953125,479.85662841796875,395.9676818847656,470.0116882324219,408.7216491699219,485.7956237792969,410.20965576171875,535.02197265625,401.5911865234375,587.09912109375,378.0045471191406,627.061279296875,352.1188659667969,621.6760864257812,276.8227233886719,0
1548,214.4337158203125,148.6812286376953,492.7698669433594,149.4440460205078,445.650390625,404.8034362792969,481.6346435546875,428.6260681152344,481.40460205078125,394.0322265625,470.3153381347656,406.80743408203125,486.5231628417969,408.6722412109375,534.40625,399.3182678222656,584.7188720703125,375.700927734375,623.8700561523438,347.9745788574219,627.6983032226562,315.21917724609375,0
1549,214.43765258789062,148.72430419921875,492.7281188964844,149.49432373046875,445.9540100097656,399.79266357421875,481.1449890136719,423.6864318847656,482.88848876953125,388.0745544433594,470.697998046875,401.6650695800781,487.2392883300781,402.41754150390625,533.618896484375,395.8783264160156,587.19189453125,378.26947021484375,626.456298828125,352.2513122558594,629.4205322265625,313.0640563964844,0
1550,214.44700622558594,148.72024536132812,492.7281494140625,149.48794555664062,445.9629821777344,399.7749328613281,481.14678955078125,423.66839599609375,482.888916015625,388.067138671875,470.71435546875,401.6678771972656,487.2595520019531,402.39990234375,533.7544555664062,395.6326599121094,587.168701171875,378.2625732421875,626.4755859375,352.1955261230469,629.30908203125,313.117431640625,0
1551,214.3909149169922,148.5784149169922,492.79937744140625,149.58270263671875,453.7591247558594,392.69598388671875,480.6072082519531,420.22454833984375,485.16302490234375,385.4388122558594,474.943115234375,395.7715759277344,488.78924560546875,400.49017333984375,534.1112060546875,394.7564697265625,587.3240356445312,377.8406982421875,625.7279663085938,360.0176086425781,634.3818969726562,318.70135498046875,0
1552,214.4698028564453,148.5189208984375,492.80450439453125,149.64076232910156,453.17584228515625,379.99871826171875,477.54144287109375,413.1844787597656,485.6169738769531,381.06622314453125,473.6067810058594,391.2064514160156,488.6293640136719,397.3818664550781,535.194091796875,396.0906677246094,588.7073974609375,377.9271240234375,626.60986328125,358.3337097167969,633.5314331054688,317.7882995605469,0
1553,214.37596130371094,148.5472412109375,492.85919189453125,149.64739990234375,449.93798828125,379.6051025390625,478.7367248535156,413.58599853515625,486.36553955078125,380.4691467285156,473.399658203125,391.2557678222656,489.4620361328125,396.7535095214844,535.02490234375,395.36248779296875,588.219970703125,377.9886779785156,626.1619262695312,360.02081298828125,633.7527465820312,317.8600158691406,0
1554,214.34642028808594,148.56141662597656,492.88629150390625,149.6432647705078,443.11614990234375,381.91070556640625,475.9022216796875,414.4126892089844,482.53350830078125,380.8191223144531,467.6445007324219,392.8385314941406,484.5549011230469,396.887451171875,532.481201171875,394.4079284667969,585.34521484375,380.1232604980469,624.9736328125,359.97467041015625,631.8700561523438,322.48834228515625,0
1555,214.39773559570312,148.55950927734375,492.9003601074219,149.66217041015625,443.11669921875,381.9121398925781,475.8973083496094,414.4255065917969,482.5207214355469,380.8126525878906,467.6341857910156,392.84234619140625,484.5401611328125,396.9255676269531,532.30517578125,394.3277282714844,585.342041015625,380.10491943359375,624.9678955078125,359.9869384765625,631.8674926757812,322.50311279296875,0
1556,214.4468231201172,148.7760467529297,492.8585205078125,149.6274871826172,439.619873046875,380.8848571777344,471.86309814453125,413.51739501953125,479.8430480957031,379.7981262207031,464.3086242675781,391.9179382324219,481.0914001464844,396.5216979980469,528.71728515625,394.2384033203125,581.48095703125,382.99798583984375,623.8259887695312,365.4622802734375,632.7631225585938,325.0163269042969,0
1557,214.42457580566406,148.75621032714844,492.97601318359375,149.56661987304688,439.3916320800781,376.67327880859375,466.6438293457031,410.6552734375,475.0299072265625,377.6229248046875,462.0360412597656,388.0982360839844,476.58782958984375,393.36663818359375,524.3637084960938,393.7094421386719,579.2110595703125,385.8686218261719,624.5711059570312,370.214111328125,635.8548583984375,328.4241027832031,0
1558,214.49301147460938,148.7367706298828,492.94232177734375,149.60748291015625,440.6617126464844,374.9014892578125,464.8149719238281,410.388671875,474.44140625,377.39923095703125,460.90338134765625,386.8414611816406,475.27978515625,392.93756103515625,522.6400146484375,394.0388488769531,577.556640625,386.6963195800781,623.5444946289062,372.8648986816406,635.5467529296875,322.84295654296875,0
1559,214.51039123535156,148.50962829589844,493.0484619140625,149.63258361816406,438.9718017578125,373.18768310546875,462.820556640625,409.3385009765625,473.53271484375,377.3454895019531,459.2671813964844,386.24188232421875,474.43316650390625,392.7409973144531,521.3980102539062,394.6490173339844,576.941162109375,388.2926330566406,622.944091796875,379.29351806640625,636.3723754882812,315.4322814941406,0
1560,214.53909301757812,148.50729370117188,493.0479736328125,149.6318359375,438.9902038574219,373.17041015625,462.7626037597656,409.35595703125,473.5994873046875,377.29254150390625,459.2886962890625,386.2573547363281,474.5409240722656,392.7895202636719,521.397216796875,394.68023681640625,576.8790283203125,388.30633544921875,622.9152221679688,379.3003234863281,636.3742065429688,315.4576110839844,0
1561,214.45980834960938,148.56845092773438,493.0274658203125,149.44129943847656,438.8172607421875,372.8421630859375,455.5337829589844,405.6362609863281,465.8899230957031,373.1575622558594,454.1680603027344,384.15771484375,467.14678955078125,389.5872497558594,517.2249145507812,394.76116943359375,571.9917602539062,391.07867431640625,620.4395751953125,391.5559997558594,645.6717529296875,356.2186584472656,0
1562,214.5498504638672,148.60858154296875,492.8868408203125,149.33909606933594,431.572998046875,367.9264221191406,445.899658203125,405.3363952636719,457.9142761230469,374.31884765625,447.78375244140625,382.2776184082031,458.8463439941406,392.19696044921875,508.5880126953125,399.9091796875,566.5233764648438,399.8804016113281,615.5963745117188,403.14166259765625,639.4237060546875,375.0604248046875,0
1563,214.46148681640625,148.68740844726562,493.00372314453125,149.2958221435547,424.773681640625,374.3736267089844,441.5027770996094,407.4338684082031,452.1655578613281,376.4510803222656,439.02191162109375,384.7201843261719,452.8199768066406,392.40643310546875,504.13214111328125,401.5726623535156,562.3784790039062,402.54150390625,611.8142700195312,409.88134765625,639.1714477539062,381.1678466796875,0
1564,214.41778564453125,148.66587829589844,493.01220703125,149.3715057373047,396.0122985839844,368.9234924316406,418.20086669921875,402.467041015625,426.9261169433594,370.639404296875,415.30548095703125,381.0397644042969,430.62921142578125,388.1427917480469,482.6386413574219,395.41400146484375,544.1654052734375,402.1475524902344,597.4569091796875,419.69329833984375,632.5043334960938,396.88824462890625,0
1565,214.4193115234375,148.66555786132812,493.03057861328125,149.3758087158203,396.0027770996094,368.9313659667969,418.1873474121094,402.48370361328125,426.8944396972656,370.6650085449219,415.28253173828125,381.0311279296875,430.5680236816406,388.14031982421875,482.4329528808594,395.4736633300781,544.1571655273438,402.15625,597.4813232421875,419.68896484375,632.5449829101562,396.816650390625,0
1566,214.4479217529297,148.6122283935547,493.006591796875,149.39968872070312,389.17706298828125,367.4347839355469,407.0761413574219,399.8681945800781,418.52081298828125,368.8016357421875,405.519775390625,378.8387451171875,419.39208984375,385.68701171875,470.97247314453125,391.9620666503906,532.4147338867188,391.58465576171875,583.2994384765625,405.00811767578125,624.5843505859375,394.951904296875,0
1567,214.43060302734375,148.62290954589844,493.1211853027344,149.46151733398438,371.0754699707031,363.5697937011719,392.9674987792969,396.69635009765625,402.5034484863281,363.3404235839844,390.1017761230469,375.835205078125,404.7373046875,381.3948669433594,456.8414001464844,383.6105651855469,519.1122436523438,381.4945068359375,577.856201171875,382.67626953125,619.324462890625,353.0362548828125,0
1568,214.50091552734375,148.72023010253906,493.0557861328125,149.4698944091797,364.2911071777344,363.2048034667969,386.1036682128906,395.7373962402344,394.51434326171875,362.17523193359375,381.8863830566406,373.72998046875,396.5767517089844,378.73138427734375,448.21826171875,384.91259765625,509.2267761230469,388.0649719238281,578.3456420898438,385.3857727050781,616.4526977539062,345.6942443847656,0
1569,214.3185577392578,148.66217041015625,493.1230163574219,149.43978881835938,353.22540283203125,367.8957824707031,374.94476318359375,397.4874267578125,383.734375,364.54974365234375,371.4219665527344,376.5074768066406,386.9217834472656,381.5841979980469,438.8428649902344,388.1019592285156,498.4664306640625,395.4963684082031,558.8140869140625,404.77337646484375,596.84765625,391.1968078613281,0
1570,214.27639770507812,148.71041870117188,492.9796142578125,149.41696166992188,340.5860595703125,371.717041015625,362.9835510253906,401.3202209472656,371.49127197265625,366.9637145996094,360.8957214355469,377.61883544921875,374.7591247558594,384.4549255371094,425.7275695800781,392.4761962890625,485.12652587890625,402.7723083496094,547.2465209960938,419.4435119628906,604.6934814453125,394.7503967285156,0
1571,214.2816619873047,148.53440856933594,493.07049560546875,149.41943359375,318.4337463378906,368.4334411621094,339.02813720703125,399.30126953125,349.4688415527344,367.21063232421875,337.0940246582031,378.343017578125,351.593017578125,385.1812744140625,401.9372253417969,391.69854736328125,466.3020324707031,400.4847412109375,518.0831298828125,433.2115173339844,575.8857421875,434.3502197265625,0
1572,214.28578186035156,148.53846740722656,493.07891845703125,149.4292449951172,318.4259948730469,368.4400939941406,339.0257568359375,399.29815673828125,349.43145751953125,367.2297668457031,337.10247802734375,378.34674072265625,352.51214599609375,385.4144287109375,402.0121765136719,391.71588134765625,466.24859619140625,400.4333190917969,518.0372314453125,433.2267761230469,575.9015502929688,434.3347473144531,0
1573,214.087890625,148.53363037109375,493.06243896484375,149.4328155517578,310.0158386230469,368.5934753417969,327.5135803222656,398.2859191894531,337.1784973144531,366.1087951660156,325.6178894042969,377.1156311035156,339.8550109863281,383.8768005371094,391.2129821777344,390.26922607421875,453.91473388671875,394.3271179199219,503.9208984375,421.37823486328125,551.54052734375,436.02276611328125,0
1574,214.27784729003906,148.7196044921875,493.04327392578125,149.4412841796875,287.9585266113281,365.9748840332031,304.0563049316406,397.0436706542969,313.54193115234375,363.9026794433594,302.69683837890625,375.5157470703125,315.4476013183594,382.31744384765625,363.4981384277344,383.9988708496094,431.25335693359375,380.97589111328125,487.3035888671875,405.530517578125,544.2382202148438,421.9985046386719,0
1575,214.35946655273438,148.58766174316406,493.1014404296875,149.41836547851562,272.2820129394531,372.6081848144531,291.0893249511719,400.5853271484375,296.2780456542969,367.2638854980469,287.382568359375,378.8085021972656,301.9884338378906,383.1100158691406,352.74627685546875,383.36566162109375,416.5945129394531,382.99786376953125,465.5340270996094,396.81884765625,502.45880126953125,406.8789978027344,0
1576,214.35958862304688,148.6631317138672,493.131103515625,149.5486602783203,248.90402221679688,376.8585205078125,264.9348449707031,409.7381591796875,271.2181396484375,376.7850036621094,261.8652038574219,387.8502197265625,274.75482177734375,394.01202392578125,326.5481262207031,396.7363586425781,391.88336181640625,396.301513671875,451.8677673339844,411.18060302734375,511.01800537109375,410.09075927734375,0
1577,214.3592529296875,148.66641235351562,493.1312255859375,149.5509033203125,248.90109252929688,376.88134765625,264.9364929199219,409.7469177246094,271.22918701171875,376.78521728515625,261.8446350097656,387.8739013671875,274.7440490722656,394.0351257324219,326.4146423339844,396.6299133300781,391.8645324707031,396.2843933105469,451.8680419921875,411.18145751953125,510.9820556640625,410.0743408203125,0
1578,214.41331481933594,148.6231689453125,493.0431823730469,149.44671630859375,232.46963500976562,376.7001647949219,251.8471221923828,408.0455322265625,258.7886962890625,375.158447265625,248.04782104492188,385.9600524902344,261.3081359863281,392.17767333984375,312.70257568359375,397.2043762207031,378.9587707519531,398.6659851074219,426.1825866699219,421.7797546386719,470.06280517578125,432.15899658203125,0
1579,214.38818359375,148.70773315429688,493.1058654785156,149.47227478027344,200.39395141601562,370.9225769042969,220.4071044921875,401.86865234375,230.79000854492188,368.7452392578125,219.31092834472656,378.4290771484375,232.0812530517578,385.4544372558594,279.6856689453125,393.17340087890625,349.48687744140625,391.6930236816406,399.83612060546875,415.336181640625,439.6228332519531,432.75738525390625,0
1580,214.43641662597656,148.59121704101562,493.0438232421875,149.51480102539062,188.0218963623047,370.9637145996094,209.78445434570312,399.160888671875,219.89376831054688,366.6712341308594,207.41110229492188,378.4356689453125,222.2259521484375,383.162841796875,269.4122619628906,388.7403869628906,334.0597839355469,385.6130676269531,387.90966796875,410.5329895019531,449.205078125,430.8145751953125,0
1581,214.44712829589844,148.6896514892578,493.09716796875,149.41749572753906,160.32473754882812,377.3119812011719,189.10012817382812,402.3955383300781,194.08367919921875,367.8109436035156,183.79937744140625,380.6571350097656,197.46934509277344,383.3795166015625,248.81163024902344,385.13787841796875,310.781982421875,387.5747985839844,368.89105224609375,401.2765808105469,415.3760986328125,405.7684326171875,0
1582,214.45033264160156,148.6864471435547,493.116455078125,149.41383361816406,160.32028198242188,377.3065490722656,189.09376525878906,402.3973083496094,194.1004638671875,367.80535888671875,183.81570434570312,380.6601867675781,197.48182678222656,383.38348388671875,248.82765197753906,385.1475524902344,310.8050842285156,387.5811767578125,368.9653625488281,401.28900146484375,415.3945617675781,405.7717590332031,0
1583,214.42178344726562,148.6902618408203,492.99932861328125,149.4058837890625,152.55259704589844,376.4079895019531,177.47683715820312,401.6044616699219,184.62017822265625,366.6058349609375,174.5817413330078,379.9203186035156,187.8065643310547,383.4419250488281,237.56935119628906,387.0903015136719,296.98779296875,394.150634765625,363.35888671875,407.2845764160156,420.1025695800781,403.3525695800781,0
1584,214.4061737060547,148.73123168945312,493.1282653808594,149.5044708251953,135.36537170410156,375.8615417480469,162.32884216308594,402.8919982910156,171.13865661621094,367.10223388671875,158.8541717529297,381.5736389160156,174.74319458007812,385.6518249511719,223.8878631591797,390.704345703125,283.66558837890625,392.1402282714844,329.03485107421875,418.59136962890625,368.2175598144531,434.61212158203125,0
1585,214.4580078125,148.79193115234375,493.015380859375,149.50521850585938,131.8651885986328,376.0198059082031,158.05445861816406,402.23291015625,166.75717163085938,367.3461608886719,154.88311767578125,380.3130798339844,168.94839477539062,384.85296630859375,216.5258026123047,387.8029479980469,278.2105407714844,389.12042236328125,327.4883728027344,412.0514221191406,371.16168212890625,428.5426940917969,0
1586,214.4769287109375,148.8377227783203,493.1136779785156,149.5555419921875,120.86968994140625,376.95123291015625,153.0743865966797,398.87872314453125,157.27243041992188,364.1230773925781,144.363525390625,379.0790100097656,160.5321807861328,381.4308776855469,210.8418731689453,379.4499816894531,269.5653076171875,376.7787170410156,326.77947998046875,399.5861511230469,384.63018798828125,412.0729064941406,0
1587,214.47314453125,148.83749389648438,493.1249084472656,149.5586395263672,120.87127685546875,376.949462890625,153.07383728027344,398.87939453125,157.2708282470703,364.1234436035156,144.36236572265625,379.078857421875,160.53024291992188,381.4305725097656,210.84002685546875,379.4493713378906,269.55816650390625,376.7823791503906,326.7500915527344,399.5874328613281,384.6208801269531,412.0716247558594,0
1588,214.43727111816406,148.8121337890625,493.14892578125,149.5678253173828,125.7312240600586,374.435546875,148.0657501220703,397.262451171875,153.6411895751953,363.6570739746094,142.79209899902344,378.1426696777344,156.0811767578125,380.62237548828125,205.89231872558594,378.4291076660156,263.9898376464844,379.9187316894531,319.43450927734375,400.33453369140625,377.38055419921875,410.8084411621094,0
1589,214.4288787841797,148.74453735351562,493.0816955566406,149.6162567138672,118.97883605957031,373.0274353027344,146.320556640625,397.4068908691406,152.6715087890625,364.9534912109375,141.00762939453125,376.9850158691406,155.30992126464844,380.3468322753906,203.8483123779297,378.775146484375,261.648193359375,380.7884826660156,318.55712890625,400.8835754394531,379.8114318847656,412.7534484863281,0
1590,214.49783325195312,148.7838134765625,493.1104431152344,149.55181884765625,114.8802490234375,374.6394348144531,143.80105590820312,398.18756103515625,150.00531005859375,364.9465026855469,138.02157592773438,376.9521484375,152.7057342529297,381.2197570800781,200.62347412109375,381.2693176269531,258.6155090332031,383.1596374511719,318.2107238769531,403.2958984375,376.86712646484375,418.9580993652344,0
1591,214.50697326660156,148.52976989746094,493.19342041015625,149.57644653320312,105.03022003173828,389.25335693359375,141.87013244628906,409.7843933105469,146.19573974609375,375.40936279296875,130.94068908691406,390.4139099121094,147.72055053710938,390.09130859375,198.13082885742188,389.53961181640625,252.93917846679688,389.6962890625,307.5716857910156,415.1690673828125,357.9585876464844,431.4743347167969,0
1592,214.5063018798828,148.5284423828125,493.1728820800781,149.5901336669922,105.0577621459961,389.27886962890625,141.8499298095703,409.7714538574219,146.21463012695312,375.39031982421875,130.96432495117188,390.4288635253906,147.69793701171875,390.1054992675781,198.0331268310547,389.6522521972656,252.95758056640625,389.7000732421875,307.5758972167969,415.16290283203125,357.9893493652344,431.4845275878906,0
1593,214.37667846679688,148.66160583496094,493.1816711425781,149.50088500976562,99.25740814208984,393.11065673828125,137.42617797851562,414.7010192871094,141.09361267089844,379.7303466796875,127.16669464111328,393.5914001464844,144.70643615722656,395.8184509277344,194.50308227539062,393.27044677734375,249.4015350341797,392.0320739746094,297.5977478027344,417.17889404296875,339.5882873535156,434.0596923828125,0
1594,214.42088317871094,148.7188262939453,493.17431640625,149.5210723876953,89.52824401855469,403.72113037109375,132.22845458984375,420.85968017578125,133.51547241210938,383.5679626464844,121.44863891601562,398.7431945800781,136.50387573242188,400.19317626953125,184.8665008544922,393.7398681640625,243.5742950439453,391.6748046875,286.30755615234375,415.7068786621094,320.99200439453125,432.4368591308594,0
1595,214.547119140625,148.5548553466797,493.05865478515625,149.4536590576172,85.84967041015625,405.89654541015625,128.24468994140625,422.9994812011719,129.73854064941406,385.7757568359375,113.62716674804688,402.6469421386719,130.86671447753906,401.0396423339844,182.92030334472656,392.6193542480469,241.16183471679688,385.1031799316406,290.14935302734375,409.9790344238281,330.5118713378906,427.2419128417969,0
1596,214.55763244628906,148.57180786132812,493.0326232910156,149.47576904296875,85.81700897216797,405.8937072753906,128.2222900390625,422.9866943359375,129.73341369628906,385.7884826660156,113.57434844970703,402.64239501953125,130.821044921875,401.0705261230469,182.9010772705078,392.62677001953125,241.1698455810547,385.0843811035156,290.1502990722656,410.0154724121094,330.64935302734375,427.2668151855469,0
1597,214.52137756347656,148.5799102783203,493.0345153808594,149.454833984375,78.41289520263672,407.6192626953125,122.32081604003906,421.277587890625,119.70855712890625,383.47064208984375,106.39557647705078,401.6180114746094,124.36707305908203,400.4393005371094,172.25189208984375,384.6780700683594,233.30935668945312,372.77581787109375,290.0682678222656,379.8720397949219,339.0766906738281,391.4153747558594,0
1598,214.6530303955078,148.63214111328125,493.0077209472656,149.40892028808594,72.7147216796875,406.54180908203125,115.8651123046875,421.3254089355469,114.4610824584961,385.2540588378906,100.4676742553711,401.5429382324219,117.2721176147461,400.7950134277344,168.2841033935547,384.54315185546875,226.30596923828125,375.0090637207031,287.3211975097656,381.23968505859375,344.2687683105469,385.3601379394531,0
1599,214.46121215820312,148.5105743408203,493.0538330078125,149.3119354248047,66.40778350830078,410.75341796875,109.5551528930664,426.0699157714844,108.54222106933594,389.06805419921875,94.27056884765625,406.6509094238281,110.93438720703125,406.56756591796875,159.1049041748047,395.1473083496094,216.12384033203125,390.5229797363281,260.7121887207031,412.5625305175781,294.4725341796875,430.8760986328125,0
1600,214.44088745117188,148.49615478515625,493.0016784667969,149.35877990722656,66.40719604492188,410.7535400390625,109.5509262084961,426.0691833496094,108.54243469238281,389.067138671875,94.27314758300781,406.6526794433594,110.94011688232422,406.5671081542969,159.08657836914062,395.1509704589844,216.1162567138672,390.51556396484375,260.6450500488281,412.529296875,294.2526550292969,430.84967041015625,0
1601,214.29083251953125,148.59742736816406,492.9625549316406,149.33348083496094,70.02019500732422,411.900146484375,111.02626037597656,426.36895751953125,111.29175567626953,389.2230224609375,97.1497802734375,408.14984130859375,113.55447387695312,407.03271484375,161.32666015625,395.2948303222656,215.93919372558594,390.27874755859375,257.77044677734375,413.0520935058594,288.2784423828125,432.0176696777344,0
1602,214.2676544189453,148.66212463378906,493.010986328125,149.30422973632812,78.49781799316406,413.0108642578125,119.73306274414062,425.01971435546875,119.04010772705078,388.3702087402344,104.98431396484375,407.9844665527344,121.79232788085938,405.9570007324219,166.70066833496094,394.25518798828125,220.41024780273438,389.7549743652344,262.820068359375,412.85565185546875,294.10125732421875,430.85772705078125,0
1603,214.42771911621094,148.727783203125,493.1107482910156,149.35855102539062,83.45226287841797,413.31329345703125,126.0715103149414,426.94183349609375,123.56586456298828,389.0027160644531,110.74087524414062,408.33294677734375,126.99932861328125,407.7595520019531,168.38748168945312,394.8614196777344,222.1549835205078,389.40545654296875,266.0734558105469,411.93927001953125,298.1719665527344,431.2845458984375,0
1604,214.5430450439453,148.7171173095703,493.01947021484375,149.3597412109375,86.5794906616211,413.1968994140625,128.78504943847656,426.65557861328125,128.01980590820312,389.3280944824219,114.62872314453125,408.4283752441406,129.37258911132812,408.01641845703125,171.27938842773438,396.886474609375,224.95652770996094,391.38287353515625,269.84954833984375,414.22515869140625,303.9851989746094,432.1492004394531,0
1605,214.6106719970703,148.63153076171875,492.9925537109375,149.3318328857422,88.66161346435547,412.7934265136719,131.50946044921875,426.2878723144531,131.0330810546875,389.28765869140625,117.52662658691406,408.3480529785156,131.76400756835938,407.456787109375,173.63250732421875,396.8418273925781,226.7283935546875,393.2574462890625,272.00897216796875,419.29083251953125,309.4649353027344,439.5192565917969,0
1606,214.60179138183594,148.6268768310547,493.017822265625,149.3733673095703,88.56455993652344,412.6617126464844,131.52651977539062,426.2585144042969,131.26388549804688,389.36358642578125,117.47661590576172,408.3475646972656,132.00265502929688,407.4660949707031,173.6469268798828,396.6808166503906,226.7249298095703,393.2642517089844,272.0662841796875,419.3343200683594,309.4307861328125,439.4556884765625,0
1607,214.59019470214844,148.4098663330078,493.0484619140625,149.3495635986328,89.7145004272461,415.1584167480469,135.3884735107422,427.3428955078125,133.9633331298828,390.1793212890625,119.77967071533203,409.14495849609375,136.12574768066406,407.5227966308594,174.26742553710938,395.4053649902344,226.5396728515625,393.2013244628906,272.7252197265625,420.3498840332031,320.92852783203125,449.06475830078125,0
1608,214.52847290039062,148.51602172851562,493.0758361816406,149.36459350585938,90.47381591796875,418.5821533203125,136.66795349121094,429.2745056152344,134.62986755371094,391.3348083496094,123.42784118652344,409.375732421875,138.07205200195312,408.5366516113281,175.5950927734375,394.8536682128906,226.84080505371094,391.5432434082031,272.4299621582031,418.35943603515625,325.94378662109375,450.03240966796875,0
1609,214.40333557128906,148.7261199951172,493.0858459472656,149.41018676757812,98.34178161621094,411.16973876953125,142.74462890625,430.759033203125,143.8105926513672,392.85504150390625,129.16152954101562,410.8056335449219,144.01600646972656,411.53167724609375,180.63670349121094,399.1087646484375,224.91281127929688,390.33355712890625,270.533935546875,412.0424499511719,301.8227233886719,432.41595458984375,0
1610,214.42202758789062,148.70652770996094,493.0908508300781,149.4781494140625,100.28823852539062,406.6693420410156,142.15150451660156,431.0995788574219,146.96060180664062,391.3321533203125,129.3448028564453,409.30108642578125,146.28565979003906,410.75146484375,182.2195587158203,399.913330078125,224.90977478027344,390.4339294433594,270.93963623046875,411.82061767578125,302.402099609375,432.4237976074219,0
1611,214.43357849121094,148.62454223632812,493.12091064453125,149.41192626953125,100.50585174560547,403.09130859375,142.5170440673828,428.4978332519531,148.25079345703125,389.128662109375,130.27703857421875,407.6072998046875,147.71429443359375,408.8047180175781,182.3511962890625,401.552490234375,224.83853149414062,390.6059875488281,275.2898864746094,412.53466796875,325.36737060546875,434.4558410644531,0
1612,214.43772888183594,148.6256866455078,493.1297607421875,149.46380615234375,100.50682067871094,403.1045837402344,142.53329467773438,428.4752197265625,148.24569702148438,389.12103271484375,130.2619171142578,407.5981750488281,147.7233428955078,408.7640686035156,182.3470001220703,401.5584411621094,224.86734008789062,390.592529296875,275.4510498046875,412.550048828125,325.29364013671875,434.4244384765625,0
1613,214.48941040039062,148.50479125976562,492.999267578125,149.5293426513672,98.50127410888672,401.1986999511719,142.1248321533203,426.7613220214844,147.66770935058594,387.0696716308594,129.2892303466797,405.6175842285156,145.0095672607422,407.2709045410156,182.53189086914062,401.6941833496094,224.3537139892578,390.9138488769531,278.3695068359375,413.03973388671875,337.3848571777344,434.4020080566406,0
1614,214.49835205078125,148.40357971191406,493.0644226074219,149.5103759765625,104.5201644897461,387.72705078125,137.73745727539062,424.4621887207031,151.5329132080078,385.1162109375,133.79627990722656,400.1636047363281,146.64102172851562,404.6319274902344,182.0727996826172,401.2444763183594,221.92453002929688,390.6253967285156,275.92572021484375,412.60369873046875,330.20098876953125,434.5623474121094,0
1615,214.52545166015625,148.39822387695312,493.07904052734375,149.5749053955078,104.50447082519531,387.75067138671875,137.6748809814453,424.42340087890625,151.5305633544922,385.14288330078125,133.73361206054688,400.1541748046875,146.5366973876953,404.55401611328125,181.78964233398438,401.4900817871094,221.97059631347656,390.5753479003906,275.87261962890625,412.5736389160156,330.45782470703125,434.4228515625,0
1616,214.58775329589844,148.4016571044922,493.0207214355469,149.5738525390625,104.62358856201172,384.37353515625,139.02586364746094,421.3743896484375,152.2080078125,382.4148864746094,133.96617126464844,394.58648681640625,147.99795532226562,401.32513427734375,182.2813262939453,401.7395935058594,221.24929809570312,390.9823303222656,275.00970458984375,413.4757995605469,329.9907531738281,435.1705322265625,0
1617,214.46844482421875,148.45091247558594,493.07366943359375,149.6036834716797,107.76580047607422,376.82647705078125,138.3298797607422,415.3546447753906,155.833740234375,378.3087463378906,134.7797088623047,390.4867248535156,151.60533142089844,397.0159606933594,182.97421264648438,399.89404296875,220.12216186523438,391.1867370605469,276.4667663574219,416.7098083496094,330.1486511230469,435.14251708984375,0
1618,214.46630859375,148.5387420654297,492.978515625,149.56289672851562,108.3819351196289,376.8637390136719,138.02838134765625,413.73309326171875,156.15220642089844,378.3091125488281,135.12684631347656,390.3940124511719,151.99684143066406,397.0462951660156,182.5453338623047,399.666748046875,219.82786560058594,391.3080749511719,271.4855041503906,415.1925964355469,328.4405517578125,434.65289306640625,0
1619,214.35060119628906,148.67706298828125,493.1128845214844,149.53414916992188,108.97076416015625,377.7161560058594,139.61048889160156,413.8145446777344,156.10154724121094,377.0761413574219,135.86424255371094,390.1504821777344,151.1883087158203,395.91180419921875,182.71913146972656,399.0788269042969,219.19664001464844,391.448486328125,274.4422607421875,417.186279296875,328.7176513671875,435.3571472167969,0
1620,214.41188049316406,148.567626953125,493.1240539550781,149.59181213378906,109.61747741699219,379.15264892578125,140.4488983154297,414.2143249511719,157.09063720703125,377.4627685546875,136.9115447998047,391.03057861328125,152.4695587158203,396.7430419921875,183.36505126953125,398.5489196777344,218.9190216064453,391.53387451171875,273.7143859863281,417.8378601074219,327.9874572753906,435.2216491699219,0
1621,214.4288330078125,148.57708740234375,493.2383728027344,149.5893096923828,113.62897491455078,379.78826904296875,144.9745635986328,414.4971923828125,161.1405487060547,376.60186767578125,142.61355590820312,392.40875244140625,158.40643310546875,398.6169128417969,182.92117309570312,397.9187316894531,219.12013244628906,391.40716552734375,274.111083984375,416.9107360839844,327.2925720214844,435.66754150390625,0
1622,214.4306640625,148.5727081298828,493.2278137207031,149.57481384277344,113.75623321533203,379.8412780761719,144.93443298339844,414.5586853027344,161.17007446289062,376.57147216796875,142.6210174560547,392.5198059082031,158.44541931152344,398.629150390625,182.92234802246094,397.9395446777344,219.11387634277344,391.3984069824219,274.0910949707031,416.9025573730469,327.5507507324219,435.63299560546875,0
1623,214.419189453125,148.46197509765625,493.1323547363281,149.4459991455078,114.58169555664062,377.326416015625,144.37876892089844,413.4496154785156,161.21487426757812,375.6791687011719,141.9405517578125,389.7754821777344,156.80357360839844,396.6542663574219,185.01577758789062,396.7684020996094,219.35020446777344,391.46710205078125,274.11993408203125,417.2417297363281,328.1100769042969,435.79345703125,0
1624,214.46701049804688,148.5626678466797,493.0574035644531,149.52291870117188,119.6119613647461,372.71441650390625,144.9580078125,410.3448486328125,163.6918182373047,374.13311767578125,142.37771606445312,387.0575866699219,157.47955322265625,395.34814453125,185.67770385742188,398.5450744628906,220.442626953125,392.3209228515625,274.2053527832031,417.1127014160156,328.28448486328125,435.40179443359375,0
1625,214.4065399169922,148.48452758789062,493.0997009277344,149.5767059326172,121.75751495361328,370.0948486328125,144.6193389892578,409.61993408203125,166.05384826660156,374.5660400390625,143.89321899414062,386.16412353515625,158.11468505859375,394.979248046875,185.21844482421875,398.6627502441406,220.37802124023438,392.2861328125,274.21453857421875,417.1819152832031,327.53558349609375,435.7943420410156,0
1626,214.43431091308594,148.48114013671875,493.1107482910156,149.4701385498047,125.84741973876953,368.06500244140625,143.427001953125,409.5660400390625,169.75218200683594,375.11907958984375,145.9128875732422,384.8772277832031,158.355224609375,394.4805603027344,185.05030822753906,399.8874816894531,220.3492431640625,392.2999267578125,275.4307556152344,417.76995849609375,329.0541687011719,436.0149841308594,0
1627,214.4335479736328,148.47801208496094,493.1061706542969,149.4440155029297,125.82691192626953,368.0948486328125,143.43614196777344,409.57501220703125,169.7670440673828,375.132080078125,145.9144287109375,384.88287353515625,158.36692810058594,394.48468017578125,185.08041381835938,399.8852233886719,220.3469696044922,392.3011779785156,275.37396240234375,417.767578125,329.0321044921875,436.0020446777344,0
1628,214.34857177734375,148.53167724609375,493.03704833984375,149.48974609375,125.49739074707031,364.4211730957031,143.7959442138672,408.99774169921875,170.14537048339844,373.6656799316406,146.65457153320312,383.40069580078125,159.09507751464844,393.8199462890625,185.1417694091797,399.6470031738281,220.3731689453125,392.35369873046875,274.6781311035156,417.7211608886719,328.78985595703125,435.880615234375,0
1629,214.36935424804688,148.48854064941406,493.2145080566406,149.4901885986328,121.96121978759766,360.2980041503906,141.00680541992188,405.9655456542969,166.03448486328125,372.5028381347656,142.90635681152344,380.49560546875,155.26364135742188,392.389892578125,183.86669921875,399.03192138671875,220.36572265625,392.6236267089844,273.42108154296875,417.3067626953125,326.78192138671875,435.5086975097656,0
1630,214.44195556640625,148.4927978515625,492.99981689453125,149.4141082763672,120.83880615234375,361.7698669433594,140.08645629882812,406.14520263671875,164.574462890625,371.8838806152344,142.3345489501953,381.2878723144531,153.98971557617188,392.191650390625,183.3246612548828,398.86553955078125,220.45278930664062,393.0666809082031,274.19970703125,418.48040771484375,327.7653503417969,435.6141052246094,0
1631,214.40113830566406,148.4250030517578,492.9956970214844,149.58062744140625,123.74701690673828,364.24420166015625,141.36412048339844,407.2928771972656,167.48248291015625,373.5580139160156,143.8967742919922,382.0755615234375,155.80105590820312,393.69793701171875,183.8250274658203,399.7207336425781,220.36135864257812,393.0767517089844,273.8912048339844,418.2610168457031,326.2377014160156,435.5187683105469,0
1632,214.4014434814453,148.43064880371094,492.9889221191406,149.5896453857422,123.75115966796875,364.2466125488281,141.3633270263672,407.2906799316406,167.46417236328125,373.55804443359375,143.90234375,382.0652770996094,155.83596801757812,393.700927734375,183.81365966796875,399.70556640625,220.36447143554688,393.10516357421875,273.919189453125,418.2741394042969,326.45819091796875,435.5072326660156,0
1633,214.3513641357422,148.58876037597656,492.9399108886719,149.55555725097656,125.43128967285156,363.19512939453125,142.14442443847656,407.1224365234375,167.7570343017578,372.74249267578125,145.04273986816406,381.6477355957031,156.8647003173828,393.3948974609375,184.23484802246094,399.7568664550781,220.0948028564453,393.01263427734375,274.1131896972656,418.68212890625,328.69580078125,435.6238098144531,0
1634,214.41073608398438,148.63485717773438,492.9471740722656,149.5771942138672,125.30158233642578,358.46331787109375,141.75625610351562,403.212646484375,167.63079833984375,370.75653076171875,144.62734985351562,378.6739501953125,157.10531616210938,390.8724365234375,184.11859130859375,399.3949279785156,220.5858154296875,393.4136657714844,274.0010070800781,418.8167724609375,326.5628662109375,435.4382629394531,0
1635,214.5321044921875,148.54861450195312,493.1132507324219,149.47598266601562,124.51329040527344,352.5373840332031,140.18191528320312,401.1119079589844,167.99346923828125,370.7326354980469,142.8484344482422,377.7284240722656,155.8737030029297,389.3739929199219,183.60902404785156,400.4317932128906,220.7461700439453,394.72076416015625,275.3329772949219,419.4085693359375,328.7812194824219,435.7028503417969,0
1636,214.5588836669922,148.4996795654297,493.0045471191406,149.5523223876953,133.07078552246094,344.26239013671875,139.07601928710938,393.9056091308594,167.6422576904297,368.333251953125,145.2570343017578,372.4605712890625,156.29940795898438,386.3986511230469,183.81947326660156,403.06072998046875,223.77154541015625,397.6463317871094,275.64288330078125,422.156494140625,323.4977111816406,434.9786071777344,0
1637,214.56312561035156,148.49172973632812,493.03289794921875,149.51467895507812,133.05133056640625,344.23907470703125,139.05348205566406,393.9548034667969,167.5172119140625,368.5137939453125,145.07498168945312,372.5392761230469,156.2723846435547,386.6552734375,183.96243286132812,403.0944519042969,223.7991943359375,397.68353271484375,275.6614990234375,422.1636657714844,323.52703857421875,434.9339599609375,0
1638,214.7338409423828,148.4903564453125,492.9999694824219,149.5753173828125,135.2552032470703,339.58221435546875,140.42800903320312,391.43963623046875,169.84510803222656,366.6591491699219,147.11241149902344,369.161376953125,157.2520294189453,383.97705078125,183.94528198242188,403.26556396484375,224.70887756347656,398.9079895019531,275.5105895996094,423.0780944824219,322.317138671875,434.3787536621094,0
1639,214.50390625,148.4072723388672,492.9950256347656,149.49789428710938,134.66639709472656,337.8926696777344,139.64942932128906,385.22711181640625,168.26138305664062,361.80010986328125,146.7800750732422,364.32281494140625,157.78497314453125,378.68304443359375,185.4833526611328,399.10821533203125,225.6504669189453,401.4999084472656,278.6631774902344,425.60333251953125,329.3814697265625,435.82855224609375,0
1640,214.5904083251953,148.5691375732422,493.01202392578125,149.5264129638672,136.17822265625,334.71356201171875,139.5178985595703,382.2452697753906,167.5079345703125,360.47186279296875,145.997314453125,362.2202453613281,157.46786499023438,376.2100524902344,184.8636016845703,396.3019104003906,225.8272705078125,401.8374328613281,279.1307373046875,425.745849609375,331.4102478027344,435.94061279296875,0
1641,214.4524688720703,148.71343994140625,493.06695556640625,149.4845428466797,136.5352020263672,328.8882141113281,138.16844177246094,377.3348083496094,166.90155029296875,356.874267578125,145.8571319580078,356.9752502441406,155.3354034423828,371.78948974609375,182.9188232421875,394.2669982910156,225.82489013671875,403.36163330078125,278.8797912597656,426.7856140136719,328.90887451171875,435.3424987792969,0
1642,214.45835876464844,148.71670532226562,493.08111572265625,149.48269653320312,136.525634765625,328.88275146484375,138.16336059570312,377.3387145996094,166.90330505371094,356.8810729980469,145.8670654296875,356.9828796386719,155.33831787109375,371.7797546386719,182.9210968017578,394.2846984863281,225.82171630859375,403.3511657714844,278.8055114746094,426.7134704589844,329.2506408691406,435.3178405761719,0
1643,214.4722442626953,148.74795532226562,493.00238037109375,149.4938507080078,139.3641815185547,328.7041320800781,137.18618774414062,376.10491943359375,166.28790283203125,356.7276916503906,146.06532287597656,356.28509521484375,154.7113494873047,371.3028564453125,182.1524658203125,394.1027526855469,225.328369140625,404.0600280761719,278.10589599609375,427.8171691894531,329.7267150878906,435.6661071777344,0
1644,214.39772033691406,148.65097045898438,493.0924072265625,149.386962890625,146.83021545410156,329.5599060058594,133.8485107421875,370.0676574707031,165.29994201660156,355.5902404785156,147.23382568359375,353.7119140625,152.40255737304688,368.3353576660156,180.02064514160156,393.0871276855469,225.84161376953125,404.0867614746094,278.4820556640625,427.715087890625,326.8277587890625,435.33880615234375,0
1645,214.52993774414062,148.76319885253906,493.0481262207031,149.36656188964844,152.6822052001953,327.3348083496094,132.69195556640625,365.6490478515625,164.63917541503906,353.9559326171875,148.2400360107422,350.1220703125,151.37982177734375,367.0516662597656,178.2276153564453,392.6836853027344,226.19760131835938,404.2070617675781,279.0993957519531,427.7192077636719,330.2705383300781,435.6654052734375,0
1646,214.30709838867188,148.68789672851562,493.0420837402344,149.41046142578125,155.96237182617188,318.43609619140625,132.43856811523438,354.5582580566406,165.05545043945312,347.302734375,149.6326446533203,342.593505859375,150.29281616210938,358.3369140625,174.8604736328125,390.15948486328125,225.46656799316406,405.0912170410156,279.7390441894531,427.79486083984375,331.1063232421875,435.0720520019531,0
1647,214.4644012451172,148.5443878173828,493.1282958984375,149.28318786621094,155.40771484375,310.34619140625,132.9950408935547,348.06005859375,166.1277313232422,342.870849609375,149.53041076660156,334.7540588378906,150.4352264404297,352.548828125,172.20346069335938,386.3710021972656,224.55206298828125,405.861572265625,278.94915771484375,426.6355285644531,332.14654541015625,433.08306884765625,0
1648,214.37896728515625,148.69076538085938,493.28741455078125,149.31350708007812,157.27957153320312,303.81689453125,134.40603637695312,339.8652648925781,167.85653686523438,336.1201171875,151.51710510253906,329.3431091308594,151.7855224609375,345.5223388671875,170.57492065429688,382.43896484375,220.14002990722656,405.9891052246094,277.904541015625,428.82354736328125,335.75726318359375,429.1344299316406,0
1649,214.54710388183594,148.7455291748047,493.1869201660156,149.38247680664062,154.6497039794922,294.6884460449219,133.4578857421875,333.2978820800781,166.70846557617188,329.0365295410156,149.84457397460938,320.2337951660156,150.5609588623047,336.8669738769531,168.44288635253906,376.89154052734375,215.2782440185547,406.01934814453125,272.62310791015625,430.648681640625,340.09765625,427.81207275390625,0
1650,214.31976318359375,148.76956176757812,493.09552001953125,149.46665954589844,146.10491943359375,274.6637878417969,126.0084228515625,311.67291259765625,158.4754638671875,309.7197570800781,142.14926147460938,299.03826904296875,142.69500732421875,317.0815124511719,159.3447723388672,362.6004638671875,199.9373016357422,405.2314453125,241.763427734375,434.13726806640625,287.34954833984375,442.5158386230469,0
1651,214.32591247558594,148.7735595703125,493.0841064453125,149.61605834960938,146.1281280517578,274.6632995605469,126.05457305908203,311.51019287109375,158.46475219726562,309.6249694824219,142.2231903076172,298.9627990722656,142.70486450195312,316.7528076171875,159.63551330566406,362.4095458984375,199.9626007080078,405.27264404296875,241.73934936523438,434.13165283203125,287.3379821777344,442.51629638671875,0
1652,214.30850219726562,148.75955200195312,493.1519775390625,149.58560180664062,142.53109741210938,268.24395751953125,122.64618682861328,305.86041259765625,155.1674041748047,302.10748291015625,139.50941467285156,294.48004150390625,140.43067932128906,311.77716064453125,154.4487762451172,354.2669982910156,191.47373962402344,402.706787109375,231.94285583496094,434.5460510253906,276.72882080078125,444.0220031738281,0
1653,214.4325408935547,148.68153381347656,493.06268310546875,149.58920288085938,132.63218688964844,257.2923278808594,114.37293243408203,297.11322021484375,148.78244018554688,292.6451416015625,130.79791259765625,283.76239013671875,131.67236328125,301.3785705566406,145.854248046875,344.8294677734375,171.60838317871094,399.2916259765625,207.53392028808594,435.5632019042969,258.01153564453125,449.7351989746094,0
1654,214.4451141357422,148.6099395751953,493.1669921875,149.6649169921875,128.12608337402344,249.71664428710938,108.27748107910156,288.9403381347656,142.25343322753906,286.2341613769531,125.3004379272461,277.538818359375,125.86861419677734,296.201416015625,138.97386169433594,341.8097229003906,162.99102783203125,397.0899963378906,196.44586181640625,439.0092468261719,252.22813415527344,455.7401123046875,0
1655,214.263671875,148.61831665039062,493.2486267089844,149.6125030517578,120.78791809082031,234.77484130859375,102.6227035522461,272.5147705078125,134.8199462890625,268.2586669921875,117.52790832519531,261.3293151855469,119.20108032226562,277.7957763671875,133.05218505859375,323.8794860839844,153.36346435546875,382.5796813964844,161.81784057617188,427.8103942871094,195.65866088867188,454.0918884277344,0
1656,214.2626953125,148.6182861328125,493.2289123535156,149.64353942871094,120.78783416748047,234.77410888671875,102.62479400634766,272.5133056640625,134.8254852294922,268.26470947265625,117.52730560302734,261.32940673828125,119.20672607421875,277.8194885253906,133.12747192382812,324.0691223144531,153.35850524902344,382.6014709472656,161.820556640625,427.8322448730469,195.65631103515625,454.08856201171875,0
1657,214.48086547851562,148.61727905273438,493.18634033203125,149.55430603027344,119.77793884277344,224.03604125976562,100.17784881591797,262.42681884765625,132.47662353515625,259.3831787109375,115.16033172607422,250.57652282714844,116.00836181640625,269.35150146484375,131.4013214111328,314.76312255859375,156.73764038085938,369.8704833984375,165.9158172607422,416.0464782714844,197.42327880859375,450.2612609863281,0
1658,214.38058471679688,148.64503479003906,493.1815490722656,149.47171020507812,116.22220611572266,202.53758239746094,94.39006042480469,241.1048583984375,126.54934692382812,239.37142944335938,111.16509246826172,229.32623291015625,111.91960906982422,248.7458038330078,128.0794219970703,295.1517639160156,160.66905212402344,343.3888244628906,175.18528747558594,393.9901123046875,214.53416442871094,424.7330627441406,0
1659,214.2496337890625,148.6933135986328,493.2497863769531,149.49803161621094,113.37715148925781,193.78125,92.81954193115234,234.3489532470703,126.07261657714844,232.06361389160156,111.45631408691406,222.267333984375,110.21725463867188,240.3003692626953,127.37193298339844,284.12237548828125,161.18148803710938,332.6453857421875,181.36431884765625,380.2073059082031,208.00709533691406,411.44073486328125,0
1660,214.4213104248047,148.65802001953125,493.0615539550781,149.29962158203125,112.05741882324219,188.3291015625,92.38182830810547,229.62014770507812,125.1356430053711,226.5210723876953,110.18616485595703,217.04461669921875,109.55524444580078,235.65892028808594,124.44939422607422,280.4833068847656,153.37667846679688,330.2349853515625,178.19281005859375,379.4742126464844,234.63148498535156,406.4976501464844,0
1661,214.34136962890625,148.72622680664062,493.0755310058594,149.2171173095703,107.92393493652344,183.5432891845703,85.18599700927734,224.32870483398438,120.04508209228516,224.82518005371094,102.4107437133789,213.47689819335938,100.95111083984375,231.23341369628906,115.7971420288086,275.3171081542969,138.93946838378906,324.4559631347656,159.29420471191406,382.5355529785156,210.01683044433594,415.0487060546875,0
1662,214.33392333984375,148.69454956054688,493.0086364746094,149.19371032714844,107.9377212524414,183.5325469970703,85.18172454833984,224.35317993164062,120.04364013671875,224.8254852294922,102.41947937011719,213.46775817871094,100.94678497314453,231.23788452148438,115.76087188720703,275.3062744140625,138.93328857421875,324.4524841308594,159.27577209472656,382.58294677734375,209.98646545410156,415.0567932128906,0
1663,214.3415069580078,148.82608032226562,492.9586486816406,149.26405334472656,104.98656463623047,183.35833740234375,81.1803970336914,224.22222900390625,116.610107421875,221.69300842285156,99.00679016113281,211.4821319580078,97.23888397216797,230.8270263671875,108.60581970214844,271.7334899902344,133.49578857421875,322.82415771484375,145.23719787597656,379.4499816894531,182.81585693359375,418.50848388671875,0
1664,214.25193786621094,148.78543090820312,492.9613952636719,149.16204833984375,104.97044372558594,177.096435546875,82.45894622802734,213.87008666992188,115.60514068603516,214.7607421875,99.03547668457031,203.2291717529297,97.23258972167969,220.9290771484375,105.52041625976562,267.0528564453125,130.40475463867188,319.36163330078125,138.62771606445312,379.89453125,185.9962158203125,425.27874755859375,0
1665,214.2789764404297,148.8426055908203,492.89324951171875,149.27822875976562,110.8943099975586,158.98321533203125,87.54833221435547,188.478759765625,118.05101013183594,188.1746368408203,103.6472396850586,179.52027893066406,102.41452026367188,196.3991241455078,113.27845764160156,246.5116424560547,135.0012969970703,301.22662353515625,147.89654541015625,362.4731750488281,188.55218505859375,410.12615966796875,0
1666,214.28053283691406,148.84373474121094,492.930419921875,149.22242736816406,110.86675262451172,158.94808959960938,87.621337890625,188.36578369140625,118.01858520507812,187.93028259277344,103.69261932373047,179.35511779785156,102.63314819335938,196.1691131591797,113.54536437988281,246.47984313964844,135.07521057128906,301.2899169921875,147.91868591308594,362.5264892578125,188.47561645507812,410.1288146972656,0
1667,214.27059936523438,148.5225067138672,492.9531555175781,149.27645874023438,111.10707092285156,152.588623046875,86.49433135986328,179.392822265625,118.1911849975586,181.09877014160156,103.66155242919922,172.03204345703125,101.12055206298828,187.19866943359375,110.0500717163086,236.1447296142578,132.7025604248047,295.4533386230469,146.19667053222656,357.9082946777344,183.89764404296875,403.3584899902344,0
1668,214.20465087890625,148.706298828125,492.86981201171875,149.34202575683594,110.93850708007812,139.53903198242188,87.68045806884766,166.94419860839844,117.44161987304688,169.27037048339844,103.00480651855469,158.7948760986328,101.21365356445312,174.39085388183594,106.74559020996094,224.82135009765625,126.79255676269531,286.6731872558594,135.08995056152344,347.068115234375,174.17913818359375,395.556884765625,0
1669,214.14898681640625,148.62872314453125,492.94293212890625,149.34092712402344,109.66754913330078,132.1071014404297,86.66099548339844,161.25460815429688,117.58019256591797,162.62088012695312,102.96479034423828,153.0808563232422,101.3346176147461,169.39012145996094,105.57682800292969,218.00970458984375,121.47545623779297,282.52593994140625,130.26307678222656,344.83807373046875,171.0272979736328,392.8503723144531,0
1670,214.3013458251953,148.751708984375,492.9383544921875,149.16458129882812,106.09657287597656,120.95233917236328,86.35204315185547,151.06907653808594,118.06522369384766,151.12696838378906,101.89452362060547,142.74407958984375,101.14006042480469,158.25283813476562,102.97174835205078,209.5657501220703,111.17300415039062,272.33709716796875,112.18193054199219,336.61865234375,150.8284454345703,385.31707763671875,0
1671,214.33331298828125,148.7574920654297,492.95166015625,149.16798400878906,106.0921630859375,120.97001647949219,86.37983703613281,151.0705108642578,118.04838562011719,151.09600830078125,101.86495971679688,142.70135498046875,101.1161117553711,158.2103729248047,103.27655792236328,209.34129333496094,111.1666030883789,272.35595703125,112.17303466796875,336.6181335449219,150.83111572265625,385.31829833984375,0
1672,214.29495239257812,148.8330841064453,493.0552978515625,149.26370239257812,106.01001739501953,113.36849975585938,85.1196517944336,145.3756103515625,117.56598663330078,146.29568481445312,102.07286834716797,136.47010803222656,100.33878326416016,152.82708740234375,99.41510772705078,202.9632568359375,106.78965759277344,267.2654113769531,105.79640197753906,331.4289245605469,146.75613403320312,384.9981384277344,0
1673,214.27688598632812,148.63427734375,493.0704650878906,149.2726593017578,101.5613784790039,106.8707275390625,85.3299789428711,140.61756896972656,116.6626968383789,137.55703735351562,100.18081665039062,129.92845153808594,100.96857452392578,145.11376953125,101.85536193847656,194.65284729003906,105.15555572509766,259.6407165527344,98.78890228271484,323.4982604980469,134.2876739501953,378.7869567871094,0
1674,214.26971435546875,148.78070068359375,493.0572204589844,149.18032836914062,99.57638549804688,104.56140899658203,86.4954605102539,139.55458068847656,117.54342651367188,136.720703125,99.6207275390625,128.281005859375,101.76734924316406,143.4556121826172,105.1707534790039,193.75953674316406,115.15457153320312,255.81723022460938,108.50093841552734,316.77655029296875,89.01509857177734,333.0008850097656,0
1675,214.42738342285156,148.84754943847656,493.0362854003906,149.2773895263672,89.0501480102539,101.714111328125,87.72644805908203,141.7515106201172,118.05535125732422,131.5550994873047,97.36032104492188,125.93748474121094,103.78621673583984,140.33816528320312,110.61583709716797,188.9227752685547,122.2566146850586,250.8844451904297,127.86498260498047,314.3812255859375,163.08953857421875,366.199462890625,0
1676,214.42332458496094,148.84837341308594,493.0074462890625,149.24607849121094,89.04673767089844,101.70939636230469,87.69351196289062,141.8153533935547,118.0124740600586,131.59771728515625,97.37942504882812,126.02912139892578,103.82240295410156,140.53627014160156,109.84192657470703,190.26829528808594,122.2566909790039,250.87754821777344,127.84832000732422,314.4019470214844,163.07041931152344,366.1866149902344,0
1677,214.2578125,148.7982177734375,492.9313659667969,149.3301544189453,88.0992431640625,100.73704528808594,88.373046875,139.7381134033203,118.32212829589844,128.57383728027344,97.43525695800781,123.97195434570312,103.83102416992188,138.01968383789062,110.70027160644531,186.7970733642578,119.28853607177734,248.20957946777344,121.77761840820312,307.4999694824219,161.01492309570312,365.302734375,0
1678,214.1649169921875,148.8737335205078,493.08367919921875,149.1133270263672,82.96981811523438,105.6328353881836,88.69694519042969,140.8569793701172,118.71668243408203,126.9852294921875,96.44960021972656,125.06116485595703,104.64691925048828,137.68174743652344,110.07235717773438,184.5510711669922,116.37397766113281,245.4180908203125,111.38587951660156,309.2411193847656,141.31906127929688,368.0228576660156,0
1679,214.32911682128906,148.76416015625,493.1783447265625,149.1328582763672,79.56974792480469,106.29359436035156,89.47718811035156,145.67840576171875,119.48233032226562,128.84597778320312,96.42471313476562,127.55939483642578,105.92398834228516,139.7183380126953,110.08100891113281,186.24575805664062,116.80941772460938,245.88368225097656,112.58901977539062,309.54254150390625,140.61691284179688,366.00531005859375,0
1680,214.37014770507812,148.84683227539062,493.22222900390625,149.16278076171875,78.44184112548828,110.73793029785156,89.09355926513672,152.7073211669922,118.99505615234375,133.62689208984375,95.64813232421875,132.7201385498047,105.09749603271484,146.21041870117188,112.55307006835938,190.21485900878906,119.06721496582031,245.43084716796875,118.11754608154297,307.5165710449219,149.35739135742188,364.5027770996094,0
1681,214.32363891601562,148.83689880371094,493.1799621582031,149.18017578125,78.44184112548828,110.7191162109375,89.2027587890625,152.687255859375,118.98387145996094,133.61233520507812,95.64956665039062,132.69985961914062,105.137451171875,146.17466735839844,112.57750701904297,190.311279296875,119.06600952148438,245.40042114257812,118.12632751464844,307.53497314453125,149.3590087890625,364.49951171875,0
1682,214.2447052001953,148.87705993652344,493.2069091796875,149.1266632080078,75.32505798339844,111.17060089111328,87.26744842529297,154.94174194335938,117.60674285888672,134.68020629882812,93.82501983642578,134.92822265625,104.07322692871094,148.15542602539062,112.45503997802734,188.9565887451172,118.4952163696289,244.13082885742188,116.90372467041016,306.78094482421875,148.25836181640625,366.0465087890625,0
1683,214.18722534179688,148.78555297851562,493.1832580566406,149.20497131347656,69.93496704101562,113.29401397705078,83.8268051147461,157.41270446777344,114.35002136230469,136.58302307128906,91.92010498046875,136.21156311035156,100.93856811523438,150.64271545410156,112.63396453857422,186.00779724121094,122.55458068847656,237.07736206054688,115.61097717285156,299.2586364746094,127.4073486328125,354.2235107421875,0
1684,214.3428497314453,148.76031494140625,493.2249755859375,149.13101196289062,68.81442260742188,116.03636169433594,85.14812469482422,158.3501434326172,114.99109649658203,135.4132843017578,92.4491958618164,136.5398712158203,102.21322631835938,151.36831665039062,117.41464233398438,186.3951873779297,130.01280212402344,232.24319458007812,128.22381591796875,278.7113952636719,121.7335433959961,320.9294128417969,0
1685,214.4650421142578,149.00448608398438,493.21087646484375,149.27703857421875,66.13384246826172,119.94324493408203,88.7898941040039,159.31886291503906,116.54193878173828,133.98594665527344,93.17403411865234,137.16285705566406,104.8592300415039,151.1251678466797,118.72069549560547,185.33132934570312,134.01702880859375,229.96388244628906,137.13450622558594,275.1571044921875,132.81671142578125,320.2113037109375,0
1686,214.48594665527344,148.99986267089844,493.1676940917969,149.2765350341797,65.38404083251953,122.2927474975586,88.97335815429688,164.1492156982422,117.00916290283203,134.94923400878906,93.67501831054688,139.864501953125,105.86092376708984,152.8772430419922,120.21194458007812,184.87437438964844,134.6120147705078,229.0484619140625,139.60414123535156,283.3428039550781,147.5153045654297,348.96710205078125,0
1687,214.3040008544922,148.93113708496094,493.1668701171875,149.2630157470703,62.29375076293945,133.3517303466797,87.16216278076172,169.35108947753906,112.81989288330078,142.32110595703125,90.26599884033203,147.79580688476562,103.81824493408203,159.85443115234375,121.46656799316406,187.25978088378906,136.78440856933594,227.6869659423828,144.49102783203125,282.89630126953125,155.50567626953125,353.45501708984375,0
1688,214.38687133789062,149.0432891845703,493.1598815917969,149.1981201171875,62.233802795410156,139.48660278320312,85.89204406738281,176.11447143554688,113.36371612548828,145.02024841308594,89.4267349243164,152.50177001953125,102.96046447753906,164.29568481445312,118.49992370605469,188.1396026611328,134.52491760253906,226.39735412597656,139.84722900390625,270.9153137207031,137.24034118652344,315.9448547363281,0
1689,214.23779296875,148.79420471191406,493.0838317871094,149.2976837158203,56.46196365356445,154.0341033935547,86.75228118896484,184.62258911132812,106.62657928466797,153.5985107421875,84.5503921508789,164.69618225097656,99.0390396118164,172.43655395507812,119.9287338256836,190.65696716308594,134.16455078125,222.71311950683594,141.14117431640625,269.0398254394531,129.7380828857422,317.07977294921875,0
1690,214.23968505859375,148.78564453125,493.105224609375,149.2407989501953,56.46623992919922,154.03355407714844,86.74871826171875,184.5960693359375,106.62287902832031,153.5941925048828,84.55067443847656,164.6770782470703,99.02750396728516,172.42483520507812,119.86520385742188,190.6496124267578,134.18260192871094,222.74655151367188,141.13340759277344,269.033447265625,129.7469940185547,317.0765380859375,0
1691,214.11746215820312,148.94717407226562,493.0061340332031,149.36537170410156,53.745384216308594,159.13186645507812,83.9056167602539,189.74600219726562,103.04378509521484,155.85934448242188,81.05050659179688,169.3496856689453,96.52098083496094,176.8239288330078,118.8502197265625,191.3845672607422,135.31924438476562,219.9416961669922,146.37437438964844,268.334228515625,138.06069946289062,320.291748046875,0
1692,214.1726531982422,148.79010009765625,492.98046875,149.39785766601562,49.33537292480469,169.16819763183594,83.52202606201172,195.79925537109375,101.78340911865234,162.1353759765625,78.801025390625,175.11209106445312,94.81279754638672,181.94464111328125,120.00434112548828,192.99327087402344,135.7796173095703,217.55960083007812,151.6055145263672,271.59124755859375,144.05859375,340.64947509765625,0
1693,213.9962615966797,148.7987060546875,493.00567626953125,149.3554229736328,51.01596450805664,169.1947479248047,82.79335021972656,197.71591186523438,98.5717544555664,164.0659942626953,78.52995300292969,177.14410400390625,94.00637817382812,183.59132385253906,119.8645248413086,192.4504852294922,135.9684295654297,216.94642639160156,152.12594604492188,268.28271484375,144.07443237304688,340.2630920410156,0
1694,214.03225708007812,148.8343963623047,493.10595703125,149.22129821777344,46.769832611083984,170.3359832763672,79.69959259033203,198.09719848632812,96.76898193359375,164.4120330810547,75.0495376586914,176.96182250976562,90.64337921142578,183.58238220214844,117.90254974365234,192.04312133789062,136.1724090576172,215.35202026367188,157.16384887695312,270.3404235839844,145.59791564941406,335.72100830078125,0
1695,214.1909637451172,148.8561248779297,493.23211669921875,149.31906127929688,45.19880294799805,169.17237854003906,77.1092758178711,198.815673828125,95.41922760009766,164.3938751220703,73.51708984375,177.4521026611328,88.44895935058594,183.69102478027344,115.68983459472656,190.68739318847656,136.1785888671875,213.66131591796875,158.3512420654297,269.4089050292969,146.19000244140625,333.9635925292969,0
1696,214.19544982910156,148.8515625,493.1524658203125,149.4015655517578,45.599388122558594,169.09848022460938,77.15531921386719,198.82318115234375,95.39927673339844,164.38876342773438,73.58356475830078,177.43170166015625,88.47029113769531,183.61831665039062,115.71153259277344,190.65992736816406,136.17530822753906,213.65914916992188,158.33412170410156,269.4183044433594,146.16976928710938,334.00567626953125,0
1697,214.2432403564453,148.89784240722656,493.261962890625,149.45655822753906,43.56107711791992,169.24464416503906,76.57400512695312,198.5576934814453,93.97521209716797,164.53175354003906,72.11219787597656,177.28024291992188,87.18604278564453,183.10748291015625,113.59069061279297,192.0137481689453,135.28408813476562,212.836669921875,157.73338317871094,266.35272216796875,147.45623779296875,331.2598571777344,0
1698,214.30593872070312,148.8515167236328,493.31231689453125,149.38177490234375,43.38468933105469,169.7158660888672,75.57406616210938,199.60958862304688,93.20258331298828,164.73072814941406,71.86385345458984,177.99867248535156,86.05626678466797,183.0352783203125,111.32918548583984,190.7734375,134.41482543945312,212.37551879882812,156.0052947998047,263.5546569824219,149.6539764404297,329.7139587402344,0
1699,214.26719665527344,148.77011108398438,493.3169860839844,149.27618408203125,40.06449508666992,174.92381286621094,73.8099136352539,202.52606201171875,90.46564483642578,166.1202392578125,68.72966766357422,179.9306640625,86.29439544677734,184.83419799804688,109.75382232666016,189.9908905029297,133.4749755859375,210.6631622314453,158.45298767089844,258.6421813964844,163.33384704589844,323.4555969238281,0
1700,214.27490234375,148.7696533203125,493.3570556640625,149.28399658203125,40.06282424926758,174.92288208007812,73.81441497802734,202.53451538085938,90.4662094116211,166.1208038330078,68.7313461303711,179.93243408203125,86.29595184326172,184.83287048339844,109.75386047363281,189.9904022216797,133.47482299804688,210.6597137451172,158.4633331298828,258.66455078125,163.26873779296875,323.53033447265625,0
1701,213.98007202148438,148.5700225830078,493.2716064453125,149.3806610107422,40.668701171875,178.27906799316406,71.36251068115234,203.90699768066406,89.44132995605469,169.71852111816406,69.62714385986328,184.19789123535156,83.81023406982422,186.7880859375,107.86068725585938,189.92581176757812,133.4341583251953,209.3099822998047,160.69602966308594,258.0511474609375,166.9437255859375,321.40020751953125,0
1702,213.95233154296875,148.78988647460938,493.2906799316406,149.40635681152344,45.50130844116211,186.9813995361328,89.21473693847656,171.2360076904297,80.20489501953125,209.92477416992188,74.05021667480469,185.71420288085938,84.72884368896484,190.24368286132812,108.18016815185547,191.87388610839844,134.63656616210938,207.3546142578125,170.4336395263672,253.8648223876953,181.72242736816406,310.8328552246094,0
1703,213.99676513671875,148.8607177734375,493.2745056152344,149.41116333007812,48.8276252746582,198.0988006591797,73.74415588378906,208.59552001953125,94.80249786376953,174.3345184326172,72.44387817382812,185.82693481445312,83.1993179321289,191.03680419921875,107.80457305908203,192.6870574951172,134.30674743652344,206.43646240234375,169.58322143554688,253.7171630859375,181.52813720703125,310.4708557128906,0
1704,214.11036682128906,148.6888885498047,493.2073669433594,149.50477600097656,50.06397247314453,198.6756591796875,74.68920135498047,207.33135986328125,95.99137115478516,172.3222198486328,73.46615600585938,184.5801239013672,86.58997344970703,190.32131958007812,109.05913543701172,193.16883850097656,135.52415466308594,207.7850799560547,171.00552368164062,252.00082397460938,180.09121704101562,310.7606201171875,0
1705,214.08106994628906,148.69161987304688,493.1922912597656,149.4911346435547,50.079490661621094,198.69371032714844,74.67728424072266,207.3083038330078,95.98151397705078,172.32774353027344,73.47725677490234,184.57257080078125,86.59039306640625,190.31417846679688,109.0082015991211,193.15809631347656,135.5643310546875,207.7366485595703,170.9969482421875,251.99542236328125,180.0960235595703,310.79608154296875,0
1706,214.1571044921875,148.5927734375,493.176025390625,149.52633666992188,60.850440979003906,159.83172607421875,74.109375,207.16259765625,96.45050048828125,171.40684509277344,71.71890258789062,184.31903076171875,85.93840789794922,190.22032165527344,109.01988983154297,192.5907440185547,136.91925048828125,207.75537109375,172.45494079589844,249.8752899169922,179.0955810546875,311.8533020019531,0
1707,214.20550537109375,148.47103881835938,493.25897216796875,149.43646240234375,60.3112907409668,160.83346557617188,73.27452850341797,206.79884338378906,94.52860260009766,172.15460205078125,70.06729125976562,184.04794311523438,84.58528137207031,190.7223358154297,110.35189056396484,192.8600311279297,137.87664794921875,210.13711547851562,175.86123657226562,253.5428009033203,178.14044189453125,311.3230285644531,0
1708,214.3661346435547,148.79063415527344,493.2751770019531,149.46861267089844,42.50331115722656,175.31336975097656,74.0347900390625,206.4786376953125,93.1346206665039,170.2127227783203,69.65528106689453,184.51426696777344,84.94053649902344,189.38458251953125,109.61243438720703,192.26060485839844,138.5243682861328,211.19512939453125,177.57093811035156,253.57138061523438,177.41502380371094,310.3520812988281,0
1709,214.33363342285156,148.73681640625,493.3983459472656,149.46295166015625,30.142744064331055,187.2225799560547,74.5823974609375,210.2305908203125,85.1915054321289,169.9006805419922,65.52840423583984,189.00021362304688,80.62007904052734,190.8140411376953,110.77311706542969,192.0861358642578,139.34620666503906,212.1667022705078,178.9999237060547,254.0351104736328,176.13232421875,311.5589904785156,0
1710,214.3391571044922,148.7344970703125,493.34320068359375,149.36135864257812,30.14246368408203,187.24598693847656,74.56084442138672,210.22305297851562,85.18587493896484,169.93040466308594,65.49275207519531,188.9878692626953,80.6292724609375,190.7915496826172,110.7332763671875,192.09327697753906,139.3411407470703,212.16270446777344,179.0030975341797,254.03883361816406,176.125,311.55242919921875,0
1711,214.04393005371094,148.7422637939453,493.3908386230469,149.3154754638672,27.443359375,191.71783447265625,73.65180206298828,212.6338653564453,84.05335235595703,172.19631958007812,64.40734100341797,192.35787963867188,79.52949523925781,193.29779052734375,110.360107421875,192.82025146484375,138.95562744140625,212.3930206298828,177.5196075439453,255.68443298339844,176.31639099121094,312.2917785644531,0
1712,214.20352172851562,148.814208984375,493.4658203125,149.2552032470703,27.2493839263916,201.93162536621094,74.47581481933594,216.88917541503906,82.30245208740234,178.431640625,61.850521087646484,198.31973266601562,78.46366119384766,199.2456512451172,109.9655532836914,192.52105712890625,137.52578735351562,211.27883911132812,171.92649841308594,255.56199645996094,178.0038299560547,311.300537109375,0
1713,214.06524658203125,148.70277404785156,493.3576965332031,149.2246551513672,29.357349395751953,210.45706176757812,76.58210754394531,218.96861267089844,79.71858978271484,181.4806365966797,63.12989044189453,202.21408081054688,77.6444091796875,201.84707641601562,107.57677459716797,191.8667755126953,137.6575469970703,211.92230224609375,171.01498413085938,255.5003204345703,177.81173706054688,312.77392578125,0
1714,214.1099395751953,148.75885009765625,493.3463439941406,149.17491149902344,27.12008285522461,215.9745330810547,76.66548156738281,222.4026641845703,79.63231658935547,186.18421936035156,62.443763732910156,206.16151428222656,78.24691009521484,203.47637939453125,104.15664672851562,191.59231567382812,136.3487548828125,211.73770141601562,169.2920379638672,255.1597900390625,179.0296173095703,312.2951965332031,0
1715,214.1094970703125,148.7311553955078,493.422119140625,149.1632537841797,27.121084213256836,215.9656219482422,76.66693115234375,222.39613342285156,79.61491394042969,186.1928253173828,62.475074768066406,206.1602325439453,78.25947570800781,203.4860382080078,104.06880187988281,191.62232971191406,136.3674774169922,211.7095184326172,169.3136444091797,255.25033569335938,179.02882385253906,312.3000793457031,0
1716,214.11180114746094,148.89454650878906,493.4300231933594,149.21023559570312,31.42314338684082,223.49049377441406,77.855224609375,230.1980743408203,79.219970703125,192.8359375,62.070343017578125,214.92147827148438,78.94093322753906,212.29653930664062,104.60269165039062,191.72012329101562,136.82015991210938,212.56895446777344,168.69638061523438,255.86431884765625,179.8030242919922,312.2031555175781,0
1717,214.1221923828125,148.66839599609375,493.4608459472656,149.20359802246094,33.29789352416992,229.84959411621094,78.98627471923828,237.10784912109375,81.45265197753906,200.6465301513672,65.0987319946289,219.97528076171875,79.33497619628906,217.1326446533203,104.76398468017578,194.520263671875,135.81466674804688,212.48077392578125,167.08648681640625,256.6119079589844,182.5995635986328,309.38470458984375,0
1718,214.2257537841797,148.61903381347656,493.3640441894531,149.17364501953125,28.952285766601562,234.14364624023438,78.66987609863281,238.2249755859375,80.79035949707031,202.16845703125,64.23211669921875,222.8517608642578,77.7510986328125,219.0605926513672,103.43010711669922,196.93431091308594,134.5692901611328,212.63807678222656,165.3223876953125,258.0069580078125,183.1760711669922,308.8877868652344,0
1719,214.38394165039062,148.7183074951172,493.5058288574219,149.1661376953125,23.91165542602539,236.1621856689453,73.63092803955078,242.75888061523438,77.5496826171875,203.54486083984375,59.2012939453125,226.82943725585938,75.1356201171875,223.50640869140625,101.4190902709961,202.13319396972656,137.38894653320312,216.0501251220703,171.152587890625,260.26165771484375,183.04873657226562,312.9664001464844,0
1720,214.38438415527344,148.71896362304688,493.47747802734375,149.1074981689453,23.90219497680664,236.16598510742188,73.6534652709961,242.73861694335938,77.59886932373047,203.52133178710938,59.136940002441406,226.82711791992188,75.09457397460938,223.47242736816406,101.39168548583984,202.06321716308594,137.4229736328125,216.06820678710938,171.15603637695312,260.2669372558594,183.04812622070312,312.96697998046875,0
1721,214.2686767578125,148.59242248535156,493.3380126953125,149.18539428710938,23.519813537597656,238.56637573242188,72.6923828125,246.7635498046875,77.83963012695312,206.3254852294922,58.38780212402344,229.478271484375,72.79287719726562,227.01344299316406,101.10559844970703,203.20828247070312,137.80874633789062,214.868408203125,174.43324279785156,257.9933776855469,183.73953247070312,313.371826171875,0
1722,214.15731811523438,148.68873596191406,493.1919250488281,149.3568572998047,28.90302276611328,255.2027130126953,80.04566955566406,247.1986083984375,72.11370849609375,213.22816467285156,61.72181701660156,237.6094970703125,75.15525817871094,231.0916290283203,100.58204650878906,202.49533081054688,143.56686401367188,215.1963653564453,181.46485900878906,258.3222351074219,186.73179626464844,311.96429443359375,0
1723,213.94854736328125,148.5995635986328,493.24530029296875,149.4713592529297,31.91463851928711,256.5890197753906,81.80933380126953,250.41070556640625,73.72042083740234,215.43055725097656,64.22038269042969,239.12840270996094,76.81581115722656,233.17599487304688,107.20721435546875,205.90090942382812,150.2391815185547,217.0668487548828,184.8154754638672,244.9477996826172,204.26136779785156,270.92559814453125,0
1724,214.1235809326172,148.8829803466797,493.3190002441406,149.5587158203125,32.10738754272461,263.2417297363281,81.18441009521484,261.68280029296875,77.8514175415039,227.56182861328125,65.0706787109375,250.18582153320312,78.6032943725586,245.89544677734375,113.23735046386719,213.42539978027344,158.34719848632812,223.23599243164062,201.14942932128906,259.1559753417969,213.35093688964844,316.88885498046875,0
1725,214.11859130859375,148.90077209472656,493.3290100097656,149.54449462890625,32.1220817565918,263.23333740234375,81.2562484741211,261.7083435058594,77.72148895263672,227.5915069580078,65.00675201416016,250.24295043945312,78.51081848144531,246.03005981445312,113.25331115722656,213.47525024414062,158.35421752929688,223.23321533203125,201.12925720214844,259.13470458984375,213.3909454345703,316.91790771484375,0
1726,214.06658935546875,148.92471313476562,493.27581787109375,149.53933715820312,38.4031982421875,270.0679931640625,85.03580474853516,266.0736389160156,82.22447967529297,232.8642578125,68.61488342285156,254.91558837890625,82.413330078125,251.4390106201172,115.95012664794922,215.82887268066406,163.1544647216797,223.08580017089844,205.98440551757812,262.40899658203125,217.1530303955078,315.9237060546875,0
1727,214.08876037597656,148.83448791503906,493.46893310546875,149.4632568359375,44.7542724609375,268.1933288574219,96.21115112304688,263.4366455078125,87.2466049194336,230.64846801757812,75.41344451904297,251.39492797851562,88.8064956665039,248.45860290527344,124.5042495727539,214.13633728027344,171.44863891601562,224.95037841796875,212.29092407226562,268.3806457519531,221.43162536621094,325.3443298339844,0
1728,214.0819091796875,148.58001708984375,493.384521484375,149.27891540527344,47.391990661621094,269.1383361816406,96.61835479736328,265.68658447265625,86.84388732910156,233.1569061279297,77.53182220458984,254.8593292236328,91.04075622558594,248.38128662109375,125.51441192626953,219.5360870361328,174.07687377929688,228.43161010742188,209.7819366455078,268.20965576171875,229.8206024169922,306.9028625488281,0
1729,213.952880859375,148.4774169921875,493.4647521972656,149.38345336914062,52.948673248291016,256.5683288574219,100.35174560546875,266.5274658203125,98.27964782714844,230.95692443847656,85.20209503173828,249.178955078125,97.50070190429688,250.72637939453125,137.90411376953125,230.04690551757812,188.19114685058594,239.1210174560547,230.1243133544922,274.69561767578125,245.60623168945312,330.7045593261719,0
1730,213.9480743408203,148.46142578125,493.4552917480469,149.36497497558594,52.94557571411133,256.5667724609375,100.30924987792969,266.5269470214844,98.27286529541016,230.92556762695312,85.19371032714844,249.1368408203125,97.45875549316406,250.7224884033203,137.9013671875,230.07142639160156,188.1990966796875,239.14285278320312,230.1581268310547,274.7370910644531,245.576904296875,330.7505798339844,0
1731,213.9049530029297,148.57791137695312,493.4554138183594,149.25167846679688,56.86296463012695,251.36013793945312,100.4712142944336,268.4183349609375,103.52658081054688,230.12232971191406,87.81198120117188,245.95033264160156,104.04978942871094,249.92034912109375,143.83963012695312,234.7366943359375,192.21142578125,244.04212951660156,234.72982788085938,277.1192626953125,250.32884216308594,333.23504638671875,0
1732,214.1514129638672,148.24789428710938,493.4603576660156,149.10079956054688,68.1957778930664,229.96409606933594,99.19480895996094,259.22686767578125,111.2199478149414,223.74063110351562,92.61007690429688,236.9503631591797,108.67341613769531,241.05401611328125,152.22776794433594,235.84597778320312,201.3421630859375,254.47764587402344,248.9938507080078,294.5216064453125,267.6348571777344,345.2650146484375,0
1733,214.1704864501953,148.23892211914062,493.3939514160156,149.1875457763672,75.49192810058594,216.2845916748047,97.05374145507812,246.3890838623047,113.9158935546875,215.0496826171875,96.23978424072266,224.5851593017578,110.49622344970703,232.57643127441406,154.8187255859375,234.23489379882812,202.6765899658203,260.05413818359375,236.36544799804688,301.7607116699219,254.41970825195312,332.5826721191406,0
1734,214.2462615966797,148.2107391357422,493.3996276855469,149.22262573242188,87.83781433105469,198.57098388671875,96.77783203125,232.2303009033203,117.18383026123047,205.7612762451172,101.62914276123047,212.5919189453125,113.06259155273438,223.80845642089844,154.97125244140625,233.53150939941406,204.16717529296875,262.4371643066406,234.74960327148438,305.9678039550781,253.8417205810547,342.74224853515625,0
1735,214.22637939453125,148.22093200683594,493.4219970703125,149.1903533935547,87.83968353271484,198.3817138671875,96.65660095214844,232.0911407470703,117.09266662597656,205.7292938232422,101.5175552368164,212.4453582763672,112.90901947021484,223.74801635742188,154.83567810058594,233.4899444580078,204.1617889404297,262.42974853515625,234.73829650878906,305.9413146972656,253.8365478515625,342.7312927246094,0
1736,214.17930603027344,148.19642639160156,493.3411560058594,149.28973388671875,91.64398956298828,192.5508575439453,96.60509490966797,226.05853271484375,117.18816375732422,202.1387939453125,102.37115478515625,207.80587768554688,112.01130676269531,219.37535095214844,153.8999786376953,233.69998168945312,203.19985961914062,262.42681884765625,237.04095458984375,311.04974365234375,259.1984558105469,365.02587890625,0
1737,214.16822814941406,148.31344604492188,493.4944152832031,149.2267303466797,103.835205078125,184.0068817138672,100.49414825439453,218.7586669921875,124.04597473144531,198.2373809814453,108.8276138305664,200.57896423339844,116.09474182128906,213.52377319335938,155.93466186523438,234.0441131591797,202.96070861816406,263.31219482421875,237.7912139892578,310.4256896972656,262.4140930175781,362.401123046875,0
1738,214.15867614746094,148.3233642578125,493.4207763671875,149.19349670410156,111.69001770019531,179.24253845214844,101.90779113769531,213.29525756835938,130.08120727539062,198.4488067626953,113.23503112792969,198.675537109375,120.36056518554688,211.34315490722656,156.27415466308594,235.15716552734375,203.74551391601562,263.52545166015625,239.6417694091797,310.6181640625,263.1861572265625,364.4141845703125,0
1739,214.16099548339844,148.3390655517578,493.33502197265625,149.24835205078125,120.5206527709961,168.92816162109375,106.00137329101562,204.76600646972656,136.6865692138672,193.4386749267578,119.27249908447266,189.71389770507812,124.37907409667969,205.1598663330078,155.615234375,234.6727752685547,201.3829803466797,265.3003234863281,236.3071746826172,312.1180114746094,261.6019592285156,365.0835266113281,0
1740,214.27899169921875,148.460205078125,493.23468017578125,149.35877990722656,121.68604278564453,165.11886596679688,106.64888763427734,202.961669921875,136.9372100830078,192.05165100097656,120.34925079345703,188.30838012695312,124.92845153808594,203.33731079101562,155.3675994873047,233.7077178955078,200.21543884277344,265.91748046875,232.5885772705078,314.30047607421875,256.41741943359375,366.11004638671875,0
1741,214.3415985107422,148.67974853515625,493.22113037109375,149.40023803710938,130.5587615966797,164.33877563476562,107.1505126953125,198.4850311279297,139.35279846191406,192.2703094482422,123.60696411132812,185.10037231445312,125.35628509521484,202.97601318359375,154.81195068359375,232.9602813720703,198.5771484375,265.64288330078125,229.18409729003906,314.3699951171875,251.0569610595703,371.6749572753906,0
1742,214.34280395507812,148.68008422851562,493.20330810546875,149.4407958984375,130.5832061767578,164.38450622558594,107.16180419921875,198.466796875,139.3617401123047,192.27496337890625,123.56399536132812,185.08888244628906,125.31865692138672,202.9589080810547,154.84852600097656,232.94284057617188,198.55911254882812,265.6278991699219,229.22158813476562,314.42230224609375,251.13528442382812,371.8390808105469,0
1743,214.35134887695312,148.774169921875,493.20172119140625,149.39280700683594,132.90728759765625,158.66554260253906,108.48875427246094,192.17303466796875,140.05128479003906,190.03916931152344,125.35614776611328,181.6442108154297,125.7557601928711,198.20916748046875,152.53457641601562,231.36863708496094,196.52859497070312,265.08868408203125,226.68821716308594,315.80499267578125,249.78175354003906,372.4245300292969,0
1744,214.29673767089844,148.786865234375,493.24346923828125,149.35633850097656,133.32371520996094,146.2611541748047,109.19316864013672,181.4397735595703,141.06227111816406,179.76837158203125,126.17668151855469,168.78988647460938,125.72868347167969,185.85971069335938,148.4782257080078,224.63426208496094,190.5398406982422,263.7290954589844,214.76206970214844,310.9879455566406,235.29481506347656,350.2629699707031,0
1745,214.40829467773438,148.68748474121094,493.207763671875,149.33030700683594,131.68797302246094,141.12396240234375,108.27800750732422,178.96701049804688,140.64974975585938,177.98004150390625,125.16617584228516,168.0703887939453,125.51985168457031,185.62124633789062,146.36166381835938,221.28392028808594,185.71946716308594,260.580810546875,206.29881286621094,307.16925048828125,224.20925903320312,346.85565185546875,0
1746,214.44277954101562,148.78599548339844,493.19091796875,149.31454467773438,129.71286010742188,138.95310974121094,105.40095520019531,176.59564208984375,138.3145751953125,174.716064453125,123.68814086914062,166.40542602539062,123.17135620117188,183.57553100585938,143.94395446777344,218.76052856445312,181.42425537109375,258.25091552734375,202.2971954345703,312.0684509277344,223.8207244873047,373.3147277832031,0
1747,214.46192932128906,148.76669311523438,493.21258544921875,149.3031005859375,129.7144012451172,138.95167541503906,105.40345001220703,176.59625244140625,138.3197784423828,174.71798706054688,123.6891860961914,166.40509033203125,123.17138671875,183.5758514404297,143.94369506835938,218.76429748535156,181.4252471923828,258.2513122558594,202.2958984375,312.065673828125,223.82046508789062,373.3133850097656,0
1748,214.46177673339844,148.7785186767578,493.0682678222656,149.3605194091797,130.7607421875,137.24957275390625,105.83355712890625,174.76690673828125,138.30857849121094,174.1946563720703,123.41732788085938,165.08909606933594,122.30223846435547,182.3925018310547,142.3855438232422,217.69873046875,177.56362915039062,257.25836181640625,199.1479034423828,310.62835693359375,222.81558227539062,370.9750671386719,0
1749,214.37049865722656,148.64268493652344,493.08819580078125,149.3072967529297,132.29627990722656,134.22096252441406,105.53600311279297,172.42042541503906,138.70040893554688,172.4359588623047,123.68172454833984,161.36708068847656,122.33085632324219,180.01046752929688,138.37937927246094,216.25979614257812,169.69984436035156,255.69638061523438,190.3694305419922,311.645263671875,216.7822265625,373.52587890625,0
1750,214.24893188476562,148.6228790283203,493.1073303222656,149.3303680419922,135.06031799316406,136.50637817382812,106.4005355834961,171.84608459472656,139.5591583251953,174.0917510986328,124.72227478027344,163.55557250976562,122.4713134765625,180.8015899658203,137.44273376464844,216.3074951171875,165.79527282714844,256.49261474609375,184.8007049560547,311.61907958984375,208.2413330078125,365.80767822265625,0
1751,214.3087615966797,148.63418579101562,493.071533203125,149.38873291015625,135.0738067626953,136.54861450195312,106.41348266601562,171.8492431640625,139.591796875,174.10069274902344,124.72398376464844,163.54470825195312,122.50529479980469,180.79783630371094,137.40176391601562,216.27781677246094,165.79954528808594,256.4954528808594,184.80059814453125,311.6343994140625,208.2451934814453,365.8657531738281,0
1752,214.00965881347656,148.84239196777344,493.0143127441406,149.41366577148438,150.97523498535156,152.02931213378906,109.61823272705078,179.9569549560547,144.487548828125,192.71096801757812,131.86431884765625,176.89256286621094,123.8926010131836,191.65306091308594,135.09591674804688,227.25213623046875,160.85494995117188,261.7121887207031,169.28411865234375,318.1514587402344,189.45199584960938,381.4417724609375,0
1753,214.587646484375,148.6436004638672,493.0138244628906,149.4005889892578,163.5298614501953,154.95309448242188,117.69010162353516,178.67782592773438,149.87088012695312,199.25881958007812,138.3031768798828,180.14337158203125,128.51869201660156,193.57772827148438,135.98153686523438,228.22972106933594,161.34564208984375,262.78814697265625,171.89724731445312,322.7731018066406,195.7881317138672,379.18182373046875,0
1754,214.98313903808594,148.24790954589844,492.93377685546875,149.38365173339844,171.82301330566406,157.64817810058594,127.89899444580078,177.49887084960938,157.84239196777344,199.38504028320312,149.20404052734375,180.80291748046875,137.89056396484375,193.22512817382812,137.19827270507812,224.63565063476562,160.74981689453125,261.7075500488281,169.5207061767578,320.48114013671875,192.3454132080078,382.5655212402344,1
1755,214.98556518554688,148.24713134765625,492.93011474609375,149.38418579101562,171.8395538330078,157.64710998535156,127.824951171875,177.3119354248047,157.80189514160156,199.34915161132812,149.02084350585938,180.7603302001953,137.75120544433594,193.0924530029297,137.2097625732422,224.65223693847656,160.7621307373047,261.69842529296875,169.52243041992188,320.4824523925781,192.34727478027344,382.5622863769531,1
1756,214.40260314941406,148.45455932617188,493.0382385253906,149.36062622070312,181.4504852294922,156.1194305419922,134.77212524414062,174.98519897460938,161.98150634765625,198.40835571289062,154.0387420654297,178.18267822265625,143.14585876464844,190.72091674804688,138.24447631835938,220.25787353515625,159.79661560058594,260.62353515625,166.1685333251953,313.90667724609375,179.6134490966797,358.7922058105469,1
1757,215.22604370117188,148.113525390625,493.0116271972656,149.21095275878906,178.48789978027344,152.68800354003906,134.9523468017578,176.50527954101562,168.5285186767578,194.94935607910156,155.273681640625,176.34228515625,147.1104278564453,189.85394287109375,142.72647094726562,219.06724548339844,153.99391174316406,257.865478515625,153.8650360107422,307.8521423339844,162.9764404296875,350.3993225097656,1
1758,215.25863647460938,148.2977294921875,493.1478576660156,149.3024139404297,177.99398803710938,156.146484375,131.84422302246094,176.9365997314453,163.6651611328125,197.11373901367188,152.36363220214844,179.58984375,143.04696655273438,192.37757873535156,142.94435119628906,222.6858673095703,156.4364471435547,261.4152526855469,154.79905700683594,316.512939453125,164.921142578125,368.30670166015625,1
1759,215.22280883789062,148.26773071289062,493.18994140625,149.26609802246094,179.6735076904297,154.45765686035156,131.39010620117188,174.32174682617188,161.08872985839844,194.37425231933594,153.0122833251953,176.51773071289062,140.96888732910156,187.83062744140625,140.76373291015625,224.3838653564453,158.95306396484375,263.38629150390625,164.7760772705078,318.9955749511719,186.8875732421875,373.08050537109375,1
1760,215.28318786621094,148.25814819335938,493.0037841796875,149.26641845703125,180.56900024414062,151.52963256835938,132.23587036132812,169.35060119628906,160.87332153320312,190.3144989013672,152.89598083496094,173.56703186035156,141.4985809326172,184.7428436279297,139.21066284179688,221.49893188476562,158.8516387939453,262.1903076171875,167.15579223632812,324.18212890625,195.533203125,378.40771484375,1
1761,215.2755889892578,148.88461303710938,493.05352783203125,149.44371032714844,181.84169006347656,148.309814453125,134.37855529785156,166.31027221679688,160.88217163085938,188.11233520507812,153.67303466796875,170.8542938232422,142.2325897216797,183.4420928955078,139.71871948242188,219.4442901611328,158.0950927734375,260.9244384765625,160.15733337402344,309.7387390136719,170.977294921875,348.51544189453125,1
1762,215.27212524414062,148.88772583007812,493.00079345703125,149.4304962158203,181.8470001220703,148.32342529296875,134.40191650390625,166.2493133544922,160.80450439453125,188.09249877929688,153.66603088378906,170.80575561523438,142.26036071777344,183.28868103027344,139.6699981689453,219.4744110107422,158.0998077392578,260.92962646484375,160.15560913085938,309.74072265625,170.97659301757812,348.5167236328125,1
1763,214.45718383789062,149.29092407226562,493.06103515625,149.36956787109375,182.79501342773438,149.39776611328125,135.24349975585938,164.9624481201172,161.79530334472656,187.7060089111328,154.22801208496094,169.65830993652344,142.36593627929688,182.1576385498047,140.49856567382812,217.90133666992188,156.77517700195312,258.6468505859375,159.90769958496094,320.73602294921875,180.32106018066406,382.28070068359375,1
1764,214.56907653808594,149.25576782226562,493.0198974609375,149.3670196533203,183.08291625976562,151.78494262695312,136.58128356933594,168.2570037841797,162.48123168945312,192.048095703125,155.1175994873047,173.1770782470703,143.35350036621094,186.24732971191406,140.01971435546875,218.78524780273438,156.0000457763672,258.36163330078125,157.42745971679688,318.5390930175781,174.64642333984375,372.9819030761719,1
1765,214.5504608154297,149.24822998046875,493.026611328125,149.36473083496094,183.38137817382812,151.47764587402344,136.5359649658203,168.30496215820312,162.45912170410156,192.09864807128906,155.1193389892578,173.20382690429688,143.2938232421875,186.35552978515625,140.11106872558594,218.9166259765625,156.0289306640625,258.349365234375,157.51272583007812,317.8601989746094,177.11239624023438,377.4823913574219,1
1766,214.93270874023438,148.93373107910156,493.1498107910156,149.3563232421875,191.2367706298828,164.8222198486328,144.1683349609375,171.25413513183594,164.98638916015625,201.45387268066406,159.74378967285156,179.62864685058594,147.50807189941406,190.31790161132812,138.3480987548828,219.74224853515625,156.05059814453125,261.0098876953125,157.59434509277344,321.1781005859375,176.8521728515625,375.7815856933594,1
1767,213.9798583984375,149.0700225830078,493.2999572753906,149.37759399414062,199.4950714111328,172.22360229492188,153.3648681640625,176.5406036376953,171.62466430664062,207.98583984375,169.4996337890625,185.4815216064453,156.05625915527344,194.8882598876953,141.56500244140625,220.22962951660156,154.90219116210938,259.34014892578125,149.06504821777344,312.254150390625,156.1558837890625,372.6849670410156,1
1768,214.16094970703125,147.62644958496094,493.2996520996094,149.3573455810547,203.77401733398438,176.8865966796875,157.47178649902344,180.6191864013672,175.29429626464844,210.88958740234375,173.7938232421875,190.0183868408203,157.91990661621094,199.26490783691406,141.53390502929688,220.57664489746094,155.07748413085938,259.67950439453125,150.13836669921875,314.6685791015625,157.966552734375,371.405517578125,1
1769,214.30601501464844,148.14183044433594,493.3162841796875,149.51556396484375,209.59974670410156,186.9934539794922,166.9691619873047,190.06362915039062,180.70016479492188,218.66917419433594,181.08779907226562,199.6317138671875,165.61094665527344,206.34893798828125,141.34043884277344,222.72447204589844,153.918212890625,258.9214172363281,154.3622283935547,316.5323486328125,172.07762145996094,377.6909484863281,0
1770,214.27658081054688,148.1727752685547,493.3404846191406,149.5084228515625,209.6073455810547,186.99586486816406,166.96995544433594,190.06536865234375,180.6976776123047,218.66949462890625,181.08697509765625,199.6338653564453,165.61776733398438,206.35299682617188,141.36328125,222.73178100585938,153.91429138183594,258.9206848144531,154.36676025390625,316.5293884277344,172.07861328125,377.6915588378906,0
1771,214.5917205810547,149.00933837890625,493.34942626953125,149.38760375976562,213.6391143798828,195.06861877441406,173.22482299804688,194.8269500732422,185.0394744873047,225.8064727783203,186.9604034423828,203.6873016357422,171.88453674316406,212.07888793945312,145.8070526123047,225.19541931152344,154.52786254882812,258.7113342285156,158.6788330078125,306.93621826171875,166.90716552734375,351.2813720703125,0
1772,214.17872619628906,149.11727905273438,493.34130859375,149.45021057128906,224.91091918945312,203.95726013183594,188.2970733642578,203.5550079345703,199.20420837402344,232.99240112304688,201.7191162109375,211.8038787841797,186.54129028320312,216.1785430908203,153.19259643554688,230.18746948242188,153.45004272460938,263.818603515625,170.90122985839844,317.591064453125,197.50045776367188,375.8787536621094,0
1773,214.29405212402344,149.24180603027344,493.2224426269531,149.5966796875,231.28225708007812,198.37747192382812,199.01634216308594,201.5521240234375,211.7563934326172,230.77015686035156,212.13795471191406,209.8499755859375,196.5037078857422,216.91494750976562,163.50303649902344,232.8955535888672,148.34938049316406,268.930908203125,167.0135498046875,322.0384216308594,195.76930236816406,378.009033203125,0
1774,214.2523193359375,148.6689910888672,493.22479248046875,149.48609924316406,240.31423950195312,205.56532287597656,211.9222869873047,206.26878356933594,222.39622497558594,234.37368774414062,222.51611328125,213.52845764160156,208.10513305664062,219.37525939941406,169.0588836669922,232.5733642578125,143.78143310546875,269.6220397949219,154.1920623779297,326.8793640136719,189.09564208984375,377.9172668457031,0
1775,214.2688446044922,148.74044799804688,493.2292175292969,149.4689483642578,240.30880737304688,205.54100036621094,211.89488220214844,206.09129333496094,222.39712524414062,234.4235076904297,222.6286163330078,213.42613220214844,208.38328552246094,219.36558532714844,169.12890625,232.23294067382812,143.7146759033203,269.64007568359375,154.1868896484375,326.9179382324219,189.09547424316406,377.9342346191406,0
1776,214.30540466308594,148.39808654785156,493.0425109863281,149.32640075683594,245.58258056640625,208.7834014892578,219.20184326171875,207.4041290283203,226.86044311523438,235.989501953125,228.28770446777344,217.77877807617188,214.64395141601562,221.8077850341797,172.65914916992188,231.6967315673828,142.5218963623047,268.7892761230469,152.22052001953125,326.2236328125,184.79966735839844,376.2301025390625,0
1777,214.17893981933594,148.0945587158203,492.921630859375,149.34933471679688,255.46665954589844,214.5094757080078,231.84329223632812,212.23519897460938,237.21543884277344,241.6904754638672,239.64215087890625,222.2461395263672,226.2109375,226.92552185058594,182.4344482421875,231.20651245117188,137.1928253173828,264.6033630371094,128.51364135742188,307.0190124511719,141.55752563476562,342.0024108886719,0
1778,214.12486267089844,148.09629821777344,492.8885498046875,149.43333435058594,263.5450744628906,211.8279266357422,236.41818237304688,212.06874084472656,246.38031005859375,242.4685516357422,247.50518798828125,221.76783752441406,232.166015625,227.12225341796875,184.84642028808594,232.60696411132812,135.4878692626953,258.25726318359375,121.10416412353516,297.71014404296875,128.62351989746094,335.45526123046875,0
1779,214.17823791503906,148.2324676513672,492.96099853515625,149.3938446044922,269.0150451660156,213.47354125976562,242.3740234375,212.6519317626953,251.02735900878906,243.10215759277344,252.31085205078125,222.24935913085938,238.6373291015625,229.34036254882812,189.29026794433594,231.71665954589844,134.94985961914062,243.88998413085938,106.38194274902344,280.552978515625,110.45862579345703,318.3647155761719,0
1780,214.18003845214844,148.23768615722656,492.9667053222656,149.41200256347656,269.017578125,213.47329711914062,242.3257598876953,212.61294555664062,251.01516723632812,243.09539794921875,252.30101013183594,222.23240661621094,238.611328125,229.32472229003906,189.37228393554688,231.65516662597656,134.9557342529297,243.890869140625,106.38152313232422,280.5538330078125,110.4597396850586,318.36529541015625,0
1781,214.28431701660156,148.458251953125,493.02032470703125,149.36585998535156,258.6033630371094,215.00726318359375,237.8412628173828,215.30535888671875,248.75595092773438,245.58560180664062,248.88143920898438,224.8872833251953,234.9458465576172,229.4124755859375,187.89581298828125,230.83917236328125,132.98414611816406,240.83334350585938,102.47190856933594,281.109130859375,102.28263092041016,326.7692565917969,0
1782,214.24522399902344,148.4356231689453,492.9789123535156,149.4312744140625,246.32301330566406,216.28907775878906,230.47080993652344,214.89358520507812,237.14012145996094,242.7903289794922,237.67063903808594,223.31227111816406,226.37158203125,228.75100708007812,182.59339904785156,228.37261962890625,129.0859375,240.9899139404297,100.60317993164062,282.4596252441406,103.4047622680664,328.5352478027344,0
1783,214.41439819335938,148.40374755859375,493.0187683105469,149.42738342285156,239.23301696777344,216.5238800048828,222.8014373779297,213.6991729736328,234.1458282470703,243.8482666015625,231.53570556640625,223.7203369140625,220.7662811279297,226.60987854003906,179.38795471191406,230.79612731933594,128.018798828125,242.7688446044922,101.35579681396484,282.4977111816406,104.40895080566406,326.5514221191406,0
1784,214.0802459716797,148.69943237304688,493.0107421875,149.48228454589844,236.967529296875,208.96714782714844,218.22344970703125,212.9224090576172,233.11672973632812,237.68028259277344,229.9393768310547,218.5321502685547,218.24032592773438,224.9397735595703,178.20858764648438,231.22743225097656,126.9437026977539,244.69183349609375,100.18589782714844,284.0960693359375,100.77874755859375,325.8472595214844,0
1785,214.0792236328125,148.69320678710938,493.0157165527344,149.48561096191406,236.95228576660156,208.96958923339844,218.22084045410156,212.92498779296875,233.11944580078125,237.6761016845703,229.93536376953125,218.53562927246094,218.23548889160156,224.9447479248047,178.2158203125,231.2294158935547,126.95552825927734,244.6754150390625,100.15072631835938,284.1758728027344,100.7205810546875,325.8585510253906,0
1786,214.22547912597656,148.43270874023438,493.020751953125,149.56585693359375,238.76226806640625,200.12425231933594,218.4145050048828,212.9870147705078,235.4355010986328,233.0229949951172,231.83277893066406,215.51736450195312,219.48812866210938,225.1228485107422,178.7444610595703,231.07054138183594,126.45684814453125,243.62301635742188,99.0090560913086,284.8626403808594,100.33562469482422,326.5760498046875,0
1787,214.1318817138672,148.64007568359375,493.13275146484375,149.6172637939453,245.22755432128906,192.99566650390625,219.29244995117188,208.47705078125,238.60101318359375,230.3097381591797,233.73561096191406,210.17124938964844,221.40420532226562,222.05288696289062,179.06260681152344,230.57313537597656,125.01128387451172,242.27076721191406,96.2734146118164,279.93438720703125,95.9236068725586,320.9318542480469,0
1788,214.08889770507812,148.50399780273438,493.0494079589844,149.5341033935547,248.13450622558594,191.2038116455078,220.1953887939453,208.89706420898438,240.99298095703125,229.75498962402344,235.30218505859375,209.1824188232422,222.67874145507812,222.2208251953125,179.8253631591797,231.01063537597656,125.48580932617188,242.39715576171875,96.29771423339844,280.63958740234375,96.04369354248047,321.6905822753906,0
1789,214.0803985595703,148.29513549804688,493.0139465332031,149.55218505859375,245.87623596191406,187.6282501220703,221.16307067871094,214.04794311523438,243.6441650390625,231.5609893798828,236.10752868652344,211.16241455078125,225.16024780273438,226.70068359375,181.8374481201172,232.7792510986328,126.1799087524414,241.3382110595703,96.4759521484375,279.8997802734375,95.77276611328125,320.6602783203125,0
1790,214.05775451660156,148.3213653564453,492.9048156738281,149.68240356445312,242.09637451171875,185.2484893798828,221.6373748779297,216.109130859375,245.8574981689453,229.70004272460938,236.3300323486328,210.95530700683594,227.23016357421875,228.236083984375,181.5615234375,234.29742431640625,126.23761749267578,240.07998657226562,94.00211334228516,273.46820068359375,92.7074203491211,316.7001953125,1
1791,214.0541229248047,148.3233184814453,492.8965148925781,149.66270446777344,242.13259887695312,185.27513122558594,221.6492919921875,216.15965270996094,245.8826904296875,229.7003631591797,236.32505798339844,210.94996643066406,227.20877075195312,228.24957275390625,181.5292205810547,234.36679077148438,126.23596954345703,240.07525634765625,94.00907897949219,273.4942321777344,92.7088623046875,316.7423095703125,1
1792,213.92889404296875,148.2658233642578,492.89453125,149.6781005859375,241.29534912109375,184.74977111816406,221.1092529296875,216.61343383789062,245.79257202148438,229.25999450683594,235.76321411132812,210.69619750976562,226.98199462890625,228.40216064453125,181.06126403808594,236.63174438476562,126.16200256347656,240.46859741210938,93.33470153808594,274.7585754394531,91.39291381835938,317.7738952636719,1
1793,213.91903686523438,148.1587371826172,492.9668273925781,149.5833740234375,239.16006469726562,184.07154846191406,219.15065002441406,218.28758239746094,245.19815063476562,228.6970977783203,234.20413208007812,210.6167449951172,226.19332885742188,229.21722412109375,180.74655151367188,237.28231811523438,126.34701538085938,241.69268798828125,94.43537902832031,276.2951965332031,91.21660614013672,318.97320556640625,1
1794,214.06663513183594,148.48765563964844,492.8509216308594,149.6702117919922,239.93287658691406,182.0015869140625,216.1626739501953,217.42654418945312,244.71902465820312,227.2242889404297,233.25978088378906,209.38436889648438,224.18603515625,227.61154174804688,179.60182189941406,237.75413513183594,126.65467071533203,241.95968627929688,94.22343444824219,276.23065185546875,91.66802978515625,316.5038757324219,1
1795,214.1320037841797,148.58370971679688,492.9263000488281,149.71566772460938,239.2638702392578,180.2301483154297,215.48580932617188,217.0464324951172,245.1658477783203,226.8937225341797,233.1860809326172,208.79359436035156,223.7353515625,227.1066436767578,180.1287841796875,236.7112274169922,126.8199462890625,241.989013671875,94.94303894042969,276.1495666503906,91.40719604492188,318.6989440917969,1
1796,214.2394561767578,148.59390258789062,492.9374694824219,149.53363037109375,238.95094299316406,182.46054077148438,214.2950439453125,217.65994262695312,243.70376586914062,227.51480102539062,231.03501892089844,211.12413024902344,222.8326873779297,228.22438049316406,179.96849060058594,236.51168823242188,126.83605194091797,241.4154510498047,94.71586608886719,276.5531921386719,91.84310150146484,318.7705078125,1
1797,214.22659301757812,148.5859375,492.8719787597656,149.611083984375,239.03797912597656,182.66989135742188,214.33773803710938,217.5911865234375,243.7224578857422,227.3889617919922,231.05384826660156,210.9312286376953,222.98577880859375,228.07162475585938,179.8299102783203,236.3509063720703,126.83300018310547,241.4221954345703,94.71907806396484,276.5868835449219,91.80387115478516,318.92999267578125,1
1798,214.2811737060547,148.39883422851562,492.9090270996094,149.52755737304688,238.4931182861328,181.7161102294922,214.10391235351562,217.57936096191406,243.58599853515625,227.37303161621094,230.7994384765625,210.5921173095703,222.75653076171875,227.82290649414062,179.0333709716797,235.98297119140625,126.8973159790039,240.77554321289062,94.27313232421875,273.84320068359375,90.80076599121094,315.9464111328125,1
1799,214.3280487060547,148.48626708984375,492.89251708984375,149.61953735351562,237.66168212890625,182.4819793701172,211.5384979248047,218.70144653320312,241.99095153808594,228.01963806152344,228.6955108642578,212.09103393554688,221.78814697265625,228.1715087890625,178.3188934326172,236.75515747070312,127.359619140625,241.2245330810547,94.19477844238281,274.9605407714844,91.37032318115234,317.4670715332031,1
1800,214.28594970703125,148.31300354003906,492.9205322265625,149.6201629638672,236.09861755371094,181.50222778320312,212.6342315673828,218.48422241210938,242.10140991210938,227.9873504638672,228.7272186279297,212.3530731201172,221.8577423095703,228.70094299316406,178.63766479492188,236.96334838867188,128.17918395996094,242.07826232910156,94.01107025146484,282.12835693359375,89.01020050048828,327.2361755371094,1
1801,214.338623046875,148.41969299316406,492.9634704589844,149.5646209716797,234.21046447753906,181.84048461914062,210.3023223876953,219.7616729736328,241.59666442871094,228.4702606201172,227.41050720214844,213.51123046875,221.0618896484375,229.28756713867188,178.80532836914062,238.36936950683594,128.71363830566406,242.41831970214844,96.50724792480469,278.7114562988281,92.42296600341797,320.31976318359375,1
1802,214.33932495117188,148.41746520996094,492.964599609375,149.56546020507812,234.20953369140625,181.8422393798828,210.30348205566406,219.7787628173828,241.6038360595703,228.47808837890625,227.42218017578125,213.50473022460938,221.0888671875,229.2815704345703,178.80758666992188,238.38409423828125,128.70811462402344,242.4075469970703,96.49803161621094,278.6986083984375,92.44309997558594,320.3009338378906,1
1803,214.34286499023438,148.3609161376953,492.8842468261719,149.4807586669922,231.3352813720703,180.8297119140625,205.943359375,220.1273193359375,239.69161987304688,227.28639221191406,224.08644104003906,213.29037475585938,218.53466796875,228.75540161132812,178.74342346191406,239.0183868408203,129.64935302734375,241.6854248046875,95.20157623291016,278.9407958984375,90.05680847167969,324.1707458496094,1
1804,214.3606719970703,148.40487670898438,492.94854736328125,149.59463500976562,233.4907684326172,179.31556701660156,204.92539978027344,216.06649780273438,237.60264587402344,226.43289184570312,223.6881866455078,209.94500732421875,215.9999237060547,225.38619995117188,177.38938903808594,237.25372314453125,129.096435546875,241.90191650390625,93.95389556884766,280.9695129394531,89.74337768554688,325.79150390625,1
1805,214.37730407714844,148.40380859375,492.9103698730469,149.60092163085938,232.45657348632812,178.03973388671875,202.6562042236328,215.54074096679688,236.26712036132812,226.1643829345703,222.4441680908203,207.769287109375,214.5112762451172,224.96762084960938,176.97122192382812,236.93606567382812,130.0524444580078,242.39501953125,96.5980224609375,279.6763916015625,92.34947967529297,321.7923583984375,1
1806,214.59523010253906,148.3246307373047,492.9788513183594,149.64381408691406,230.11073303222656,179.76756286621094,198.03773498535156,217.60882568359375,232.12269592285156,228.75965881347656,218.15074157714844,209.69024658203125,208.9213104248047,227.39962768554688,172.85130310058594,236.22293090820312,128.74517822265625,240.8715362548828,94.95758819580078,277.3034973144531,90.84876251220703,320.85626220703125,1
1807,214.59046936035156,148.3379364013672,492.998291015625,149.63760375976562,230.111083984375,179.7630615234375,198.03762817382812,217.57296752929688,232.12892150878906,228.7488555908203,218.1519775390625,209.6644287109375,208.93310546875,227.3779754638672,172.84214782714844,236.2086944580078,128.74659729003906,240.8728790283203,94.93185424804688,277.3129577636719,90.83409118652344,320.9068603515625,1
1808,214.37234497070312,148.38540649414062,493.1238098144531,149.5208282470703,226.48629760742188,181.73526000976562,194.56494140625,217.4088897705078,228.0728302001953,230.41830444335938,214.63380432128906,213.6752166748047,205.43484497070312,229.1472930908203,169.28353881835938,236.85498046875,127.16400146484375,241.21759033203125,92.05421447753906,280.3945007324219,85.95667266845703,334.8102111816406,1
1809,214.1464385986328,148.20452880859375,493.0263977050781,149.64877319335938,230.2997589111328,186.34689331054688,192.95773315429688,215.4483642578125,223.30271911621094,234.59017944335938,212.94635009765625,215.4034881591797,202.76075744628906,228.8312225341797,168.23037719726562,234.01783752441406,126.51880645751953,241.078857421875,92.34515380859375,280.5376281738281,86.12112426757812,331.7877502441406,1
1810,214.2530059814453,148.3033905029297,493.16998291015625,149.6563262939453,234.9888153076172,190.01419067382812,197.28968811035156,213.90187072753906,223.6925506591797,235.68785095214844,217.11573791503906,214.80123901367188,204.41403198242188,227.9849395751953,167.63162231445312,232.1876678466797,126.19029235839844,240.9458465576172,92.71996307373047,280.4456481933594,86.06533813476562,332.3919982910156,0
1811,214.52816772460938,148.72056579589844,493.1035461425781,149.7676239013672,243.5950164794922,194.18983459472656,204.9068145751953,212.7322540283203,228.10169982910156,235.62850952148438,222.7194366455078,215.2609405517578,209.29708862304688,226.8744659423828,169.5987548828125,233.0581512451172,125.83914184570312,239.10098266601562,90.83464813232422,280.7183837890625,86.02687072753906,330.260986328125,0
1812,214.53501892089844,148.73829650878906,493.1362609863281,149.7676239013672,243.58750915527344,194.18344116210938,204.9617156982422,212.72052001953125,228.10818481445312,235.62913513183594,222.7252655029297,215.2654571533203,209.29417419433594,226.86624145507812,169.66831970214844,232.98333740234375,125.84688568115234,239.10406494140625,90.81885528564453,280.7967529296875,85.9819564819336,330.4793395996094,0
1813,214.37486267089844,148.64540100097656,493.2451171875,149.5955352783203,248.32168579101562,191.71437072753906,210.404296875,209.8989715576172,232.31065368652344,234.11781311035156,227.4204864501953,213.33534240722656,213.52919006347656,224.5872039794922,171.1053466796875,230.79005432128906,125.95429992675781,238.6910400390625,91.67567443847656,276.9053649902344,89.22549438476562,319.0498962402344,0
1814,214.38473510742188,148.89630126953125,493.2546081542969,149.6940460205078,258.8464660644531,188.4744873046875,223.12095642089844,204.53713989257812,242.86007690429688,228.3181915283203,238.17396545410156,207.32005310058594,224.16943359375,218.8367156982422,181.28573608398438,227.78700256347656,127.88432312011719,238.27072143554688,94.2713851928711,269.6916198730469,88.83904266357422,311.6294250488281,0
1815,214.2611541748047,148.93402099609375,493.1887512207031,149.57025146484375,264.7552490234375,187.9766387939453,231.52793884277344,202.32720947265625,251.0249481201172,225.7523956298828,246.70306396484375,206.70721435546875,232.9960479736328,217.36160278320312,185.6245880126953,226.28028869628906,130.52334594726562,236.56980895996094,96.796630859375,265.1582336425781,87.9925765991211,307.2824401855469,0
1816,214.44500732421875,148.69093322753906,493.215576171875,149.79273986816406,282.1105041503906,193.03375244140625,252.63970947265625,199.5562286376953,265.69207763671875,226.39126586914062,264.3293151855469,206.2658233642578,250.28660583496094,215.26622009277344,199.70579528808594,225.0220184326172,139.6639862060547,236.6146240234375,101.86251068115234,266.9664306640625,88.66950225830078,309.31396484375,0
1817,214.43496704101562,148.6793212890625,493.13848876953125,149.8003692626953,282.1422424316406,193.02044677734375,252.6278076171875,199.52951049804688,265.66986083984375,226.4079132080078,264.2985534667969,206.23524475097656,250.18902587890625,215.28756713867188,199.63272094726562,224.9623565673828,139.6826934814453,236.60812377929688,101.86204528808594,266.95172119140625,88.68060302734375,309.30572509765625,0
1818,214.374267578125,148.45672607421875,493.1172790527344,149.8771514892578,289.5291748046875,194.8451385498047,262.43536376953125,197.84104919433594,275.2140197753906,225.7107391357422,272.20880126953125,206.20213317871094,258.2630310058594,213.65072631835938,208.28448486328125,224.04531860351562,145.75616455078125,236.7211151123047,106.6110610961914,267.8260803222656,88.1671371459961,311.5283508300781,0
1819,214.64373779296875,148.17555236816406,493.1657409667969,149.8144073486328,300.9069519042969,191.67364501953125,273.8362731933594,194.78253173828125,284.7841491699219,223.0376434326172,283.77337646484375,202.7702178955078,271.1105651855469,211.1735076904297,220.43759155273438,219.24818420410156,161.1077880859375,228.47113037109375,117.16263580322266,247.26722717285156,88.8243637084961,280.4796142578125,0
1820,214.49545288085938,148.3792724609375,493.1836853027344,149.77610778808594,307.0694885253906,193.18165588378906,279.9057922363281,193.27664184570312,288.6787414550781,224.71556091308594,288.54302978515625,203.03195190429688,274.90118408203125,208.01246643066406,224.51739501953125,218.2199249267578,164.4691162109375,233.09515380859375,121.41936492919922,248.32200622558594,91.48760986328125,283.41278076171875,0
1821,214.6460723876953,148.1865692138672,493.1848449707031,149.80178833007812,310.4477233886719,194.1717987060547,281.8646545410156,192.7736358642578,292.9645690917969,224.60780334472656,293.0148620605469,203.80442810058594,278.2611999511719,209.88194274902344,227.9293975830078,221.7335662841797,168.3779754638672,239.02352905273438,129.16073608398438,256.1834411621094,100.24148559570312,294.7796630859375,0
1822,214.65277099609375,148.1814422607422,493.2054138183594,149.82540893554688,310.4429016113281,194.18994140625,281.8504638671875,192.79666137695312,292.96392822265625,224.5966339111328,292.99139404296875,203.79556274414062,278.2498779296875,209.90728759765625,227.6885986328125,221.99481201171875,168.3621063232422,239.0227813720703,129.1237335205078,256.2344970703125,100.20125579833984,294.8599548339844,0
1823,214.56271362304688,147.94725036621094,493.2280578613281,150.06239318847656,316.99627685546875,196.44976806640625,287.39141845703125,195.78594970703125,296.59765625,225.74330139160156,297.9214172363281,205.185302734375,283.6421813964844,212.00393676757812,232.4134521484375,225.1062469482422,175.32379150390625,242.3907012939453,135.47215270996094,263.8039855957031,113.61563873291016,301.05322265625,0
1824,214.51687622070312,148.09228515625,493.2962646484375,150.07810974121094,340.1351013183594,198.45677185058594,311.7374267578125,194.9761199951172,321.4185485839844,225.8362579345703,320.4354553222656,205.87889099121094,306.27301025390625,211.54013061523438,253.4176483154297,223.28070068359375,194.2679901123047,241.57662963867188,148.89317321777344,270.19482421875,114.99575805664062,320.1178283691406,0
1825,214.3964385986328,148.19528198242188,493.3755187988281,150.13023376464844,349.5091247558594,204.4689483642578,319.0966491699219,200.76785278320312,327.1551513671875,232.7118377685547,328.8424377441406,211.49664306640625,314.1893005371094,216.44235229492188,259.6477355957031,223.52268981933594,199.60406494140625,237.15252685546875,151.56390380859375,266.8743591308594,116.96463012695312,316.9523620605469,0
1826,214.21253967285156,148.44268798828125,493.3473815917969,149.86131286621094,353.3194580078125,217.74644470214844,329.07781982421875,208.5115203857422,330.5199890136719,241.05023193359375,333.9244384765625,220.42176818847656,319.9598693847656,222.1246337890625,266.32843017578125,222.51853942871094,208.87863159179688,228.70547485351562,166.91685485839844,249.9585418701172,138.38153076171875,278.94854736328125,0
1827,214.20965576171875,148.44845581054688,493.3599548339844,149.86553955078125,353.3100891113281,217.7489013671875,329.0666198730469,208.51914978027344,330.4776611328125,241.03684997558594,333.893798828125,220.4161376953125,319.93231201171875,222.09646606445312,266.2969055175781,222.5930633544922,208.8819580078125,228.7029266357422,166.9195556640625,249.9568328857422,138.37734985351562,278.9476318359375,0
1828,214.4307403564453,148.38235473632812,493.4202575683594,149.9195098876953,360.4277038574219,229.46307373046875,338.0174560546875,216.0299072265625,337.061767578125,248.14512634277344,342.3235168457031,229.70326232910156,328.5280456542969,229.0186004638672,274.358154296875,223.73936462402344,216.60354614257812,223.7661895751953,169.61026000976562,239.6432647705078,132.52125549316406,274.9762268066406,0
1829,214.4537353515625,148.5585479736328,493.34332275390625,150.0751953125,373.52960205078125,247.98776245117188,356.4844665527344,234.00270080566406,349.5323486328125,265.2554931640625,358.2395935058594,248.07676696777344,345.1601867675781,244.36024475097656,292.34234619140625,234.24655151367188,234.67738342285156,236.20086669921875,189.54153442382812,249.69374084472656,142.69297790527344,293.4347839355469,0
1830,214.5433349609375,148.55450439453125,493.4076843261719,149.9169158935547,376.3240966796875,260.35614013671875,360.88482666015625,247.58778381347656,352.4341125488281,277.5354919433594,360.7381591796875,259.9857177734375,347.4034729003906,257.2264709472656,294.1424865722656,243.31683349609375,237.23574829101562,240.69940185546875,182.61805725097656,262.6844482421875,131.5177764892578,304.73895263671875,0
1831,214.4044189453125,148.56748962402344,493.4631042480469,149.9081268310547,383.23272705078125,271.1451721191406,366.5360107421875,255.71612548828125,358.8607177734375,287.7216491699219,368.1326904296875,269.6857604980469,354.52777099609375,267.4615783691406,300.3883361816406,251.34498596191406,243.14862060546875,244.4938201904297,196.3263397216797,260.6473693847656,143.05673217773438,308.2938232421875,0
1832,214.58914184570312,148.63449096679688,493.4471435546875,149.9346923828125,391.24835205078125,279.4537353515625,375.9942932128906,264.60650634765625,365.3219909667969,294.0148620605469,376.4280700683594,277.6556091308594,362.16741943359375,272.3399963378906,311.3940124511719,253.85528564453125,255.6653289794922,242.70217895507812,202.31683349609375,263.79193115234375,152.43299865722656,305.04180908203125,0
1833,214.55841064453125,148.7483673095703,493.34442138671875,150.0773468017578,416.68316650390625,293.5633544921875,400.0121154785156,279.0747985839844,390.6493225097656,307.8650207519531,401.7872009277344,291.57061767578125,387.4288024902344,287.8581237792969,334.9949951171875,264.2950134277344,283.84735107421875,239.6456298828125,241.14146423339844,237.1992645263672,201.36151123046875,251.3439483642578,0
1834,214.5609130859375,148.68093872070312,493.25213623046875,150.03338623046875,428.30621337890625,299.38836669921875,409.9991760253906,285.9672546386719,401.7043762207031,315.27984619140625,411.25115966796875,297.63336181640625,398.83563232421875,296.22296142578125,346.073974609375,269.80804443359375,297.9667053222656,238.9689483642578,248.72412109375,234.49026489257812,188.9631805419922,251.1976776123047,0
1835,214.44883728027344,148.6985321044922,493.2080383300781,150.110595703125,447.0155029296875,318.9646301269531,429.9857482910156,300.3598937988281,419.6527404785156,329.07855224609375,429.5870666503906,313.3173828125,417.6541442871094,308.40301513671875,363.60894775390625,281.2646179199219,312.63946533203125,256.17559814453125,269.794921875,242.30421447753906,225.4879913330078,245.08883666992188,0
1836,214.45236206054688,148.70257568359375,493.2052001953125,150.08392333984375,446.9652099609375,318.9020690917969,430.0652160644531,300.20770263671875,419.6912536621094,328.9578857421875,429.5812683105469,313.19287109375,417.65679931640625,308.2793884277344,363.7199401855469,281.31982421875,312.6405029296875,256.17547607421875,269.7984924316406,242.2978973388672,225.489013671875,245.0719757080078,0
1837,214.44094848632812,148.57286071777344,493.1105041503906,150.0409393310547,454.099365234375,325.5152587890625,438.4530029296875,308.0649108886719,425.28826904296875,337.2599182128906,437.9917907714844,321.7344665527344,424.0744934082031,315.45867919921875,374.4744567871094,290.45391845703125,318.9389953613281,265.2361145019531,275.1910400390625,255.70632934570312,227.9117889404297,261.2245788574219,0
1838,214.4525604248047,148.78346252441406,493.1239929199219,149.9599609375,471.5704040527344,340.15753173828125,453.5790710449219,319.7762451171875,438.7413024902344,349.93890380859375,452.9624328613281,333.4501647949219,439.66119384765625,328.31488037109375,388.3685607910156,306.8372497558594,329.26165771484375,292.3207702636719,289.15911865234375,289.07501220703125,247.00732421875,296.5007629394531,0
1839,214.447509765625,148.57296752929688,493.09771728515625,149.95208740234375,479.67779541015625,344.28497314453125,463.0023193359375,324.33380126953125,450.3360290527344,354.7587585449219,462.0978088378906,337.748291015625,449.94354248046875,333.0036315917969,396.3037414550781,311.7193603515625,341.0206298828125,290.6786804199219,291.3223876953125,290.97930908203125,228.11228942871094,312.03863525390625,0
1840,214.3629913330078,148.6412353515625,493.01959228515625,150.08291625976562,492.7066955566406,347.8525390625,475.267333984375,327.0837097167969,462.5379638671875,356.6363525390625,473.9523620605469,340.10174560546875,460.5085754394531,336.0016784667969,406.1219177246094,311.9628601074219,355.13702392578125,288.59625244140625,311.7445983886719,283.2514953613281,274.2499694824219,288.6507263183594,0
1841,214.37542724609375,148.66905212402344,493.03826904296875,150.09776306152344,492.7015075683594,347.90692138671875,475.2392272949219,327.0457458496094,463.03411865234375,358.0189514160156,473.85650634765625,340.0753173828125,460.3271484375,335.8981018066406,407.19512939453125,312.27532958984375,355.16290283203125,288.6145935058594,311.7970886230469,283.27777099609375,274.29412841796875,288.6551513671875,0
1842,214.45455932617188,148.67327880859375,493.01654052734375,150.00299072265625,515.8897094726562,356.3301696777344,497.7515869140625,331.60711669921875,485.76611328125,361.42218017578125,496.32513427734375,345.2704162597656,484.3375549316406,341.288818359375,432.6028747558594,313.7514953613281,381.93243408203125,285.2226257324219,338.0115966796875,264.5498962402344,291.66796875,258.3119812011719,0
1843,214.5049591064453,148.68580627441406,493.122314453125,149.90969848632812,534.605712890625,368.5370178222656,520.9597778320312,344.955322265625,505.26123046875,374.0120849609375,518.9871215820312,359.81024169921875,506.91705322265625,352.4175720214844,456.9949035644531,326.40594482421875,402.8706359863281,303.3697814941406,361.74334716796875,276.7402648925781,316.01763916015625,262.5022888183594,0
1844,214.4215850830078,148.71400451660156,493.0184326171875,150.2051239013672,540.555908203125,374.8011779785156,534.2626342773438,351.27020263671875,516.72900390625,378.26141357421875,527.9348754882812,363.34075927734375,519.4348754882812,358.28515625,468.1568908691406,333.7587585449219,414.11553955078125,316.50146484375,376.4639587402344,300.1300964355469,336.2299499511719,276.4468688964844,0
1845,214.49679565429688,148.71832275390625,493.3228454589844,150.08175659179688,559.607177734375,377.91790771484375,551.5400390625,354.3088073730469,537.5579833984375,384.79766845703125,547.32421875,369.75958251953125,535.3433227539062,363.53521728515625,485.0807189941406,344.3989562988281,428.9403991699219,329.7297668457031,379.3810729980469,320.2605895996094,324.8337097167969,321.2203369140625,0
1846,214.4856414794922,148.72406005859375,493.1780090332031,150.29161071777344,559.5762329101562,377.9273986816406,551.5956420898438,354.6031188964844,537.5301513671875,384.83154296875,547.4046020507812,369.84796142578125,535.4451293945312,363.5660400390625,485.1238098144531,344.44390869140625,428.95123291015625,329.7285461425781,379.4017639160156,320.26483154296875,324.90802001953125,321.214111328125,0
1847,214.4600830078125,148.62762451171875,493.0899353027344,150.2462158203125,563.557373046875,377.766845703125,555.4995727539062,358.7519226074219,543.1195678710938,388.1454772949219,552.0464477539062,371.6556701660156,539.84716796875,366.9991455078125,487.9088439941406,344.9141540527344,434.8961181640625,325.3011779785156,395.6301574707031,313.8812255859375,356.9520263671875,304.06524658203125,0
1848,214.51638793945312,148.62734985351562,493.1073913574219,150.10142517089844,572.07861328125,383.0163269042969,559.8492431640625,359.7933044433594,545.3421020507812,387.60345458984375,556.170166015625,373.5837707519531,545.313720703125,367.76611328125,495.1336669921875,341.35760498046875,442.960205078125,318.5130310058594,396.6514892578125,294.7055969238281,347.18194580078125,280.5086669921875,0
1849,214.58074951171875,148.57325744628906,493.1095275878906,149.94235229492188,573.24462890625,383.60528564453125,561.7160034179688,359.7115173339844,546.9669189453125,387.5586853027344,558.227294921875,373.8812255859375,548.0035400390625,367.5822448730469,497.82452392578125,341.0302734375,446.0861511230469,318.8604431152344,397.6394348144531,291.02801513671875,337.78326416015625,274.6701965332031,0
1850,214.64649963378906,148.3802490234375,493.1502380371094,149.9098663330078,565.0497436523438,381.5471496582031,563.8609008789062,361.3164978027344,546.6705322265625,388.1645202636719,557.1966552734375,374.8948059082031,550.0198974609375,368.3024597167969,501.22991943359375,342.3769836425781,447.82891845703125,319.2994079589844,399.2831726074219,295.7475280761719,341.0417175292969,280.3899230957031,0
1851,214.64627075195312,148.3817596435547,493.1504211425781,149.90992736816406,565.0569458007812,381.5382995605469,563.8532104492188,361.3059997558594,546.6756591796875,388.1668701171875,557.1949462890625,374.8875427246094,550.0083618164062,368.2853088378906,501.1441345214844,342.3627014160156,447.82647705078125,319.3106994628906,399.2757263183594,295.74444580078125,341.0236511230469,280.3929443359375,0
1852,214.5664825439453,148.53909301757812,493.051025390625,149.88919067382812,563.1883544921875,379.3773193359375,562.56494140625,361.8324279785156,545.6223754882812,387.92559814453125,555.7610473632812,373.9617919921875,548.2559814453125,368.3918762207031,500.95025634765625,344.5660400390625,446.51617431640625,322.17230224609375,397.54290771484375,295.963134765625,343.4137268066406,281.10382080078125,0
1853,214.51138305664062,148.74600219726562,492.95574951171875,149.761962890625,563.9649047851562,379.0885314941406,560.867431640625,361.66021728515625,546.3328247070312,388.5439758300781,555.0833740234375,373.8929443359375,546.5257568359375,368.9635925292969,497.0878601074219,347.9827575683594,443.3995666503906,329.4909362792969,391.7799072265625,309.5575256347656,333.3683166503906,296.9346923828125,0
1854,214.43649291992188,148.64764404296875,492.9606628417969,149.7690887451172,564.3131103515625,381.822998046875,562.5332641601562,365.0807800292969,546.712890625,390.6199951171875,557.2413940429688,377.8106689453125,549.1090087890625,371.51300048828125,499.1459655761719,348.71282958984375,443.8514404296875,329.6092529296875,392.7685546875,311.29736328125,336.2677001953125,295.7084655761719,0
1855,214.45266723632812,148.69805908203125,492.9626770019531,149.69554138183594,566.74365234375,389.353515625,563.7080688476562,369.258544921875,545.4677734375,393.4207458496094,558.7307739257812,381.6259460449219,550.5126953125,375.6922912597656,502.3200378417969,349.308837890625,448.1957092285156,329.1043395996094,399.1670837402344,306.55108642578125,341.7520751953125,285.12396240234375,0
1856,214.47604370117188,148.6957550048828,492.94036865234375,149.7158203125,566.6768188476562,389.42694091796875,563.6990966796875,369.0364990234375,545.4365844726562,393.3989562988281,558.6246337890625,381.5550537109375,550.39892578125,375.50732421875,501.9328918457031,349.4471130371094,448.1849670410156,329.10565185546875,399.1863708496094,306.5682067871094,341.81658935546875,285.13006591796875,0
1857,214.49693298339844,148.88938903808594,493.03717041015625,149.70010375976562,566.722412109375,390.415283203125,565.9339599609375,372.7742919921875,546.5980834960938,398.6507873535156,559.3327026367188,384.6096496582031,550.7635498046875,378.950439453125,504.3504638671875,350.4380187988281,449.6073303222656,328.946044921875,401.36785888671875,305.4100036621094,347.5244140625,285.3081970214844,0
1858,214.47344970703125,148.82289123535156,492.9771728515625,149.68145751953125,573.7449951171875,399.0014343261719,569.8690185546875,378.1985168457031,551.69091796875,403.5417785644531,565.5140991210938,392.6357116699219,553.595947265625,384.42095947265625,506.81378173828125,350.869384765625,455.33721923828125,329.5619812011719,409.65509033203125,304.7764892578125,355.83746337890625,281.38958740234375,0
1859,214.56710815429688,148.6090850830078,492.9267272949219,149.76229858398438,574.4794311523438,405.713134765625,574.564453125,383.3099060058594,553.876953125,404.58770751953125,567.6088256835938,393.4102478027344,560.1566162109375,386.2445068359375,512.045654296875,352.30322265625,458.8609924316406,329.6811218261719,414.5665588378906,304.2945556640625,362.8622131347656,281.07958984375,0
1860,214.59881591796875,148.68667602539062,492.945068359375,149.83494567871094,576.8876342773438,406.95831298828125,578.3466796875,384.40576171875,556.3048095703125,407.5805969238281,571.5215454101562,396.7965393066406,563.07470703125,388.7794494628906,516.1926879882812,354.58428955078125,463.08648681640625,331.78350830078125,420.9849548339844,306.1294860839844,371.033203125,282.02911376953125,0
1861,214.59799194335938,148.68609619140625,492.95257568359375,149.760986328125,576.8872680664062,406.9588317871094,578.34619140625,384.4071960449219,556.3082275390625,407.5783386230469,571.5199584960938,396.79620361328125,563.0761108398438,388.78411865234375,516.2215576171875,354.5937805175781,463.08624267578125,331.78265380859375,420.9638366699219,306.11273193359375,371.0657043457031,281.9823913574219,0
1862,214.68382263183594,148.64486694335938,492.9767761230469,149.80149841308594,579.864501953125,409.2582702636719,581.054931640625,387.5509948730469,558.1536865234375,409.68780517578125,573.9171142578125,400.27813720703125,565.9312744140625,392.0542297363281,520.8005981445312,358.6802062988281,467.10369873046875,336.36712646484375,426.6517333984375,312.7565612792969,383.04510498046875,288.8445739746094,0
1863,214.64768981933594,148.745849609375,493.02783203125,149.7557373046875,591.341552734375,413.69671630859375,587.322998046875,393.6108703613281,567.9581909179688,419.0520935058594,583.137451171875,408.0296325683594,571.0032348632812,400.0749816894531,522.3092651367188,368.3193664550781,472.6484069824219,350.4656677246094,430.2912292480469,337.2948913574219,387.77960205078125,316.5243835449219,0
1864,214.49234008789062,148.68447875976562,492.9792175292969,149.68319702148438,594.016845703125,412.92132568359375,589.1653442382812,394.5657043457031,571.5538330078125,421.99981689453125,584.3814697265625,408.29632568359375,573.897705078125,401.9981689453125,527.459716796875,372.2970886230469,474.3852233886719,348.9058532714844,430.2696533203125,335.3902587890625,385.1251220703125,321.2720031738281,0
1865,214.58645629882812,148.869873046875,492.9504089355469,149.65866088867188,594.9276123046875,416.5419921875,590.908935546875,397.8003234863281,572.20263671875,422.8360290527344,585.6463623046875,409.7489929199219,576.5722045898438,402.8130187988281,530.0279541015625,372.3876953125,479.6010437011719,345.204833984375,444.62518310546875,332.0009765625,409.3226318359375,310.99078369140625,0
1866,214.59153747558594,148.8883514404297,492.9573974609375,149.65000915527344,594.9376220703125,416.4896545410156,590.9644165039062,397.8919982910156,572.3645629882812,423.048583984375,585.6383056640625,409.8194274902344,576.748046875,402.86639404296875,529.8512573242188,372.1542663574219,479.54638671875,345.1617126464844,444.49609375,331.9384460449219,409.0456237792969,310.96148681640625,0
1867,214.65692138671875,148.77780151367188,492.9095153808594,149.6403045654297,598.0126953125,425.3918151855469,588.6565551757812,397.82354736328125,570.9991455078125,422.3904724121094,586.3078002929688,410.8743896484375,576.2059936523438,403.39410400390625,530.7930908203125,370.1358947753906,483.5350341796875,342.0443115234375,446.240234375,323.06158447265625,409.95758056640625,300.3997802734375,0
1868,214.60940551757812,148.69451904296875,492.99127197265625,149.65615844726562,601.2608642578125,432.6191101074219,590.1412353515625,392.4382629394531,567.4068603515625,414.4205017089844,585.8201293945312,408.6407165527344,575.0250244140625,399.0486755371094,533.530517578125,363.0525207519531,488.8160095214844,333.86669921875,453.9769592285156,299.55584716796875,413.4757995605469,263.90814208984375,0
1869,214.6860809326172,148.7006378173828,492.89801025390625,149.7489471435547,602.0836791992188,435.1011657714844,590.1370239257812,391.99609375,566.5859375,413.2220458984375,585.6004028320312,409.11602783203125,574.529296875,398.4347229003906,533.192138671875,362.1576232910156,488.076904296875,332.65093994140625,452.39990234375,297.9232177734375,410.6962585449219,264.2279968261719,0
1870,214.64791870117188,148.7888946533203,492.9524841308594,149.7741241455078,599.5523071289062,434.60186767578125,588.7153930664062,390.96331787109375,565.4595336914062,411.54913330078125,583.6708984375,408.95361328125,575.4341430664062,396.28521728515625,532.976806640625,361.0268249511719,488.2977600097656,332.3152770996094,453.1772766113281,298.1210632324219,414.14697265625,261.8627014160156,0
1871,214.6451873779297,148.78846740722656,492.943359375,149.7662353515625,599.5639038085938,434.60491943359375,588.7310791015625,390.9128112792969,565.4408569335938,411.5294189453125,583.7252197265625,408.9990234375,575.3203125,396.39886474609375,532.7616577148438,360.9779968261719,488.3100891113281,332.3365478515625,453.1574401855469,298.10498046875,414.1134338378906,261.8149719238281,0
1872,214.65187072753906,148.74375915527344,492.96197509765625,149.69017028808594,590.8863525390625,436.55938720703125,586.724365234375,387.779052734375,560.5333862304688,405.47882080078125,578.9129638671875,405.958984375,569.6626586914062,392.45928955078125,532.096923828125,359.3122253417969,486.78131103515625,330.04681396484375,451.8477783203125,293.3675537109375,412.27716064453125,257.56854248046875,0
1873,214.56570434570312,148.8599395751953,493.23284912109375,149.5849151611328,565.69580078125,445.3890686035156,574.9563598632812,393.5847473144531,540.913330078125,402.9530029296875,560.535888671875,410.3094177246094,556.8455200195312,391.72857666015625,530.815185546875,356.8471984863281,487.7812805175781,323.75946044921875,464.8681640625,289.0701904296875,449.84173583984375,257.60418701171875,0
1874,214.49945068359375,148.8656005859375,493.2496032714844,149.41287231445312,559.5454711914062,456.009765625,569.592041015625,401.57257080078125,535.8290405273438,410.35833740234375,553.9075927734375,419.5408020019531,550.901123046875,401.34515380859375,530.3810424804688,360.7023010253906,487.010498046875,323.089599609375,465.5820007324219,283.9203186035156,441.25592041015625,230.8897705078125,0
1875,214.50572204589844,148.81582641601562,493.22967529296875,149.45053100585938,559.5504760742188,456.0140380859375,569.5989990234375,401.6052551269531,535.8302612304688,410.48980712890625,553.9849853515625,419.5305480957031,550.8358764648438,401.26092529296875,530.3439331054688,360.6257019042969,487.0138854980469,323.10699462890625,465.5954284667969,283.9023742675781,441.2365417480469,230.8719940185547,0
1876,214.57460021972656,148.7449493408203,493.138916015625,149.77760314941406,548.1721801757812,465.3915100097656,563.5477294921875,412.04229736328125,531.1372680664062,415.37542724609375,547.8036499023438,429.3553161621094,545.2872924804688,411.18634033203125,528.069580078125,364.43994140625,486.4330139160156,322.74627685546875,461.557373046875,290.7654113769531,444.1361083984375,260.7475280761719,0
1877,214.57986450195312,148.7452392578125,493.1412658691406,149.7823944091797,548.1805419921875,465.3946228027344,563.5867919921875,411.9377136230469,531.1542358398438,415.3377990722656,547.853759765625,429.2755432128906,545.2335815429688,411.0434875488281,527.77880859375,364.28729248046875,486.46282958984375,322.73333740234375,461.5449523925781,290.73040771484375,444.0777893066406,260.6619567871094,0
1878,214.5204315185547,148.60824584960938,493.1220703125,149.74740600585938,544.3667602539062,469.94329833984375,560.2694702148438,418.00830078125,525.4856567382812,421.8875732421875,542.6341552734375,433.21539306640625,542.5018310546875,414.47332763671875,525.5850219726562,366.8851318359375,487.2102966308594,322.4425964355469,456.4309387207031,281.9535827636719,425.198486328125,242.033935546875,0
1879,214.59454345703125,148.68800354003906,493.1256408691406,149.74684143066406,537.8045043945312,466.3260803222656,554.06201171875,413.00457763671875,519.003662109375,416.54864501953125,536.11865234375,429.1517639160156,534.55712890625,411.9063415527344,522.8173828125,365.4566955566406,488.4085998535156,321.5326232910156,461.5549621582031,284.6502380371094,435.0426330566406,256.4632568359375,0
1880,214.642333984375,148.62014770507812,493.31536865234375,149.7297821044922,535.3836059570312,462.7909851074219,552.6658325195312,411.904541015625,518.8059692382812,414.9212951660156,535.547119140625,427.55609130859375,534.2942504882812,411.71710205078125,522.2886962890625,364.4449157714844,488.2999267578125,320.581298828125,461.23980712890625,281.8457336425781,432.84600830078125,250.44871520996094,0
1881,214.2472381591797,148.56158447265625,493.1307067871094,150.00424194335938,524.7405395507812,457.1072998046875,550.7268676757812,410.5606994628906,515.2330322265625,407.1611022949219,529.5007934570312,422.68292236328125,531.6741333007812,406.8607177734375,522.706787109375,360.5518493652344,488.2574462890625,318.4975891113281,455.0261535644531,276.4729919433594,421.0086364746094,225.6117706298828,0
1882,214.4247589111328,148.55059814453125,493.2257995605469,149.8982696533203,519.47314453125,456.63568115234375,548.4486083984375,411.9685363769531,513.2947387695312,404.8645324707031,526.8927612304688,421.3287353515625,529.4907836914062,407.3379211425781,522.9183349609375,360.5308837890625,488.214111328125,317.2386474609375,453.9195251464844,273.29937744140625,416.82208251953125,218.24398803710938,0
1883,214.42977905273438,148.47003173828125,493.17333984375,149.9187469482422,514.8572387695312,457.9937744140625,545.6919555664062,413.5362243652344,510.0911865234375,406.8867492675781,523.765380859375,423.4365234375,528.22216796875,407.7603759765625,522.2266845703125,361.1383056640625,489.30859375,316.3737487792969,454.4276123046875,270.88629150390625,415.1769104003906,214.41281127929688,0
1884,214.55288696289062,148.4020538330078,493.2099914550781,150.0094757080078,512.1187133789062,461.6324157714844,544.1544189453125,416.1593933105469,507.8844299316406,408.7640686035156,523.11474609375,425.8636169433594,526.1561889648438,409.7645263671875,522.6204833984375,362.67486572265625,489.2347412109375,315.57037353515625,455.12506103515625,269.6077575683594,414.05401611328125,211.72056579589844,0
1885,214.49191284179688,148.4316864013672,493.2357177734375,150.03720092773438,508.6693115234375,473.2582702636719,539.61279296875,424.8753662109375,505.4864807128906,416.3916931152344,517.5701293945312,437.2150573730469,521.4932250976562,419.22589111328125,522.3129272460938,367.26202392578125,490.6432189941406,315.06793212890625,455.75848388671875,267.9229736328125,414.4653015136719,212.8876495361328,0
1886,214.46044921875,148.3754425048828,493.23333740234375,150.0394287109375,508.68487548828125,473.2420959472656,539.609619140625,424.9122619628906,505.48077392578125,416.3851013183594,517.57568359375,437.2242736816406,521.490234375,419.23199462890625,522.2631225585938,367.1930236816406,490.6095886230469,314.8868408203125,455.6778869628906,267.8795166015625,414.2723388671875,212.72518920898438,0
1887,214.57772827148438,148.37144470214844,493.1077880859375,150.00758361816406,506.7958068847656,477.3096618652344,537.5484008789062,430.3962707519531,502.7209167480469,421.89666748046875,514.4805297851562,441.1454162597656,519.0169067382812,424.1542663574219,520.8012084960938,370.3912658691406,491.2637634277344,315.47601318359375,456.9063415527344,268.1305236816406,415.4874267578125,213.24610900878906,0
1888,214.43902587890625,148.4596710205078,493.03436279296875,150.15304565429688,508.097900390625,486.3136291503906,536.2800903320312,438.3669738769531,500.7154846191406,429.2640380859375,513.410400390625,447.5331726074219,517.4390869140625,429.7884521484375,520.546142578125,376.01824951171875,494.2364501953125,317.0518493652344,460.7974853515625,267.4175720214844,417.143310546875,215.27015686035156,0
1889,214.52328491210938,148.5777587890625,492.7174377441406,150.16030883789062,508.60302734375,487.7120666503906,538.25927734375,439.3690185546875,501.1946716308594,430.70361328125,514.5321655273438,448.9468688964844,518.2442626953125,430.64862060546875,521.2261352539062,378.08038330078125,494.69427490234375,318.1167297363281,461.1884460449219,269.3221435546875,419.7241516113281,217.99484252929688,0
1890,214.44480895996094,148.5966796875,492.9460144042969,149.89767456054688,504.9689636230469,488.78857421875,538.0274658203125,440.9660949707031,502.25018310546875,431.0069885253906,513.7840576171875,451.6956481933594,518.1376953125,433.711669921875,521.5803833007812,379.4541320800781,497.2370910644531,321.38116455078125,461.7834167480469,273.3460388183594,418.909423828125,222.98309326171875,0
1891,214.52792358398438,148.52679443359375,492.9292297363281,149.8941650390625,506.27099609375,487.43743896484375,539.8473510742188,440.3717041015625,502.56463623046875,430.25421142578125,515.3847045898438,450.73944091796875,519.1353149414062,432.6307678222656,523.1495971679688,379.9800720214844,498.6404724121094,321.4837646484375,465.5915222167969,275.6895446777344,420.7762145996094,224.4263916015625,0
1892,214.54415893554688,148.5315704345703,492.9685974121094,149.9311981201172,506.2597351074219,487.4402770996094,539.8069458007812,440.2638244628906,502.5495910644531,430.2334899902344,515.3428344726562,450.7587890625,519.12744140625,432.4595031738281,523.0144653320312,379.5848388671875,498.6599426269531,321.4072265625,465.6434631347656,275.7469177246094,420.83441162109375,224.3582305908203,0
1893,214.35508728027344,148.60153198242188,492.980712890625,149.9344482421875,510.1966552734375,486.2681884765625,542.80224609375,438.4835510253906,505.6882629394531,429.0691833496094,518.63232421875,449.2430725097656,522.8340454101562,431.42279052734375,524.1246948242188,378.3970947265625,499.49774169921875,319.2120666503906,470.6555480957031,275.88873291015625,438.55718994140625,241.70030212402344,0
1894,214.29994201660156,148.5939178466797,493.0748596191406,149.86883544921875,513.084716796875,484.99261474609375,544.1215209960938,437.1388854980469,506.1564636230469,427.12200927734375,520.231201171875,447.48541259765625,524.1810302734375,428.80413818359375,524.3721923828125,376.0446472167969,498.56103515625,319.0601501464844,469.2598571777344,271.0086364746094,430.5786437988281,220.99827575683594,0
1895,214.34339904785156,148.52842712402344,493.0746154785156,150.08360290527344,517.80224609375,470.1836242675781,547.2249755859375,422.2264709472656,508.0462341308594,415.4586486816406,523.1246337890625,431.79986572265625,527.4841918945312,415.94866943359375,523.2274169921875,367.9981384277344,492.6994323730469,311.7364501953125,459.2185974121094,265.0649719238281,422.1946105957031,210.732666015625,0
1896,214.33531188964844,148.52154541015625,493.0279846191406,150.06893920898438,517.8130493164062,470.17205810546875,547.2242431640625,422.16461181640625,508.0242919921875,415.4328308105469,523.1373291015625,431.7774963378906,527.4796752929688,415.9242248535156,523.140869140625,367.960693359375,492.6938781738281,311.72552490234375,459.22271728515625,265.0707092285156,422.2037658691406,210.74298095703125,0
1897,214.18572998046875,148.5963134765625,492.9396057128906,149.98443603515625,520.3375244140625,461.8099060058594,545.38427734375,415.028076171875,507.6861267089844,411.0541076660156,524.441650390625,424.4807434082031,526.9154663085938,409.4303283691406,520.0087280273438,362.26861572265625,491.2364807128906,308.4001159667969,455.3540954589844,263.79345703125,420.017822265625,205.09661865234375,0
1898,214.4552459716797,148.57762145996094,493.00927734375,150.00344848632812,521.5546264648438,441.86260986328125,543.3768310546875,395.72772216796875,509.6835021972656,393.9754943847656,523.640380859375,407.6706237792969,525.7788696289062,392.3616943359375,517.464599609375,346.6472473144531,490.25439453125,296.33502197265625,450.30426025390625,255.0961151123047,416.4245910644531,197.81735229492188,0
1899,214.3175811767578,148.40414428710938,492.89300537109375,150.19126892089844,520.4077758789062,427.8973693847656,542.7206420898438,387.6102294921875,508.5114440917969,385.79168701171875,523.2598876953125,397.6805419921875,524.0353393554688,382.82305908203125,518.0001831054688,340.21453857421875,492.7080078125,287.93829345703125,453.548095703125,248.384521484375,413.41107177734375,193.44155883789062,0
1900,214.3939971923828,148.56813049316406,493.0438537597656,149.96534729003906,496.4312744140625,410.7785339355469,529.427734375,390.8503723144531,498.5413818359375,376.6342468261719,507.8098449707031,390.6483154296875,512.8341064453125,378.9630432128906,513.1135864257812,332.388671875,497.46246337890625,276.2261657714844,467.3241271972656,237.37969970703125,413.7398986816406,184.6095733642578,0
1901,214.36221313476562,148.459716796875,493.1783447265625,150.03501892089844,488.24737548828125,405.90301513671875,522.7279052734375,389.0050354003906,492.1647644042969,373.9850769042969,499.7210693359375,389.23956298828125,507.8460998535156,378.8136901855469,512.403564453125,332.5499267578125,500.9170227050781,275.13604736328125,466.2705078125,229.43621826171875,416.3126220703125,186.5282745361328,0
1902,214.39846801757812,148.56021118164062,493.1302185058594,149.92173767089844,479.52508544921875,397.9988708496094,515.2305297851562,392.05859375,488.1156921386719,372.92132568359375,493.64862060546875,387.62469482421875,504.32305908203125,377.8752746582031,511.4464111328125,331.2512512207031,501.7152099609375,274.6798400878906,466.7621765136719,228.86961364746094,415.04962158203125,183.39797973632812,0
1903,214.4374542236328,148.43968200683594,493.0940246582031,149.68096923828125,473.52783203125,392.7255859375,507.83367919921875,394.8526306152344,484.9541015625,371.2535095214844,487.4290771484375,385.3852233886719,498.3748474121094,377.80230712890625,512.558837890625,332.8525390625,503.4205322265625,275.6556396484375,468.67266845703125,229.70059204101562,418.00628662109375,187.17674255371094,0
1904,214.44393920898438,148.4573211669922,493.0712890625,149.69818115234375,473.4677734375,392.72235107421875,507.8506774902344,394.81610107421875,485.0133361816406,371.3092956542969,487.41973876953125,385.3824768066406,498.4225158691406,377.80084228515625,512.5957641601562,332.8878479003906,503.4111328125,275.65728759765625,468.7016906738281,229.72787475585938,418.132568359375,187.47190856933594,0
1905,214.5205078125,148.51171875,493.2225341796875,149.79737854003906,468.925537109375,386.0582580566406,496.4143981933594,395.06524658203125,476.8193054199219,370.7195129394531,478.8164978027344,384.0529479980469,490.3172302246094,377.85235595703125,513.48828125,336.48291015625,512.13720703125,276.2358703613281,481.2292175292969,229.80885314941406,424.2661437988281,191.83685302734375,0
1906,214.53260803222656,148.50730895996094,493.21856689453125,149.80462646484375,468.93450927734375,386.0669250488281,496.4264221191406,395.05181884765625,476.8154296875,370.72198486328125,478.8171691894531,384.0560607910156,490.3199157714844,377.8413391113281,513.4544067382812,336.4856262207031,512.1425170898438,276.21466064453125,481.2213134765625,229.8032684326172,424.26861572265625,191.8377227783203,0
1907,214.35037231445312,148.4859161376953,493.3498840332031,149.7128448486328,463.65826416015625,385.72698974609375,492.3548889160156,396.0868225097656,473.7826232910156,370.6522521972656,474.605712890625,383.4483642578125,487.9067687988281,376.6814880371094,512.3070068359375,338.525390625,515.880615234375,279.6245422363281,490.3736267089844,227.104736328125,438.7099609375,193.9740753173828,0
1908,214.36412048339844,148.4232635498047,493.22314453125,149.98355102539062,441.4385070800781,381.7998352050781,474.4917907714844,399.1005554199219,462.4341735839844,370.6450500488281,459.0716857910156,383.21368408203125,471.6370544433594,380.7139587402344,505.9624328613281,347.8283996582031,522.458251953125,292.4351806640625,505.8353576660156,240.19068908691406,468.8475036621094,198.94879150390625,0
1909,214.45413208007812,148.50784301757812,493.1834411621094,149.9038848876953,428.88458251953125,375.8466491699219,459.9072570800781,397.2283630371094,454.26483154296875,367.4587097167969,447.3948059082031,379.13922119140625,461.5535583496094,379.0615234375,502.2311706542969,355.0869140625,524.2277221679688,300.739501953125,508.9588928222656,253.36656188964844,470.7650146484375,206.57943725585938,0
1910,214.447265625,148.44471740722656,493.1152038574219,149.95065307617188,416.5688171386719,370.8590087890625,447.44805908203125,394.4653625488281,444.376220703125,366.2995910644531,436.53021240234375,376.62591552734375,451.10125732421875,378.6069030761719,492.354248046875,359.8837585449219,524.129150390625,310.2774658203125,508.467041015625,265.27923583984375,474.74224853515625,223.4010467529297,0
1911,214.4496612548828,148.447998046875,493.0404052734375,150.02076721191406,416.573974609375,370.85650634765625,447.4012451171875,394.47528076171875,444.35406494140625,366.2577819824219,436.49932861328125,376.6108093261719,451.09149169921875,378.6185302734375,492.8114929199219,359.77777099609375,524.2014770507812,310.2232360839844,508.4576416015625,265.2545471191406,474.72589111328125,223.36895751953125,0
1912,214.35560607910156,148.505615234375,492.9735107421875,150.0530242919922,406.7982482910156,368.0860900878906,433.98443603515625,394.69915771484375,431.857666015625,365.33660888671875,424.1498107910156,375.38177490234375,439.5094299316406,377.686279296875,484.657470703125,364.2925720214844,524.7390747070312,317.4366760253906,514.2623291015625,275.229736328125,485.7549743652344,236.18429565429688,0
1913,214.44065856933594,148.47113037109375,493.0898132324219,149.98594665527344,366.5867614746094,370.1707763671875,395.87237548828125,393.8774108886719,395.8371276855469,363.6561279296875,386.77001953125,374.8799133300781,402.62335205078125,377.1578063964844,456.3367004394531,371.93255615234375,515.6917114257812,351.41986083984375,528.4577026367188,309.17010498046875,516.554443359375,264.4195251464844,0
1914,214.58062744140625,148.4803466796875,492.9628601074219,150.0221710205078,351.38775634765625,369.4166259765625,379.8512878417969,393.5531005859375,381.4742736816406,363.013916015625,371.6053771972656,374.1732482910156,387.16961669921875,377.2279357910156,440.78887939453125,374.5409240722656,504.68560791015625,363.3928527832031,533.1925048828125,329.0027160644531,521.6771240234375,277.2180480957031,0
1915,214.6636199951172,148.5682373046875,493.084228515625,149.90235900878906,318.06707763671875,374.2543640136719,350.4466247558594,395.4969177246094,352.70111083984375,363.22174072265625,341.3254089355469,376.7988586425781,357.4017333984375,378.8043518066406,409.3096923828125,378.88330078125,469.7698059082031,366.71636962890625,515.4186401367188,362.31787109375,529.7979736328125,319.7204895019531,0
1916,214.7683868408203,148.64981079101562,493.01812744140625,149.94309997558594,307.5181884765625,378.030517578125,338.7566833496094,396.5625305175781,338.8620300292969,364.9729919433594,329.1511535644531,377.2396545410156,345.2656555175781,379.6418151855469,396.3784484863281,375.04052734375,458.0324401855469,363.1777038574219,496.3626708984375,365.1343078613281,525.951416015625,332.996826171875,0
1917,214.7274627685547,148.61753845214844,493.02337646484375,149.94467163085938,307.5137939453125,378.019287109375,338.7575378417969,396.5548400878906,338.837158203125,364.9618835449219,329.10888671875,377.23248291015625,345.22125244140625,379.6086730957031,396.3674621582031,375.0500183105469,458.02130126953125,363.17236328125,496.35858154296875,365.069091796875,526.0564575195312,332.712158203125,0
1918,214.6893768310547,148.6396026611328,492.9107666015625,149.69671630859375,293.9781188964844,380.23602294921875,325.2431945800781,398.8294372558594,325.97198486328125,368.45263671875,317.8905944824219,380.1063537597656,333.6214294433594,381.8076477050781,387.9070739746094,375.9566345214844,446.72637939453125,368.1291198730469,491.4036560058594,361.5445861816406,515.045166015625,322.44268798828125,0
1919,214.60186767578125,148.74859619140625,492.9474792480469,149.5490264892578,277.71478271484375,382.093994140625,311.78045654296875,403.5249938964844,313.0767517089844,369.01678466796875,302.81976318359375,383.825927734375,318.8828125,385.2389831542969,373.4355773925781,378.60198974609375,434.77508544921875,374.35076904296875,488.6961669921875,364.56976318359375,515.8198852539062,320.2311706542969,0
1920,214.60931396484375,148.59622192382812,493.0845031738281,149.62924194335938,246.86827087402344,376.69171142578125,277.73138427734375,397.5049133300781,281.685302734375,366.2178955078125,269.33599853515625,378.9383850097656,286.708984375,380.9127197265625,340.3170471191406,376.9618835449219,402.5075988769531,367.5785217285156,460.13336181640625,368.30816650390625,510.39910888671875,339.5167236328125,0
1921,214.57888793945312,148.6973419189453,492.9917297363281,149.72705078125,234.955322265625,376.57757568359375,268.9536437988281,395.4317626953125,270.3803405761719,361.42803955078125,258.2095642089844,377.6217346191406,275.18353271484375,378.481201171875,327.4217529296875,373.7138366699219,390.9488830566406,358.6247863769531,455.7392578125,360.1374206542969,504.1831970214844,333.8530578613281,0
1922,214.57521057128906,148.6949462890625,493.017822265625,149.68617248535156,234.95071411132812,376.56475830078125,269.0210876464844,395.43011474609375,270.3965148925781,361.4172058105469,258.2366027832031,377.65313720703125,275.27142333984375,378.5077819824219,327.2724914550781,374.0381164550781,390.8855285644531,358.58544921875,455.7154235839844,360.1121520996094,504.17242431640625,333.9418029785156,0
1923,214.6127166748047,148.6655731201172,492.9962463378906,149.71449279785156,226.04629516601562,377.8287353515625,258.36590576171875,394.78204345703125,257.9676818847656,361.8734436035156,247.9279022216797,375.9718017578125,263.5328369140625,377.21612548828125,319.5636291503906,368.9818420410156,380.4515380859375,355.5481872558594,441.3915710449219,353.927001953125,490.8926696777344,336.7782287597656,0
1924,214.45851135253906,148.81405639648438,492.903564453125,149.79901123046875,217.9445343017578,379.19683837890625,247.59913635253906,396.25616455078125,245.74057006835938,366.0326843261719,238.7797393798828,378.03948974609375,252.94239807128906,378.96954345703125,306.23602294921875,370.0223083496094,370.04937744140625,362.813720703125,431.8482971191406,355.60113525390625,475.7596130371094,336.41571044921875,0
1925,214.47190856933594,148.8925018310547,493.0350036621094,149.86801147460938,184.82044982910156,394.12701416015625,216.52740478515625,409.5611877441406,215.6426239013672,377.0274353027344,205.36903381347656,391.7426452636719,222.0455322265625,391.47869873046875,272.6969909667969,385.5421142578125,334.29498291015625,383.6274108886719,384.63818359375,401.13836669921875,432.54241943359375,394.0719299316406,0
1926,214.47091674804688,148.89292907714844,493.02752685546875,149.85882568359375,184.81842041015625,394.1221618652344,216.50222778320312,409.5828552246094,215.68495178222656,377.07427978515625,205.40965270996094,391.754150390625,222.08255004882812,391.507080078125,272.6741943359375,385.5465087890625,334.29058837890625,383.62628173828125,384.63873291015625,401.1385803222656,432.5448303222656,394.05877685546875,0
1927,214.66212463378906,148.56431579589844,492.96044921875,149.7477264404297,175.61378479003906,398.6837158203125,210.84478759765625,412.57208251953125,209.10498046875,378.4891357421875,199.5852813720703,393.2440185546875,215.36839294433594,394.30279541015625,264.7581481933594,386.52862548828125,327.2610778808594,379.0514221191406,379.47442626953125,403.7198791503906,435.3469543457031,409.0531311035156,0
1928,214.4995880126953,148.6177978515625,492.9613342285156,149.7335662841797,174.6902313232422,397.0655212402344,201.6708221435547,417.1473083496094,201.25636291503906,382.1684265136719,192.32321166992188,396.5877685546875,206.3358154296875,396.9302673339844,252.7917938232422,387.3746337890625,313.6734313964844,371.2481384277344,366.2730712890625,384.85455322265625,409.7079772949219,390.2110290527344,0
1929,214.61500549316406,148.55331420898438,492.8708190917969,149.72854614257812,175.4988250732422,395.8896789550781,199.50912475585938,413.4768371582031,197.65777587890625,381.199951171875,189.99417114257812,395.4448547363281,202.50811767578125,395.7090148925781,249.6356201171875,384.49945068359375,310.1983337402344,367.99920654296875,365.4104919433594,381.4254150390625,422.62347412109375,376.30029296875,0
1930,214.5250701904297,148.53977966308594,493.009033203125,149.5267791748047,182.9381866455078,389.77410888671875,198.96255493164062,410.6290283203125,195.18563842773438,376.49700927734375,189.35520935058594,392.3060302734375,200.87005615234375,393.52288818359375,245.8311767578125,378.34991455078125,306.08526611328125,363.9851989746094,358.5679016113281,375.2391357421875,407.1192321777344,377.5780944824219,0
1931,214.51107788085938,148.52645874023438,493.0050964355469,149.53152465820312,182.9032745361328,389.7991943359375,198.98777770996094,410.59930419921875,195.1587677001953,376.47564697265625,189.3675994873047,392.32733154296875,200.94284057617188,393.4773254394531,245.89663696289062,378.2371826171875,306.105224609375,363.99346923828125,358.5846862792969,375.24249267578125,407.1282043457031,377.5877685546875,0
1932,214.5626220703125,148.69699096679688,493.03948974609375,149.54766845703125,185.7271728515625,390.52374267578125,198.61956787109375,409.0144958496094,194.37741088867188,375.4067077636719,188.8380126953125,392.0052795410156,200.74093627929688,392.3460998535156,244.1498260498047,377.6903991699219,303.48974609375,364.32861328125,356.9749755859375,373.68450927734375,409.361572265625,373.50640869140625,0
1933,214.44374084472656,148.65232849121094,493.0321960449219,149.55667114257812,181.0924072265625,392.45074462890625,196.7223358154297,410.2231750488281,191.00311279296875,377.5452880859375,186.76016235351562,393.0967712402344,198.33340454101562,392.2254333496094,242.81118774414062,377.5721435546875,302.9769592285156,363.9617614746094,354.3293151855469,375.2297058105469,408.041748046875,378.2769775390625,0
1934,214.59178161621094,148.6455841064453,492.9140319824219,149.55426025390625,179.64077758789062,389.2540283203125,194.58444213867188,410.52679443359375,189.4468994140625,376.6383361816406,185.22674560546875,392.0886535644531,197.02532958984375,393.7041931152344,240.89894104003906,377.1771545410156,301.3080139160156,364.415771484375,351.98980712890625,375.6028747558594,403.0325012207031,380.4051208496094,0
1935,214.68019104003906,148.3782196044922,492.8954162597656,149.76031494140625,179.29586791992188,385.903564453125,192.0897216796875,409.604248046875,189.98410034179688,374.6366882324219,184.85653686523438,390.24517822265625,195.1128692626953,394.0250244140625,239.4355010986328,380.78131103515625,299.0233154296875,372.3371887207031,345.6714782714844,387.1170959472656,384.95660400390625,402.2019958496094,0
1936,214.69638061523438,148.3909454345703,492.91455078125,149.7379150390625,179.28347778320312,385.96429443359375,192.11610412597656,409.60797119140625,190.00082397460938,374.6275329589844,184.89108276367188,390.2758483886719,195.1609649658203,394.0059509277344,239.4576416015625,380.7798156738281,299.0215759277344,372.3409118652344,345.6667785644531,387.12567138671875,385.02581787109375,402.1934814453125,0
1937,214.63284301757812,148.474853515625,492.8829650878906,149.71861267089844,180.5618133544922,388.5555725097656,193.51170349121094,410.5985412597656,190.51490783691406,374.99951171875,185.6862335205078,390.8117980957031,196.22186279296875,394.4481506347656,241.7369384765625,383.971923828125,300.1982421875,374.73126220703125,347.01373291015625,397.06787109375,387.99346923828125,414.163818359375,0
1938,214.58680725097656,148.53709411621094,493.0533752441406,149.71778869628906,185.1369171142578,393.18621826171875,197.37425231933594,413.3317565917969,194.26710510253906,379.6289367675781,189.6962432861328,396.5550231933594,199.84588623046875,396.4918212890625,244.82208251953125,385.7962341308594,303.44793701171875,375.314453125,347.2110290527344,404.6768493652344,408.3128967285156,430.0970153808594,0
1939,214.53302001953125,148.59033203125,493.00445556640625,149.80104064941406,185.2665252685547,393.45220947265625,197.27085876464844,414.7356262207031,194.16290283203125,380.4347839355469,189.7254180908203,397.0104675292969,199.6589813232422,397.7015380859375,244.9206085205078,385.8844299316406,303.1094665527344,374.1325988769531,347.6399230957031,402.9091796875,404.2013244628906,425.7112121582031,0
1940,214.57119750976562,148.46852111816406,493.0972900390625,149.87440490722656,181.13868713378906,398.6390380859375,197.35194396972656,419.7604675292969,190.81930541992188,385.137451171875,187.73289489746094,400.5020751953125,197.18162536621094,400.9300537109375,242.9783935546875,386.18487548828125,301.3076477050781,373.0464782714844,343.51641845703125,399.83441162109375,398.8624267578125,421.162841796875,0
1941,214.5777587890625,148.4627685546875,493.1144104003906,149.7930908203125,181.15789794921875,398.651123046875,197.3621063232422,419.7636413574219,190.76719665527344,385.20025634765625,187.74114990234375,400.51409912109375,197.12147521972656,400.946044921875,243.13095092773438,386.0198059082031,301.2950439453125,373.02081298828125,343.4722900390625,399.796630859375,398.8650207519531,421.1777038574219,0
1942,214.54751586914062,148.5164031982422,493.1062927246094,149.73057556152344,178.75283813476562,403.02728271484375,197.2073974609375,422.1762390136719,188.91323852539062,387.59442138671875,185.48622131347656,403.30743408203125,196.70660400390625,402.38751220703125,242.56581115722656,386.4869079589844,301.12384033203125,372.7996826171875,343.91278076171875,399.6554260253906,398.6256103515625,421.69775390625,0
1943,214.52084350585938,148.6022491455078,493.1201477050781,149.7112579345703,170.08712768554688,404.793701171875,188.74554443359375,424.6318054199219,183.29385375976562,391.8186950683594,178.27513122558594,406.2680358886719,190.41348266601562,406.49468994140625,237.28598022460938,388.66070556640625,298.6893615722656,373.0965881347656,344.0154113769531,398.115478515625,399.0180358886719,419.0657653808594,0
1944,214.3475799560547,148.6090850830078,493.1421203613281,149.7255859375,166.4022674560547,407.3586730957031,184.66134643554688,425.2408752441406,177.41421508789062,392.45574951171875,173.4420928955078,407.6241455078125,184.83079528808594,408.463134765625,233.6920623779297,390.1841735839844,295.5617980957031,373.41436767578125,341.574951171875,397.6822814941406,396.9765319824219,422.5321350097656,0
1945,214.32093811035156,148.62954711914062,493.08465576171875,149.6904754638672,161.91815185546875,418.36224365234375,182.92922973632812,426.1427917480469,168.3206787109375,398.70257568359375,168.57424926757812,415.2425842285156,179.05807495117188,409.9625244140625,227.7802276611328,391.8332214355469,286.5155029296875,377.8309326171875,328.8353576660156,403.5754699707031,368.56622314453125,427.1136779785156,0
1946,214.33152770996094,148.6269073486328,493.1143493652344,149.65774536132812,161.9135284423828,418.3674011230469,182.92703247070312,426.1468505859375,168.29795837402344,398.704345703125,168.5671844482422,415.2585144042969,179.06289672851562,409.9741516113281,227.81178283691406,391.8446044921875,286.5765075683594,377.8346252441406,328.9906921386719,403.7275085449219,369.0538024902344,427.37493896484375,0
1947,214.57044982910156,148.70298767089844,493.2112731933594,149.58428955078125,161.45787048339844,421.8528137207031,181.80960083007812,427.34027099609375,166.07418823242188,401.3811340332031,167.9976043701172,417.09112548828125,177.2212371826172,411.77130126953125,224.54464721679688,394.6792297363281,281.6101379394531,379.8791809082031,324.3655090332031,402.2501525878906,365.1227722167969,429.0552978515625,0
1948,214.36083984375,148.69862365722656,493.2403564453125,149.6691131591797,154.8223114013672,434.3150329589844,179.1228790283203,430.570556640625,163.3970184326172,404.48992919921875,163.80322265625,422.7405700683594,174.98553466796875,415.8401794433594,220.456298828125,399.0036926269531,277.97589111328125,383.88787841796875,315.7359619140625,406.6278381347656,339.24517822265625,430.2268371582031,0
1949,214.4036865234375,148.69192504882812,493.2982177734375,149.66880798339844,153.88941955566406,437.7422790527344,179.09974670410156,433.9332275390625,161.87623596191406,407.52667236328125,162.35379028320312,425.7525939941406,174.2131805419922,419.16595458984375,217.61085510253906,399.3524169921875,274.9068603515625,379.3276672363281,313.0280456542969,404.1960754394531,336.463134765625,429.1259460449219,0
1950,214.41795349121094,148.7252197265625,493.2171325683594,149.69207763671875,157.46783447265625,437.3295593261719,181.3611297607422,433.634033203125,162.17239379882812,408.6252136230469,165.46629333496094,426.0400390625,175.06878662109375,418.84454345703125,216.41433715820312,397.7841796875,272.7986755371094,372.315185546875,311.19952392578125,395.4618225097656,331.725830078125,418.68780517578125,0
1951,214.36973571777344,148.7106170654297,493.20880126953125,149.70181274414062,157.4677734375,437.3171081542969,181.36146545410156,433.6349792480469,162.1732940673828,408.6272888183594,165.46327209472656,426.03826904296875,175.0677947998047,418.8416442871094,216.4147186279297,397.78643798828125,272.8067626953125,372.3103942871094,311.2005920410156,395.4698486328125,331.7265930175781,418.69073486328125,0
1952,214.38299560546875,148.71609497070312,493.2371826171875,149.64402770996094,165.29302978515625,433.0787048339844,183.38946533203125,429.5120849609375,161.65969848632812,407.93450927734375,167.89419555664062,425.3314514160156,175.05088806152344,416.291748046875,216.88067626953125,392.0827331542969,272.4902038574219,365.7827453613281,311.4871520996094,379.795654296875,329.8119201660156,396.4789123535156,0
1953,214.36964416503906,148.71063232421875,493.2548828125,149.56298828125,170.2908172607422,433.1832275390625,186.8206024169922,430.16656494140625,162.44158935546875,410.93914794921875,173.00314331054688,424.9790954589844,179.4127655029297,415.3764343261719,216.90484619140625,388.63311767578125,271.41912841796875,361.91778564453125,314.1993408203125,365.47039794921875,356.56591796875,385.2948913574219,0
1954,214.58291625976562,148.54330444335938,493.2008056640625,149.50062561035156,172.24256896972656,433.9418029785156,187.0696258544922,431.0465393066406,162.7926025390625,412.0230712890625,173.8500518798828,425.6307678222656,180.1564483642578,415.97296142578125,216.6430206298828,389.1847839355469,271.0187072753906,362.2083435058594,314.0141296386719,370.6593933105469,346.5283203125,392.7665100097656,0
1955,214.65835571289062,148.64332580566406,493.2677001953125,149.58193969726562,170.92556762695312,434.01593017578125,187.2203369140625,431.5741882324219,163.5840301513672,412.65478515625,172.83229064941406,426.1221923828125,179.78616333007812,416.5271301269531,216.87466430664062,388.4654846191406,271.3300476074219,361.0504150390625,317.75555419921875,372.9490051269531,358.0372619628906,399.69244384765625,0
1956,214.6101531982422,148.65403747558594,493.2070007324219,149.44102478027344,171.14407348632812,435.430908203125,186.98121643066406,431.67578125,163.29165649414062,413.3922119140625,174.7697296142578,425.8667297363281,179.36856079101562,417.1563415527344,216.72842407226562,388.3665466308594,270.8633117675781,360.8162536621094,316.6175231933594,369.70819091796875,358.3137512207031,395.2894287109375,0
1957,214.5902557373047,148.69114685058594,493.28277587890625,149.43011474609375,171.01309204101562,435.42010498046875,186.96286010742188,431.6943359375,163.2808074951172,413.3060302734375,172.7145538330078,426.8016357421875,179.4273223876953,417.0802307128906,216.8086395263672,388.3561096191406,270.8235168457031,360.8825988769531,316.6812438964844,369.7030944824219,358.4314270019531,395.3479919433594,0
1958,214.39584350585938,148.6017608642578,493.1890563964844,149.48263549804688,172.4642333984375,435.7340393066406,187.420654296875,430.3381042480469,163.89984130859375,413.04949951171875,175.03164672851562,426.7109069824219,180.62814331054688,416.1584167480469,216.663818359375,387.0003967285156,271.1824951171875,358.9476623535156,315.8279724121094,364.3476257324219,358.84765625,389.1940612792969,0
1959,214.4251708984375,148.53768920898438,493.1529846191406,149.41461181640625,169.6602020263672,436.7486267089844,186.6098175048828,430.4630126953125,163.84458923339844,412.231201171875,174.1283416748047,426.1166687011719,179.61846923828125,416.5589294433594,217.03216552734375,387.1766052246094,271.29168701171875,358.44024658203125,317.36114501953125,362.1559143066406,362.1799011230469,386.09332275390625,0
1960,214.31884765625,148.52371215820312,493.2979736328125,149.34698486328125,165.15061950683594,438.8357238769531,183.43667602539062,429.9710998535156,161.85391235351562,412.36566162109375,169.12452697753906,427.0326843261719,175.32644653320312,417.5686950683594,216.06605529785156,387.75537109375,270.827880859375,358.5713806152344,317.04229736328125,364.452392578125,360.3759765625,391.29327392578125,0
1961,214.32403564453125,148.52247619628906,493.30718994140625,149.35150146484375,165.14979553222656,438.8234558105469,183.44068908691406,429.9709777832031,161.8611602783203,412.36431884765625,169.11849975585938,427.0334167480469,175.3284912109375,417.56475830078125,216.07200622558594,387.7549133300781,270.8250427246094,358.544189453125,317.04730224609375,364.46026611328125,360.4039306640625,391.28411865234375,0
1962,214.5902099609375,148.61976623535156,493.2064514160156,149.4132080078125,163.97769165039062,436.2748107910156,182.7235565185547,430.44891357421875,161.58358764648438,411.5545959472656,168.59866333007812,427.06439208984375,175.67210388183594,418.7325439453125,215.82276916503906,388.3244323730469,270.0166320800781,358.68719482421875,317.1117858886719,363.1448974609375,365.416748046875,390.0397033691406,0
1963,214.53233337402344,148.69020080566406,493.2452087402344,149.46786499023438,159.13861083984375,438.81365966796875,183.37937927246094,427.98126220703125,160.37924194335938,408.775390625,167.28175354003906,425.9461364746094,175.5028839111328,415.3389587402344,216.43687438964844,386.966796875,270.78375244140625,359.6869812011719,319.20574951171875,365.72943115234375,365.07122802734375,393.33587646484375,0
1964,214.54920959472656,148.56497192382812,493.20355224609375,149.3558349609375,158.5775146484375,439.0318298339844,183.58151245117188,426.4217224121094,160.08705139160156,408.7040100097656,165.84754943847656,425.4911804199219,174.40428161621094,414.84210205078125,215.62696838378906,386.7742004394531,270.2174987792969,359.97552490234375,319.37054443359375,367.6072998046875,363.857666015625,395.3982238769531,0
1965,214.455078125,148.68177795410156,493.22320556640625,149.454345703125,155.1828155517578,441.10870361328125,183.75233459472656,427.1675720214844,161.51429748535156,405.8402099609375,164.26473999023438,424.4695739746094,175.42613220214844,413.57440185546875,216.48992919921875,386.6332702636719,270.1023254394531,360.7923889160156,318.1717834472656,366.7488708496094,362.25360107421875,394.4275207519531,0
1966,214.46531677246094,148.65895080566406,493.2062072753906,149.44554138183594,155.15228271484375,441.127197265625,183.81069946289062,427.14239501953125,161.55441284179688,405.8011779785156,164.2991943359375,424.4221496582031,175.52642822265625,413.5121154785156,216.71987915039062,386.61114501953125,270.12506103515625,360.77069091796875,318.258056640625,366.7820129394531,362.1737976074219,394.41046142578125,0
1967,214.62962341308594,148.73028564453125,493.1628723144531,149.46607971191406,154.73133850097656,445.2375183105469,184.5493621826172,426.01068115234375,163.1348419189453,403.3697204589844,165.5225372314453,424.1979064941406,175.77633666992188,411.99798583984375,217.15135192871094,385.2066650390625,271.0433349609375,361.9935302734375,319.4566650390625,370.0432434082031,358.706787109375,396.02978515625,0
1968,214.5616912841797,148.78428649902344,493.1884765625,149.61473083496094,158.54071044921875,458.2292785644531,192.2994384765625,428.0240478515625,168.20889282226562,408.1256103515625,173.2200927734375,429.44329833984375,181.4727325439453,415.62298583984375,218.66090393066406,383.5902404785156,271.2838439941406,359.9776916503906,320.08740234375,365.6678771972656,364.80926513671875,394.56591796875,0
1969,214.42813110351562,148.78749084472656,493.1112060546875,149.5843963623047,159.50186157226562,459.1231994628906,194.35113525390625,428.4903869628906,167.70973205566406,408.47607421875,173.73765563964844,430.9081726074219,182.73788452148438,417.6362609863281,218.78517150878906,384.2552185058594,270.5955505371094,359.83563232421875,319.99273681640625,364.9845275878906,366.49114990234375,393.99969482421875,0
1970,214.49920654296875,148.99838256835938,493.10980224609375,149.6852569580078,159.77560424804688,458.88092041015625,196.30657958984375,429.26617431640625,169.70358276367188,410.3204040527344,173.1133270263672,432.7868347167969,184.4273223876953,418.670166015625,219.71697998046875,384.5244140625,270.686767578125,359.9076232910156,318.916259765625,364.7723388671875,363.3360290527344,392.8838195800781,0
1971,214.4973907470703,148.99713134765625,493.1101379394531,149.68556213378906,159.82284545898438,458.8926696777344,196.62677001953125,429.35015869140625,169.7511444091797,410.2920227050781,173.30979919433594,432.6532287597656,184.59939575195312,418.3979187011719,219.83058166503906,384.4387512207031,270.690185546875,359.901611328125,318.9040832519531,364.74774169921875,363.3273620605469,392.8753662109375,0
1972,214.38504028320312,148.6193389892578,493.2244567871094,149.5984649658203,159.92401123046875,457.80633544921875,198.86813354492188,429.8260192871094,171.97657775878906,409.1241149902344,176.1317138671875,431.6907043457031,187.30455017089844,417.043701171875,223.0800018310547,385.84332275390625,271.2062072753906,359.0772399902344,321.00958251953125,363.49346923828125,362.8835754394531,391.19488525390625,0
1973,214.48361206054688,148.6695098876953,493.24957275390625,149.6199188232422,162.48373413085938,449.96087646484375,204.5345458984375,424.66595458984375,181.95071411132812,400.5268249511719,180.37777709960938,423.9566955566406,193.54156494140625,411.72705078125,229.60723876953125,381.7911376953125,274.6190185546875,354.7339172363281,327.89056396484375,355.5052185058594,371.47784423828125,384.21661376953125,0
1974,214.39202880859375,148.65135192871094,493.099365234375,149.63113403320312,162.7723846435547,451.1334533691406,205.54293823242188,425.1028137207031,182.46029663085938,401.4294128417969,181.13040161132812,424.48907470703125,194.4049835205078,412.0770568847656,228.3551025390625,382.36370849609375,273.379150390625,355.5647888183594,327.7471008300781,355.7340087890625,366.21685791015625,388.7572021484375,0
1975,214.321044921875,148.66676330566406,493.1714782714844,149.73570251464844,158.81861877441406,458.2496337890625,200.925537109375,428.6524963378906,176.31619262695312,406.1450500488281,177.81625366210938,429.9920349121094,190.0518035888672,415.9757995605469,226.92494201660156,384.2197265625,272.5129699707031,356.5241394042969,328.3348388671875,351.9156494140625,367.7537841796875,386.9470520019531,0
1976,214.30845642089844,148.66944885253906,493.1714172363281,149.6981964111328,158.82412719726562,458.24688720703125,200.90516662597656,428.61114501953125,176.3280487060547,406.1866760253906,177.81015014648438,430.03680419921875,190.03688049316406,416.02838134765625,226.9191436767578,384.2986145019531,272.5074768066406,356.5235900878906,328.33990478515625,351.9195251464844,367.7538757324219,386.97247314453125,0
1977,214.56988525390625,148.7176971435547,493.2410583496094,149.585693359375,159.3400421142578,467.2627258300781,200.7931671142578,431.7286682128906,174.1172637939453,410.713134765625,176.3506317138672,435.42822265625,188.62774658203125,419.9127197265625,225.15965270996094,386.3648986816406,271.71844482421875,357.60498046875,330.1813659667969,349.8594665527344,373.43194580078125,382.9228210449219,0
1978,214.4757537841797,148.5901336669922,493.4230041503906,149.63568115234375,169.15371704101562,477.33905029296875,206.45809936523438,438.2406005859375,175.39898681640625,421.00634765625,182.66796875,443.01678466796875,191.29762268066406,427.6001281738281,221.81942749023438,390.77020263671875,268.7908630371094,361.5512390136719,325.80206298828125,355.4427795410156,362.5874938964844,386.35443115234375,0
1979,214.44712829589844,148.5854949951172,493.3398742675781,149.52442932128906,171.43533325195312,480.4172058105469,207.62579345703125,439.0873718261719,174.23782348632812,424.06292724609375,183.50054931640625,445.7986145019531,190.79171752929688,429.07342529296875,219.89967346191406,392.84112548828125,267.45458984375,362.33953857421875,324.6632080078125,359.2345275878906,358.4640808105469,397.6219177246094,0
1980,214.42889404296875,148.7001495361328,493.41717529296875,149.57176208496094,173.91275024414062,482.76153564453125,206.73765563964844,436.46685791015625,172.4583282470703,424.833740234375,183.11630249023438,445.9521789550781,189.58633422851562,427.6076354980469,217.35997009277344,391.39349365234375,265.3271484375,361.12261962890625,322.8113708496094,356.0605163574219,355.7142028808594,400.97637939453125,0
1981,214.37774658203125,148.46031188964844,493.3495788574219,149.51416015625,172.64324951171875,486.0208740234375,207.8849639892578,440.5105285644531,173.26625061035156,426.28363037109375,183.7260284423828,449.34722900390625,190.21380615234375,429.8399353027344,216.6761932373047,392.1539611816406,262.78790283203125,359.8099365234375,317.6292724609375,344.94854736328125,356.137939453125,369.8936462402344,0
1982,214.19590759277344,148.53517150878906,493.3017272949219,149.43614196777344,170.79563903808594,483.1663818359375,209.26541137695312,440.9219665527344,176.18997192382812,424.2334899902344,184.4282989501953,447.29315185546875,191.7863006591797,429.68621826171875,217.64834594726562,390.84490966796875,261.2283935546875,357.81207275390625,303.676513671875,338.2230224609375,337.24755859375,327.9242248535156,0
1983,214.44442749023438,148.50172424316406,493.2945556640625,149.4010772705078,170.66015625,477.6672668457031,210.12081909179688,438.7131652832031,178.18031311035156,421.0158386230469,185.9534149169922,441.4869079589844,193.90240478515625,427.9763488769531,220.5863494873047,390.18212890625,262.13458251953125,356.18646240234375,318.56353759765625,329.7306823730469,377.8039245605469,315.583984375,0
1984,214.56875610351562,148.4819793701172,493.3588562011719,149.358642578125,167.7506561279297,471.92437744140625,208.7108612060547,436.4620056152344,178.3964385986328,416.8960876464844,183.97039794921875,440.6151428222656,194.39987182617188,425.5316467285156,225.28179931640625,390.04608154296875,264.07666015625,353.27520751953125,318.8734130859375,325.0969543457031,381.359375,317.04913330078125,0
1985,214.5645294189453,148.4900360107422,493.34228515625,149.3570098876953,166.18992614746094,472.4730529785156,208.3821563720703,436.6258239746094,178.96548461914062,415.94158935546875,182.58966064453125,439.4962158203125,194.9322509765625,425.097900390625,225.78585815429688,390.1845397949219,264.2587585449219,353.34014892578125,318.0066223144531,324.4117126464844,381.08197021484375,317.1039123535156,0
1986,214.51573181152344,148.5127410888672,493.2951965332031,149.44161987304688,165.86273193359375,472.54095458984375,208.3125762939453,436.65985107421875,179.21763610839844,415.93121337890625,182.47671508789062,439.3768310546875,194.9804229736328,425.210205078125,225.3382568359375,390.2727966308594,263.9974060058594,353.1922302246094,317.8504638671875,324.5015563964844,380.46038818359375,317.0340881347656,0
1987,214.51528930664062,148.53402709960938,493.218994140625,149.41737365722656,165.05709838867188,469.74041748046875,208.96502685546875,435.24981689453125,180.5991668701172,413.4210510253906,182.76206970214844,437.9350280761719,194.72418212890625,423.3962707519531,225.3514404296875,388.6185302734375,264.0412292480469,352.4973449707031,319.1292724609375,323.4269714355469,381.4758605957031,317.21124267578125,0
1988,214.61048889160156,148.39219665527344,493.1788024902344,149.35836791992188,160.06646728515625,453.20989990234375,207.279052734375,434.16815185546875,184.39671325683594,407.33099365234375,181.42678833007812,430.74639892578125,195.26522827148438,418.8360290527344,226.7617950439453,387.97418212890625,264.4788513183594,351.8968811035156,318.99322509765625,323.2332458496094,382.21234130859375,317.1372985839844,0
1989,214.47189331054688,148.3675994873047,493.195556640625,149.30972290039062,153.9632110595703,420.8077392578125,197.81761169433594,426.7148132324219,189.90841674804688,394.95770263671875,180.41041564941406,413.3277587890625,197.2983856201172,409.6129150390625,232.92483520507812,388.188720703125,270.1421203613281,349.7247619628906,324.0210266113281,318.9987487792969,387.5073547363281,318.8720703125,0
1990,214.51173400878906,148.4141845703125,493.3208923339844,149.33343505859375,157.12832641601562,409.8155212402344,194.86236572265625,425.814453125,191.42295837402344,392.0491638183594,180.39195251464844,409.6210632324219,196.74066162109375,406.4991455078125,233.68145751953125,389.29730224609375,271.8636779785156,350.7990417480469,325.176025390625,318.2947692871094,388.880126953125,317.50115966796875,0
1991,214.4890899658203,148.42991638183594,493.2342834472656,149.38827514648438,157.12371826171875,409.8209228515625,194.86940002441406,425.799072265625,191.41586303710938,392.0409851074219,180.39208984375,409.61297607421875,196.75999450683594,406.490234375,233.67010498046875,389.2997741699219,271.88690185546875,350.7962951660156,325.37103271484375,318.2237548828125,389.27423095703125,317.4584045410156,0
1992,214.4346923828125,148.6870880126953,493.3559875488281,149.4416961669922,159.06674194335938,401.14849853515625,191.62779235839844,423.3819885253906,191.43829345703125,388.9885559082031,180.85800170898438,405.0726623535156,195.9386444091797,405.3067932128906,234.12368774414062,388.4844665527344,274.99041748046875,350.4433288574219,326.19647216796875,318.5238952636719,389.0578918457031,315.9269104003906,0
1993,214.5474395751953,148.6337432861328,493.2637634277344,149.4032440185547,162.2593994140625,394.1286315917969,191.07867431640625,420.66522216796875,192.12033081054688,388.9509582519531,181.99229431152344,401.2554626464844,196.4762420654297,403.42169189453125,235.0099334716797,388.73980712890625,277.1418151855469,351.7907409667969,327.1280212402344,319.0030822753906,390.0361633300781,314.7171630859375,0
1994,214.48765563964844,148.63742065429688,493.32232666015625,149.48077392578125,157.70753479003906,383.1458740234375,183.5379180908203,412.8223876953125,189.7141876220703,381.92242431640625,177.22772216796875,392.7416076660156,192.05484008789062,398.2352294921875,233.79151916503906,388.5535888671875,278.0771179199219,353.33868408203125,328.143798828125,318.898193359375,391.0517578125,314.4220886230469,0
1995,214.48680114746094,148.61192321777344,493.30865478515625,149.31785583496094,158.5252227783203,380.5234375,179.1947021484375,410.125244140625,185.30715942382812,379.7155456542969,174.2530059814453,390.4380798339844,188.54257202148438,394.392822265625,231.327392578125,386.95965576171875,277.6424255371094,353.54119873046875,328.9490966796875,319.077880859375,391.20654296875,314.3162841796875,0
1996,214.45584106445312,148.6177978515625,493.37762451171875,149.41366577148438,154.86639404296875,377.95458984375,175.42453002929688,408.4059753417969,183.5196075439453,376.9305114746094,171.51010131835938,387.52386474609375,184.67808532714844,393.24517822265625,231.562255859375,386.7405090332031,278.1764221191406,354.37860107421875,328.262451171875,320.0985107421875,390.757080078125,314.2562255859375,0
1997,214.4429473876953,148.62437438964844,493.3758850097656,149.41476440429688,154.86785888671875,377.95172119140625,175.43177795410156,408.40460205078125,183.52493286132812,376.93243408203125,171.50924682617188,387.53082275390625,184.6514129638672,393.2672119140625,231.4672088623047,386.779296875,278.1827392578125,354.3868103027344,328.247802734375,320.1050109863281,390.7549743652344,314.2431335449219,0
1998,214.3087158203125,148.39120483398438,493.3092346191406,149.45083618164062,153.46250915527344,377.71478271484375,174.08636474609375,408.2494201660156,181.949951171875,376.2167663574219,170.3457794189453,387.672119140625,184.010009765625,393.6893310546875,230.53363037109375,387.83642578125,278.04217529296875,355.88043212890625,328.8335266113281,321.75946044921875,391.39044189453125,314.20703125,0
1999,214.40188598632812,148.40577697753906,493.3284606933594,149.58792114257812,151.3752899169922,373.3951416015625,169.52767944335938,410.0431213378906,182.2541961669922,379.4466857910156,167.2078094482422,387.63946533203125,181.71925354003906,395.80133056640625,228.3937225341797,393.7789001464844,279.02032470703125,361.8777160644531,328.0370788574219,327.1290283203125,390.24127197265625,312.558349609375,0
2000,214.36502075195312,148.4618682861328,493.2825927734375,149.67532348632812,157.12503051757812,366.918701171875,166.55934143066406,407.41644287109375,184.1580047607422,378.54266357421875,167.58721923828125,384.2701110839844,181.27268981933594,396.1142883300781,227.47314453125,396.3464050292969,279.2186584472656,366.81591796875,326.3901062011719,334.0167541503906,387.9637756347656,308.678955078125,0
2001,214.395263671875,148.52975463867188,493.2445983886719,149.69393920898438,157.13796997070312,366.9280090332031,166.5463409423828,407.427978515625,184.15309143066406,378.5380554199219,167.57037353515625,384.271728515625,181.2481231689453,396.13232421875,227.47128295898438,396.3544921875,279.2150573730469,366.810791015625,326.3993225097656,334.011962890625,387.8664245605469,308.74578857421875,0
2002,214.44012451171875,148.44442749023438,493.34588623046875,149.67718505859375,166.19252014160156,345.4178161621094,166.24606323242188,388.274169921875,186.91966247558594,364.8846435546875,170.68917846679688,366.3018798828125,181.15493774414062,381.3785095214844,227.4855499267578,391.2178039550781,280.8714904785156,370.6892395019531,330.95489501953125,343.5559387207031,389.55548095703125,306.881591796875,0
2003,214.54808044433594,148.5548553466797,493.3372802734375,149.67111206054688,167.03030395507812,334.5827331542969,166.4165802001953,376.7158203125,187.57656860351562,353.91943359375,172.37847900390625,355.53240966796875,181.6228790283203,370.13909912109375,226.52452087402344,386.91204833984375,281.44378662109375,372.17529296875,332.6578369140625,346.27301025390625,387.344970703125,315.9032897949219,0
2004,214.3959197998047,148.65756225585938,493.3802490234375,149.69058227539062,152.29530334472656,308.4356689453125,152.69796752929688,346.0965881347656,174.13250732421875,326.323974609375,158.0585479736328,328.6807861328125,168.56539916992188,340.9467468261719,208.78184509277344,367.5248107910156,264.1500244140625,382.3669738769531,319.2336730957031,376.71990966796875,357.1317443847656,361.2119445800781,0
2005,214.39471435546875,148.65802001953125,493.3795471191406,149.63807678222656,152.30479431152344,308.4099426269531,152.6982421875,346.1123352050781,174.07676696777344,326.2745666503906,157.9586639404297,328.64190673828125,168.5524139404297,340.9783630371094,208.77723693847656,367.32940673828125,264.1712341308594,382.3392028808594,319.2201843261719,376.7225341796875,357.1653747558594,361.19915771484375,0
2006,214.46823120117188,148.66566467285156,493.4296875,149.49404907226562,147.3641815185547,301.23553466796875,145.0364532470703,339.3377380371094,168.3914794921875,318.3451232910156,152.62168884277344,319.3550720214844,161.12940979003906,335.658447265625,202.40882873535156,361.29022216796875,257.1667175292969,383.4824523925781,311.9378356933594,381.8532409667969,348.62530517578125,374.2645263671875,0
2007,214.32968139648438,148.62612915039062,493.41619873046875,149.520263671875,132.3014678955078,293.10101318359375,138.7246856689453,330.2057800292969,160.39862060546875,306.2658386230469,142.9029998779297,310.8417663574219,154.21078491210938,322.193115234375,193.03787231445312,351.7053527832031,240.7150421142578,385.6236877441406,298.4775695800781,392.1837463378906,348.2887268066406,385.80560302734375,0
2008,214.4900665283203,148.76463317871094,493.33062744140625,149.49505615234375,125.11454010009766,288.8455505371094,134.03053283691406,329.076416015625,155.98068237304688,303.5539855957031,137.3675079345703,307.57684326171875,150.09335327148438,319.9909362792969,187.75181579589844,349.9025573730469,232.4304962158203,384.6855163574219,293.6301574707031,393.908203125,355.9201965332031,384.8942565917969,0
2009,214.5280303955078,148.6658935546875,493.3694763183594,149.49940490722656,119.81905364990234,290.8265686035156,127.72608184814453,334.3935546875,151.0327606201172,310.42401123046875,133.13619995117188,314.0018005371094,143.67800903320312,327.5348815917969,181.47718811035156,354.9351806640625,226.00082397460938,382.13250732421875,284.3431396484375,406.1651306152344,335.2131042480469,401.7970886230469,0
2010,214.4973907470703,148.71978759765625,493.3370361328125,149.44505310058594,117.8888931274414,296.2337951660156,127.67068481445312,341.3112487792969,151.67503356933594,315.3162536621094,132.4708251953125,319.6126708984375,143.490234375,333.7048645019531,182.6361083984375,359.4903259277344,228.75732421875,382.01416015625,284.29205322265625,407.8970642089844,343.7789611816406,399.7493591308594,0
2011,214.4694061279297,148.66403198242188,493.22076416015625,149.52964782714844,113.22770690917969,300.3143005371094,130.82513427734375,344.1446228027344,153.84918212890625,314.6221923828125,132.78929138183594,320.67376708984375,146.51812744140625,333.4147644042969,185.31378173828125,361.2077941894531,235.04348754882812,382.58270263671875,287.0086364746094,407.75567626953125,350.66473388671875,398.12066650390625,0
2012,214.47044372558594,148.64671325683594,493.26409912109375,149.5306396484375,113.24649047851562,300.327392578125,130.7897186279297,344.1363830566406,153.72427368164062,314.58502197265625,132.7360076904297,320.65972900390625,146.47703552246094,333.36334228515625,185.43777465820312,361.0884094238281,235.1549835205078,382.6812438964844,287.03912353515625,407.75927734375,350.6478576660156,398.0877685546875,0
2013,214.4607391357422,148.6031951904297,493.175537109375,149.45225524902344,114.88734436035156,301.165771484375,131.8754119873047,342.2751770019531,156.90249633789062,315.10089111328125,134.98887634277344,319.61090087890625,148.57664489746094,331.6158142089844,187.586181640625,361.3629455566406,240.18605041503906,382.7412414550781,288.0443420410156,408.6460876464844,339.2884521484375,406.7457580566406,0
2014,214.62351989746094,148.57606506347656,493.14300537109375,149.45416259765625,114.92887878417969,302.02728271484375,126.99099731445312,344.4664001464844,152.12493896484375,318.46575927734375,130.55848693847656,322.606201171875,142.96946716308594,336.3497314453125,183.95980834960938,361.544921875,235.36874389648438,385.2463073730469,267.6903076171875,414.1195373535156,308.5423278808594,415.35504150390625,0
2015,214.61886596679688,148.62930297851562,493.14813232421875,149.4658966064453,117.10194396972656,300.693603515625,130.6224822998047,345.4595031738281,155.24415588378906,318.5921325683594,133.9214630126953,322.97149658203125,146.84713745117188,336.51312255859375,185.5242919921875,360.1319580078125,234.44766235351562,384.3097229003906,261.100341796875,414.78564453125,305.1435241699219,420.3067626953125,0
2016,214.66342163085938,148.71279907226562,492.9212646484375,149.51136779785156,124.14171600341797,301.0580749511719,137.1895294189453,347.12103271484375,162.46925354003906,321.7021179199219,140.5189971923828,324.0074462890625,152.43955993652344,338.80908203125,188.8485870361328,358.49298095703125,233.42494201660156,382.4621276855469,267.65447998046875,413.16351318359375,318.6997985839844,407.9073791503906,0
2017,214.6763153076172,148.73428344726562,492.9241027832031,149.5141143798828,124.14010620117188,301.0576171875,137.18507385253906,347.1168212890625,162.4687042236328,321.7027893066406,140.52134704589844,324.0062561035156,152.4451141357422,338.8056945800781,188.77359008789062,358.5419006347656,233.44317626953125,382.4613342285156,267.67144775390625,413.1690979003906,318.6910705566406,407.9010925292969,0
2018,214.63356018066406,148.70542907714844,492.966552734375,149.4808807373047,128.33370971679688,303.6471252441406,140.7733154296875,348.3939514160156,165.22494506835938,323.60308837890625,142.9827117919922,327.0366516113281,155.81056213378906,340.3406982421875,190.64556884765625,359.8476257324219,234.2443389892578,382.9857482910156,269.7019958496094,414.01123046875,321.7382507324219,404.7542419433594,0
2019,214.56446838378906,148.64166259765625,492.9321594238281,149.49208068847656,137.44451904296875,306.5477600097656,146.45260620117188,355.989501953125,173.04873657226562,330.47308349609375,151.73744201660156,332.33563232421875,163.70606994628906,346.68841552734375,195.45579528808594,365.766357421875,235.6763458251953,384.87249755859375,267.4273376464844,417.63775634765625,314.16748046875,416.01519775390625,0
2020,214.55502319335938,148.58811950683594,492.9762878417969,149.51004028320312,149.16395568847656,306.3814392089844,148.62149047851562,355.6644592285156,178.4253692626953,334.4272766113281,157.31924438476562,333.9905700683594,166.89524841308594,349.3988342285156,196.9793701171875,368.9609375,235.9712371826172,385.3296813964844,269.233154296875,421.89410400390625,322.95745849609375,414.40765380859375,0
2021,214.50985717773438,148.690185546875,492.9117431640625,149.5321807861328,164.388671875,303.10546875,155.4242706298828,352.7542419433594,188.522705078125,340.3434753417969,167.1368865966797,334.7701721191406,173.76535034179688,350.0694580078125,199.9306640625,372.62158203125,237.2657928466797,383.0107421875,275.73138427734375,418.8093566894531,326.07843017578125,410.89727783203125,0
2022,214.49208068847656,148.7032928466797,492.9449462890625,149.47021484375,168.4205322265625,300.391357421875,158.0932159423828,350.0437316894531,191.40191650390625,339.2210998535156,170.71109008789062,332.55206298828125,175.34547424316406,350.27630615234375,200.84971618652344,373.9536437988281,237.16111755371094,382.15887451171875,279.72869873046875,415.8105163574219,327.97064208984375,407.5857849121094,0
2023,214.46743774414062,148.7546844482422,492.9838562011719,149.47357177734375,168.43240356445312,300.3638610839844,158.1185302734375,350.00885009765625,191.53530883789062,339.29254150390625,170.85986328125,332.6390075683594,175.5015869140625,350.41363525390625,201.0933837890625,374.0687255859375,237.1537322998047,382.1630554199219,279.81683349609375,415.9046630859375,328.0475158691406,407.3341979980469,0
2024,214.43734741210938,148.75279235839844,493.0460510253906,149.52740478515625,171.8081512451172,298.67218017578125,160.79110717773438,348.3377990722656,192.692138671875,339.0238952636719,174.1051025390625,331.79296875,177.89657592773438,349.1290588378906,201.01344299316406,374.1023864746094,237.0973663330078,383.2935485839844,281.8411560058594,417.0394592285156,330.9466552734375,406.28387451171875,0
2025,214.24493408203125,148.64971923828125,493.1220703125,149.53192138671875,174.66957092285156,302.0295104980469,162.7289276123047,350.05657958984375,196.86524963378906,341.7291259765625,175.797607421875,333.4795227050781,180.86891174316406,350.8164367675781,201.22608947753906,374.1441650390625,237.1413116455078,383.9295349121094,279.9103088378906,419.3169250488281,328.9637145996094,416.4966735839844,0
2026,214.367431640625,148.6197967529297,493.0532531738281,149.71022033691406,177.6734161376953,299.9106140136719,165.0792694091797,349.3961181640625,199.29461669921875,340.5205993652344,178.93753051757812,332.0436706542969,183.2080841064453,348.9381408691406,200.57228088378906,373.8792419433594,235.21656799316406,383.3328857421875,273.9768981933594,419.6488037109375,327.1227722167969,421.21209716796875,0
2027,214.38150024414062,148.62960815429688,493.01678466796875,149.695068359375,177.62686157226562,299.9181213378906,165.08551025390625,349.341552734375,199.31143188476562,340.4844665527344,178.9153289794922,332.05853271484375,183.20640563964844,348.90594482421875,200.54647827148438,373.9010314941406,235.28668212890625,383.380615234375,274.0115661621094,419.6824951171875,327.0892028808594,421.2479248046875,0
2028,214.3494110107422,148.65859985351562,493.144287109375,149.6346893310547,187.6858367919922,300.1111755371094,165.2188262939453,344.7109375,201.73745727539062,344.0728759765625,183.18667602539062,332.1513671875,182.92054748535156,348.6096496582031,199.8779296875,375.5489196777344,235.80551147460938,382.289306640625,275.50640869140625,419.0387878417969,327.9312438964844,422.9148254394531,0
2029,214.260986328125,148.56455993652344,493.1515197753906,149.71339416503906,194.64466857910156,299.42352294921875,169.31539916992188,342.9911193847656,210.1307373046875,343.61328125,189.5359344482422,329.1086120605469,187.51251220703125,346.6492919921875,200.1036834716797,374.0551452636719,234.99717712402344,382.9906921386719,275.9862060546875,418.9053649902344,329.4382629394531,421.00225830078125,0
2030,214.26698303222656,148.47817993164062,493.2964172363281,149.7133331298828,195.92356872558594,298.4132080078125,171.64271545410156,342.7923583984375,211.5055389404297,342.7183532714844,191.0326385498047,328.30157470703125,189.7591552734375,346.7322998046875,200.94602966308594,372.6210021972656,233.81661987304688,382.3349914550781,271.71343994140625,418.3970947265625,329.0147399902344,425.7946472167969,0
2031,214.114013671875,148.5108184814453,493.2123718261719,149.7438507080078,194.85179138183594,298.19091796875,172.82936096191406,342.3963928222656,212.68429565429688,341.58978271484375,191.43191528320312,327.40802001953125,190.90975952148438,346.0478820800781,202.17506408691406,372.0351257324219,232.7873992919922,383.73272705078125,271.54742431640625,422.5020751953125,329.593994140625,429.078857421875,0
2032,214.10595703125,148.51866149902344,493.22265625,149.77798461914062,194.8485870361328,298.19537353515625,172.80331420898438,342.35833740234375,212.7099609375,341.6244201660156,191.43394470214844,327.4115295410156,190.90428161621094,346.02178955078125,202.14285278320312,372.05859375,232.78541564941406,383.73895263671875,271.5466613769531,422.50103759765625,329.5927429199219,429.07952880859375,0
2033,214.1378936767578,148.59176635742188,493.33721923828125,149.81600952148438,200.2642822265625,295.3349304199219,175.248779296875,338.32958984375,214.46397399902344,340.4854431152344,193.4139404296875,326.86962890625,192.35508728027344,343.5096130371094,200.00755310058594,370.22271728515625,232.73068237304688,383.2106018066406,272.1557922363281,421.5966491699219,332.8793029785156,429.3961181640625,0
2034,214.2519073486328,148.5919189453125,493.3257751464844,149.7646026611328,212.11383056640625,281.2641906738281,183.998779296875,323.930908203125,217.94723510742188,330.2679138183594,203.55137634277344,311.5502624511719,198.98867797851562,330.5471496582031,201.43177795410156,364.9409484863281,232.35403442382812,384.3888854980469,271.0231018066406,420.8906555175781,339.4984436035156,432.0028076171875,0
2035,214.2849578857422,148.68682861328125,493.33868408203125,149.7417449951172,217.06011962890625,274.01788330078125,189.01828002929688,315.25225830078125,220.9810028076172,323.0622253417969,206.1756134033203,307.0788879394531,202.5865020751953,323.8116149902344,203.11700439453125,359.4513854980469,232.11317443847656,384.69158935546875,270.7883605957031,421.2989501953125,340.1096496582031,432.8809509277344,0
2036,214.3787384033203,148.86407470703125,493.4906311035156,149.54339599609375,227.6231689453125,255.45852661132812,198.29916381835938,292.9692687988281,229.11976623535156,301.0146179199219,216.80947875976562,283.94580078125,211.25262451171875,300.65179443359375,203.5117645263672,345.8203125,228.2616424560547,388.94647216796875,264.2218017578125,424.53741455078125,336.6749572753906,434.02935791015625,0
2037,214.37603759765625,148.86380004882812,493.49102783203125,149.5440216064453,227.60667419433594,255.4600372314453,198.0842742919922,292.9460754394531,229.05133056640625,301.18157958984375,216.57518005371094,284.19573974609375,211.0585479736328,300.6591491699219,203.34996032714844,345.9512634277344,228.2552032470703,388.9149169921875,264.1767272949219,424.5029602050781,336.717529296875,433.9879150390625,0
2038,214.30776977539062,148.77609252929688,493.31201171875,149.52220153808594,233.9521484375,245.10707092285156,203.8712921142578,279.6228332519531,232.021484375,292.0801086425781,221.24977111816406,273.0635681152344,215.10797119140625,289.0203552246094,203.82652282714844,334.8432922363281,224.41262817382812,389.3863220214844,256.59283447265625,426.39501953125,326.75439453125,433.4505615234375,0
2039,214.1414794921875,148.63426208496094,493.2566833496094,149.55528259277344,241.31082153320312,226.39569091796875,211.0397491455078,261.03509521484375,242.06883239746094,273.251220703125,229.779541015625,255.5730438232422,222.99191284179688,271.83740234375,205.92616271972656,317.02490234375,210.89529418945312,380.68994140625,232.1315155029297,422.32879638671875,276.4371337890625,439.9756774902344,0
2040,214.24481201171875,148.59906005859375,493.28521728515625,149.54869079589844,242.96914672851562,217.51516723632812,212.6027374267578,253.1637420654297,243.61508178710938,264.5180358886719,231.4322967529297,246.3357696533203,223.95050048828125,264.0560302734375,208.57386779785156,310.29815673828125,201.59829711914062,372.5527038574219,216.92453002929688,417.97796630859375,258.7524108886719,442.5245666503906,0
2041,214.11329650878906,148.64544677734375,493.2026062011719,149.54324340820312,240.00759887695312,202.26539611816406,212.72329711914062,242.5672607421875,245.87294006347656,249.89572143554688,231.86599731445312,232.03317260742188,227.1196746826172,251.05917358398438,212.50405883789062,297.7743225097656,191.08038330078125,357.4179382324219,191.91818237304688,406.5635070800781,220.28225708007812,437.35107421875,0
2042,214.14044189453125,148.64170837402344,493.22515869140625,149.59259033203125,240.00994873046875,202.24615478515625,212.770263671875,242.53077697753906,245.9230499267578,249.83514404296875,231.9095001220703,231.9656524658203,227.1666259765625,250.9517059326172,212.5430908203125,297.3486633300781,191.1425018310547,357.4025573730469,191.88438415527344,406.5148620605469,220.25827026367188,437.35552978515625,0
2043,214.01425170898438,148.14114379882812,493.2601318359375,149.63650512695312,239.65402221679688,194.81983947753906,214.52725219726562,234.42999267578125,246.75515747070312,242.847900390625,232.52105712890625,224.75782775878906,227.3631134033203,242.966552734375,213.3314971923828,288.9004211425781,190.13540649414062,348.9952392578125,185.73582458496094,395.55731201171875,210.1813507080078,430.83111572265625,0
2044,213.83985900878906,148.20730590820312,493.28912353515625,149.6759033203125,239.15765380859375,183.22251892089844,213.79971313476562,221.3849639892578,247.11325073242188,229.2564697265625,231.98806762695312,212.31356811523438,226.7720489501953,230.50210571289062,214.32923889160156,276.3293762207031,196.17340087890625,335.597900390625,185.46290588378906,386.72454833984375,207.95263671875,427.86529541015625,1
2045,213.84356689453125,148.25439453125,493.2203369140625,149.66891479492188,233.8923797607422,184.0909881591797,211.04428100585938,224.1860809326172,245.3830108642578,228.88682556152344,229.0643310546875,212.9921112060547,225.3291778564453,231.02435302734375,215.4093780517578,273.04913330078125,203.1603546142578,331.06573486328125,195.9419403076172,385.2762145996094,229.28262329101562,429.0019836425781,1
2046,213.92913818359375,148.21546936035156,493.1878662109375,149.6544952392578,225.4829559326172,183.62315368652344,206.82237243652344,227.46559143066406,241.45230102539062,228.60546875,223.70460510253906,214.64093017578125,222.75531005859375,233.3440399169922,218.2706298828125,272.39288330078125,217.25047302246094,326.6031799316406,216.23843383789062,381.62445068359375,245.44451904296875,422.188720703125,1
2047,213.9271240234375,148.21469116210938,493.1850891113281,149.5859375,225.47952270507812,183.60353088378906,206.78843688964844,227.4639434814453,241.4872589111328,228.63018798828125,223.7205810546875,214.67642211914062,222.78196716308594,233.4485321044922,218.38229370117188,272.53216552734375,217.23468017578125,326.4847717285156,216.25173950195312,381.60675048828125,245.4646759033203,422.21697998046875,1
2048,213.93423461914062,148.15126037597656,493.0732421875,149.76971435546875,223.63900756835938,185.3116912841797,206.3622283935547,229.22010803222656,240.37411499023438,230.17283630371094,221.96044921875,215.0237274169922,221.8370819091797,234.84005737304688,219.74545288085938,273.5318908691406,219.77587890625,325.9501037597656,224.0596466064453,384.25848388671875,273.309326171875,425.4404296875,1
2049,214.17869567871094,148.53370666503906,493.0419006347656,149.82115173339844,225.87782287597656,198.5620880126953,204.369140625,241.23094177246094,237.39097595214844,243.5587615966797,221.68568420410156,228.9039764404297,219.4447479248047,247.89547729492188,215.5819549560547,283.0472412109375,216.96975708007812,327.34649658203125,216.79409790039062,381.4015197753906,243.46835327148438,420.4029541015625,0
2050,214.16807556152344,148.5068817138672,493.02166748046875,149.97817993164062,227.07974243164062,208.67599487304688,204.66653442382812,250.6303253173828,238.15431213378906,252.77381896972656,221.05612182617188,240.08639526367188,219.4783172607422,256.7834167480469,216.11289978027344,290.099365234375,216.84255981445312,327.8901672363281,213.00584411621094,381.81085205078125,233.90199279785156,424.8335266113281,0
2051,214.19876098632812,148.4913330078125,493.21075439453125,149.80865478515625,231.12255859375,217.78543090820312,202.58404541015625,258.0966796875,240.1760711669922,263.401123046875,223.01522827148438,247.7316131591797,218.78611755371094,265.12469482421875,215.38858032226562,293.41302490234375,216.6890106201172,327.74530029296875,211.81808471679688,381.8568115234375,229.21585083007812,426.0765686035156,0
2052,214.19699096679688,148.48583984375,493.2010803222656,149.79443359375,231.12619018554688,217.78289794921875,202.57470703125,258.0825500488281,240.11781311035156,263.4484558105469,223.03273010253906,247.7350311279297,218.77346801757812,265.1416015625,215.4007568359375,293.4025573730469,216.66445922851562,327.69268798828125,211.82765197753906,381.822265625,229.2130584716797,426.0718078613281,0
2053,214.2053680419922,148.67425537109375,493.229248046875,149.76748657226562,233.38999938964844,224.8938446044922,203.02696228027344,260.3514709472656,240.07923889160156,268.15167236328125,222.92279052734375,252.5420379638672,218.1246795654297,268.06744384765625,212.1417236328125,295.7961730957031,216.71682739257812,326.8107604980469,214.12515258789062,379.7072448730469,229.8428955078125,425.849853515625,0
2054,214.1312713623047,148.73565673828125,493.3517761230469,149.68988037109375,234.6885223388672,228.70249938964844,205.3844757080078,265.0335998535156,242.50669860839844,272.479248046875,224.7393798828125,256.8043518066406,220.90121459960938,271.35870361328125,214.84654235839844,297.00689697265625,218.45645141601562,325.3420715332031,216.28285217285156,378.03253173828125,233.25714111328125,426.59747314453125,0
2055,214.060791015625,148.6574249267578,493.3799743652344,149.74560546875,234.90025329589844,229.30615234375,205.08934020996094,266.4446105957031,243.35369873046875,273.17340087890625,225.26475524902344,257.1409912109375,221.30116271972656,271.9294738769531,215.2559051513672,297.10009765625,218.6114501953125,324.7646484375,216.09242248535156,377.51873779296875,228.04185485839844,425.4979553222656,0
2056,214.10643005371094,148.73501586914062,493.3937683105469,149.84169006347656,240.60794067382812,230.0515594482422,206.478759765625,265.1538391113281,244.53134155273438,275.756103515625,227.4448699951172,258.15594482421875,222.26803588867188,271.9607238769531,215.73422241210938,295.92352294921875,219.3179931640625,322.9461669921875,216.527099609375,373.39129638671875,220.92308044433594,422.27655029296875,0
2057,214.1035919189453,148.73788452148438,493.42767333984375,149.83323669433594,240.61376953125,230.0398712158203,206.47848510742188,265.1519775390625,244.53248596191406,275.7671203613281,227.43972778320312,258.15362548828125,222.26495361328125,271.9569091796875,215.73341369628906,295.9248352050781,219.31716918945312,322.9465637207031,216.50851440429688,373.4160461425781,220.91851806640625,422.2681579589844,0
2058,214.20437622070312,148.70677185058594,493.39508056640625,149.81654357910156,243.64352416992188,232.03343200683594,207.43701171875,265.4098815917969,245.9707794189453,277.3587646484375,229.18116760253906,259.13323974609375,222.71524047851562,273.8466796875,215.62303161621094,296.8824462890625,220.10130310058594,322.07305908203125,218.0157928466797,371.9883728027344,219.47677612304688,422.4933776855469,0
2059,214.262939453125,148.707763671875,493.4214172363281,149.87210083007812,243.44442749023438,229.2111358642578,209.65122985839844,268.3477783203125,249.23715209960938,277.1217956542969,232.13119506835938,259.0401306152344,226.2874755859375,274.4287109375,216.26109313964844,297.4483642578125,219.47645568847656,322.5718994140625,215.65298461914062,369.82012939453125,215.8574676513672,421.7291564941406,0
2060,214.36866760253906,148.67893981933594,493.4805603027344,149.95909118652344,245.95042419433594,231.27638244628906,209.28990173339844,270.2557678222656,248.75131225585938,281.2476501464844,232.9124755859375,261.1378173828125,226.74569702148438,275.8828125,217.14620971679688,297.6600036621094,219.9741973876953,320.7015380859375,217.0908966064453,369.7103576660156,217.2144317626953,423.9421081542969,0
2061,214.35414123535156,148.72146606445312,493.546142578125,149.93020629882812,245.91751098632812,231.49342346191406,209.2113494873047,270.2845458984375,248.7771759033203,281.2767333984375,232.81857299804688,261.22967529296875,226.72573852539062,275.9215087890625,217.1586456298828,297.6927490234375,219.96759033203125,320.69476318359375,217.06040954589844,369.7344055175781,219.46084594726562,425.1294860839844,0
2062,214.2803192138672,148.67221069335938,493.2447814941406,149.8579864501953,246.34811401367188,234.41012573242188,209.12254333496094,272.1258544921875,249.13133239746094,283.8899841308594,232.98165893554688,263.76171875,226.38626098632812,278.12982177734375,216.14007568359375,299.2336120605469,217.96133422851562,321.51312255859375,215.6717529296875,370.4142150878906,215.03550720214844,423.2549743652344,0
2063,214.04913330078125,148.59841918945312,493.2362060546875,149.9052276611328,249.3455047607422,237.06103515625,209.33819580078125,274.27972412109375,249.5650634765625,287.216552734375,233.62168884277344,266.0465393066406,226.23167419433594,279.9361572265625,214.971435546875,299.704345703125,217.242919921875,321.1600036621094,217.49758911132812,371.4327087402344,217.53598022460938,422.1007080078125,0
2064,214.15957641601562,148.788330078125,493.27960205078125,150.12228393554688,251.81187438964844,246.04669189453125,212.15733337402344,279.41015625,251.60032653808594,293.49176025390625,235.44300842285156,273.3111877441406,230.3230743408203,285.70269775390625,215.46612548828125,301.7719421386719,214.79916381835938,322.8990478515625,218.0646514892578,367.60186767578125,221.73135375976562,416.4084167480469,0
2065,214.1571807861328,148.78953552246094,493.2796630859375,150.12144470214844,251.79144287109375,246.04904174804688,212.144775390625,279.33233642578125,251.56375122070312,293.4853820800781,235.42242431640625,273.0888977050781,230.38189697265625,285.5155334472656,215.7764129638672,301.9518737792969,214.85704040527344,322.8255920410156,218.0289764404297,367.5739440917969,221.73388671875,416.43505859375,0
2066,214.220947265625,148.82135009765625,493.18408203125,150.02098083496094,253.486572265625,242.86245727539062,212.01600646972656,276.95269775390625,251.46600341796875,292.22503662109375,236.90374755859375,271.8929748535156,229.99560546875,283.905517578125,214.91848754882812,301.5827941894531,214.19369506835938,323.16461181640625,216.23838806152344,366.7857971191406,222.88829040527344,409.33111572265625,0
2067,214.04147338867188,148.86846923828125,493.1859436035156,150.01419067382812,251.66453552246094,240.7438201904297,210.03094482421875,276.0198059082031,249.7364044189453,292.3927001953125,235.01988220214844,270.74505615234375,228.00033569335938,284.2781677246094,214.33941650390625,303.0741271972656,215.48292541503906,327.42999267578125,221.15933227539062,374.5487976074219,232.8451690673828,420.33660888671875,0
2068,214.20362854003906,148.54005432128906,493.2049560546875,149.96961975097656,252.27755737304688,242.23574829101562,210.14230346679688,277.0274658203125,249.7952880859375,293.5403137207031,234.09962463378906,271.7989501953125,227.81085205078125,286.1673278808594,214.56500244140625,303.21771240234375,216.5873260498047,329.40289306640625,221.48562622070312,377.62237548828125,234.5943603515625,423.3282470703125,0
2069,214.24838256835938,148.58493041992188,493.4629211425781,150.03858947753906,253.2601318359375,248.9915313720703,211.0224609375,281.0377502441406,248.07760620117188,298.5738525390625,235.30084228515625,277.976806640625,226.73558044433594,291.2296142578125,214.3538360595703,307.414306640625,214.7176513671875,331.9846496582031,219.55271911621094,382.22894287109375,234.73593139648438,428.98760986328125,0
2070,214.23641967773438,148.58045959472656,493.46405029296875,150.03732299804688,253.28570556640625,249.02867126464844,211.02993774414062,281.02923583984375,248.08558654785156,298.5670166015625,235.30245971679688,278.01043701171875,226.74154663085938,291.23828125,214.34683227539062,307.4120788574219,214.7085418701172,331.9748840332031,219.56202697753906,382.2493591308594,234.73587036132812,428.989990234375,0
2071,214.13548278808594,148.52969360351562,493.25787353515625,149.9046630859375,258.992431640625,247.93455505371094,213.62298583984375,274.5807800292969,247.14508056640625,297.8373718261719,235.90304565429688,274.4916076660156,226.8213653564453,287.45556640625,212.91986083984375,307.9091491699219,213.5325469970703,335.2021179199219,216.96231079101562,383.6036376953125,227.0290985107422,426.58734130859375,0
2072,214.39727783203125,148.42263793945312,493.408447265625,149.83358764648438,265.60418701171875,248.27259826660156,224.63809204101562,268.7540588378906,248.68673706054688,291.3981628417969,242.3643341064453,270.6803283691406,229.74903869628906,282.26824951171875,211.07826232910156,306.7042236328125,211.4163818359375,336.610595703125,214.62510681152344,384.0680847167969,226.35427856445312,427.876953125,0
2073,214.44552612304688,148.5358123779297,493.35052490234375,149.8811798095703,268.0908508300781,247.30734252929688,227.58348083496094,263.9875793457031,250.971923828125,287.0423583984375,245.74427795410156,267.38763427734375,233.15310668945312,279.1368103027344,209.30996704101562,303.640625,208.52606201171875,336.0587463378906,213.0277557373047,384.8280944824219,226.18569946289062,427.7795715332031,0
2074,214.36463928222656,148.430419921875,493.4618225097656,149.84637451171875,271.65911865234375,243.83163452148438,232.071044921875,257.75152587890625,253.5373077392578,280.8210754394531,249.56228637695312,260.7042541503906,236.5575408935547,270.7715759277344,209.1022186279297,297.30267333984375,206.55361938476562,336.19427490234375,214.22531127929688,383.7934265136719,227.59397888183594,426.78656005859375,0
2075,214.36141967773438,148.42218017578125,493.4608459472656,149.84561157226562,271.65789794921875,243.8271484375,232.07130432128906,257.7511291503906,253.53668212890625,280.81878662109375,249.56613159179688,260.7076721191406,236.5572509765625,270.77386474609375,209.09959411621094,297.3030090332031,206.55404663085938,336.194580078125,214.2248992919922,383.79266357421875,227.59381103515625,426.7821960449219,0
2076,214.31361389160156,148.55633544921875,493.37451171875,149.8832550048828,272.6449890136719,239.3163299560547,236.73031616210938,251.74244689941406,258.635986328125,274.86614990234375,252.60658264160156,255.08847045898438,240.2904052734375,265.9656982421875,211.925537109375,295.94696044921875,202.97349548339844,335.9417724609375,212.55496215820312,383.7693176269531,228.9231719970703,425.910400390625,0
2077,214.25888061523438,148.67892456054688,493.3985900878906,149.86402893066406,282.25048828125,234.57098388671875,244.52810668945312,247.0931854248047,265.80438232421875,269.5767517089844,261.04583740234375,251.770263671875,248.5232391357422,262.4842224121094,216.99737548828125,291.4344177246094,203.3228302001953,339.5127258300781,208.34933471679688,388.03204345703125,226.70140075683594,425.8175964355469,0
2078,214.3481903076172,148.75054931640625,493.39178466796875,149.84112548828125,286.4643249511719,234.97317504882812,246.24899291992188,247.04486083984375,267.4860534667969,273.3511047363281,263.7492980957031,252.07647705078125,249.984130859375,263.4621887207031,217.58016967773438,291.76129150390625,201.38267517089844,339.0959167480469,206.9196014404297,388.6026306152344,228.8604278564453,424.4883117675781,0
2079,214.35739135742188,148.7233123779297,493.3070373535156,149.73532104492188,290.33203125,240.47265625,249.03793334960938,252.3309783935547,269.1391906738281,278.25115966796875,266.1234130859375,256.5228576660156,251.9375457763672,266.4068298339844,219.16799926757812,292.3448486328125,199.51287841796875,337.4081726074219,199.63296508789062,387.0443115234375,219.96934509277344,424.865966796875,0
2080,214.27523803710938,148.64930725097656,493.1598205566406,149.70127868652344,291.895263671875,242.0641326904297,252.5552978515625,254.13766479492188,273.4371643066406,279.9310302734375,268.61077880859375,257.87396240234375,255.1929473876953,268.5487060546875,223.0348358154297,294.4716796875,198.21560668945312,336.3605041503906,196.55677795410156,388.38385009765625,225.2479705810547,430.76971435546875,0
2081,214.26341247558594,148.74559020996094,493.0865783691406,149.63389587402344,291.8031921386719,242.02391052246094,252.5106964111328,254.05062866210938,273.46405029296875,279.8876953125,268.5530090332031,257.8102722167969,255.29345703125,268.47418212890625,223.0418701171875,294.361572265625,198.07943725585938,336.3031005859375,196.57859802246094,388.40484619140625,225.39382934570312,430.8241882324219,0
2082,214.42503356933594,148.74732971191406,493.1946105957031,149.60406494140625,294.2367248535156,243.6255645751953,255.25787353515625,256.4460144042969,276.03106689453125,281.6689758300781,270.83245849609375,260.14215087890625,257.96295166015625,270.889892578125,224.71531677246094,295.3502502441406,196.4117431640625,335.9875793457031,191.7530517578125,388.1302490234375,223.79042053222656,431.7630615234375,0
2083,214.39398193359375,148.86228942871094,493.3566589355469,149.70639038085938,294.478515625,249.26402282714844,257.33642578125,258.7356872558594,275.4643249511719,284.3311767578125,271.68450927734375,264.89501953125,258.19586181640625,274.6653137207031,224.3079376220703,296.8572998046875,195.01817321777344,335.4726257324219,188.13925170898438,387.3764343261719,211.52096557617188,428.81103515625,0
2084,214.34190368652344,148.8030242919922,493.3720703125,149.62643432617188,300.02642822265625,270.1392822265625,266.2138366699219,271.4539489746094,277.2887878417969,301.2876892089844,278.46319580078125,280.8105163574219,263.7054138183594,286.81964111328125,224.60653686523438,300.3920593261719,188.36891174316406,335.0648193359375,177.14419555664062,386.4083251953125,199.24166870117188,429.2552185058594,0
2085,214.3495635986328,148.80137634277344,493.4124450683594,149.63473510742188,300.0007629394531,270.1246643066406,266.2098388671875,271.4483947753906,277.2938232421875,301.28662109375,278.45538330078125,280.8106384277344,263.6992492675781,286.8236999511719,224.6133575439453,300.39080810546875,188.410400390625,335.0704650878906,177.13592529296875,386.37109375,199.2440948486328,429.2597351074219,0
2086,214.269775390625,148.712646484375,493.43719482421875,149.5054931640625,301.98785400390625,275.8055725097656,269.65484619140625,274.2158203125,280.0442199707031,305.5179138183594,281.10369873046875,283.63555908203125,266.11492919921875,290.16363525390625,226.91415405273438,300.722412109375,188.11524963378906,334.00689697265625,172.5361328125,383.06732177734375,186.66004943847656,425.5652770996094,0
2087,214.25811767578125,148.63731384277344,493.5093078613281,149.4788818359375,301.931640625,286.1627197265625,279.4195861816406,279.3106689453125,282.5797424316406,309.48406982421875,287.0807189941406,289.9878234863281,272.649169921875,294.1770935058594,232.16354370117188,300.3395690917969,188.2372589111328,331.507080078125,170.13636779785156,380.3346862792969,182.0326690673828,426.35833740234375,0
2088,214.247314453125,148.6797332763672,493.21697998046875,149.5526123046875,302.8296813964844,286.53802490234375,280.8282470703125,280.35662841796875,285.4259948730469,310.7133483886719,288.9720458984375,292.2196044921875,274.52850341796875,295.33319091796875,233.0204315185547,301.3912353515625,188.04302978515625,330.8518981933594,168.17689514160156,379.2583312988281,178.2552032470703,426.3062744140625,0
2089,214.10919189453125,148.75454711914062,493.1393737792969,149.5220184326172,302.9095458984375,295.52117919921875,284.0279541015625,283.8178405761719,285.1524963378906,315.6103515625,288.9530029296875,298.07305908203125,276.1849670410156,297.89453125,233.7609100341797,302.8781433105469,187.62005615234375,329.3536376953125,167.53436279296875,378.8033447265625,180.8926544189453,428.1450500488281,0
2090,214.1156005859375,148.7746124267578,493.115478515625,149.554931640625,302.9058837890625,295.5152587890625,284.0285339355469,283.8213195800781,285.1462097167969,315.5888977050781,288.94561767578125,298.05609130859375,276.60076904296875,299.2165222167969,233.74098205566406,302.85205078125,187.5806121826172,329.4843444824219,167.51528930664062,378.8589172363281,180.89649963378906,428.1427917480469,0
2091,214.36326599121094,148.7947998046875,493.1124572753906,149.52548217773438,306.63726806640625,297.4933776855469,286.56414794921875,287.2755126953125,286.0061340332031,319.1160888671875,292.5527648925781,300.4697570800781,278.885009765625,300.7456359863281,234.29888916015625,302.2675476074219,187.7792205810547,328.9525451660156,166.00816345214844,375.44378662109375,171.15928649902344,421.6808166503906,0
2092,214.38865661621094,148.87509155273438,493.0729675292969,149.61257934570312,310.675537109375,311.88336181640625,294.2481994628906,296.2809753417969,288.2855224609375,328.8066711425781,295.1119384765625,311.3316650390625,282.1097412109375,308.26812744140625,236.98301696777344,303.6972351074219,188.27932739257812,325.9400329589844,165.3404541015625,376.2475280761719,171.40684509277344,427.4922790527344,0
2093,214.35726928710938,148.72283935546875,493.1126708984375,149.60520935058594,311.3232116699219,314.67559814453125,295.6566162109375,300.1148681640625,289.40997314453125,331.3692932128906,295.8642272949219,314.07415771484375,284.6543273925781,312.056396484375,238.0692138671875,305.479248046875,187.67364501953125,322.76849365234375,162.48606872558594,366.13787841796875,166.14317321777344,421.0085754394531,0
2094,214.56333923339844,148.7822723388672,493.18768310546875,149.6067657470703,308.3536071777344,311.6591796875,296.3041076660156,298.63916015625,291.1222839355469,330.45025634765625,296.8054504394531,314.11126708984375,284.69659423828125,310.4789123535156,240.75198364257812,304.5248718261719,188.52854919433594,318.7408752441406,157.81646728515625,361.084228515625,159.4855499267578,426.5423583984375,0
2095,214.57244873046875,148.76651000976562,493.23284912109375,149.58456420898438,308.3373718261719,311.65789794921875,296.2987976074219,298.63995361328125,291.1141662597656,330.4476318359375,296.76763916015625,314.1229248046875,284.678466796875,310.4619445800781,240.76937866210938,304.57501220703125,188.52719116210938,318.73046875,157.8214111328125,361.0592956542969,159.48927307128906,426.555419921875,0
2096,214.48037719726562,148.5484161376953,493.2557373046875,149.6405792236328,309.4255065917969,311.25665283203125,297.4175720214844,298.09442138671875,291.0062255859375,329.02471923828125,296.4090881347656,311.0008850097656,284.70391845703125,308.9056091308594,240.84967041015625,303.3497619628906,188.81710815429688,319.2619934082031,159.53919982910156,362.5514221191406,160.4090576171875,427.7571105957031,0
2097,214.49290466308594,148.6603546142578,493.32708740234375,149.64212036132812,315.81451416015625,309.03759765625,299.8440856933594,295.7341003417969,295.2010803222656,325.8628845214844,301.3643798828125,309.19464111328125,288.1953430175781,307.3253479003906,241.54373168945312,302.0760803222656,189.20468139648438,320.4586486816406,162.0029754638672,366.3531799316406,161.97007751464844,425.6244201660156,0
2098,214.34042358398438,148.55905151367188,493.2554016113281,149.62049865722656,321.22406005859375,310.9681091308594,303.1156005859375,296.2476806640625,297.3314514160156,327.88836669921875,305.80645751953125,310.4674987792969,292.2583923339844,308.6065673828125,243.8602752685547,302.93939208984375,191.39169311523438,320.3292236328125,163.048095703125,365.7187194824219,161.84487915039062,426.2729187011719,0
2099,214.38807678222656,148.46829223632812,493.2569885253906,149.61541748046875,330.53936767578125,317.0981750488281,310.28173828125,302.5661926269531,305.2611389160156,333.916015625,311.938232421875,315.5044250488281,299.814453125,313.2688293457031,250.62066650390625,306.7061767578125,194.98609924316406,316.5406494140625,164.2694091796875,353.3570556640625,151.58644104003906,403.2978515625,0
2100,214.3880157470703,148.46603393554688,493.2524108886719,149.62252807617188,330.54315185546875,317.0918273925781,310.261962890625,302.56207275390625,305.2530212402344,333.9259948730469,311.927001953125,315.5032043457031,299.78900146484375,313.2769470214844,250.56405639648438,306.70928955078125,194.99270629882812,316.5444030761719,164.2702178955078,353.3543701171875,151.5841064453125,403.30364990234375,0
2101,214.35513305664062,148.42369079589844,493.10498046875,149.60118103027344,340.3992614746094,323.6367492675781,319.12823486328125,306.6529235839844,312.5563659667969,338.44464111328125,321.57562255859375,321.1136779785156,307.58538818359375,318.49761962890625,259.9961853027344,308.7541809082031,201.43243408203125,310.3072204589844,167.0825653076172,348.0117492675781,149.9334259033203,402.18682861328125,0
2102,214.3284912109375,148.5491485595703,493.0425720214844,149.62307739257812,363.14801025390625,340.2421569824219,341.01190185546875,319.4552001953125,329.1065673828125,352.5240478515625,341.95916748046875,334.7100830078125,327.74261474609375,329.6377868652344,279.6133117675781,310.1337585449219,222.74346923828125,304.6614990234375,176.1255645751953,336.06890869140625,145.02659606933594,398.07562255859375,0
2103,214.47157287597656,148.55650329589844,493.0955505371094,149.6349334716797,376.0310363769531,349.7193603515625,353.8290100097656,328.3648986816406,341.4180908203125,360.3393249511719,354.5577697753906,343.3088684082031,340.68853759765625,338.2325439453125,288.53179931640625,315.7256164550781,234.85646057128906,310.7739562988281,183.0363006591797,339.5494384765625,144.04891967773438,395.1981201171875,0
2104,214.52383422851562,148.59030151367188,493.1208801269531,149.60101318359375,403.2928771972656,360.7265625,379.2535400390625,340.6260070800781,368.7073059082031,371.8140869140625,380.2019348144531,354.5031433105469,366.07489013671875,350.6105041503906,315.1392822265625,335.4963073730469,259.58184814453125,327.7982482910156,217.93896484375,346.4635925292969,191.7044219970703,377.9604187011719,0
2105,214.5225372314453,148.59158325195312,493.1210021972656,149.60052490234375,403.29107666015625,360.7279052734375,379.2554931640625,340.6241149902344,368.6864929199219,371.77239990234375,380.2027893066406,354.4997253417969,366.0794677734375,350.615966796875,315.1590881347656,335.5238342285156,259.579345703125,327.7989807128906,217.94033813476562,346.4608459472656,191.70408630371094,377.9596862792969,0
2106,214.4787139892578,148.6512451171875,493.0818176269531,149.4652099609375,418.70648193359375,363.404296875,395.2447509765625,346.64776611328125,387.2302551269531,376.5130310058594,397.17822265625,359.9502258300781,382.82916259765625,356.6854553222656,328.1067199707031,341.956298828125,273.67083740234375,328.1135559082031,221.10305786132812,354.233642578125,173.46954345703125,405.8988952636719,0
2107,214.39971923828125,148.61746215820312,493.18768310546875,149.4574432373047,450.413818359375,376.5556335449219,427.625732421875,359.5425720214844,417.8038330078125,391.77764892578125,429.27642822265625,373.0585632324219,415.2537841796875,369.6565856933594,362.3114318847656,350.16278076171875,307.3604431152344,328.7860412597656,263.0580139160156,329.8804626464844,194.79763793945312,365.75897216796875,0
2108,214.3378448486328,148.5664825439453,493.17669677734375,149.41525268554688,466.2504577636719,387.2129211425781,441.4312438964844,365.7189025878906,430.8795166015625,397.5505065917969,443.0538635253906,380.492919921875,429.591552734375,376.9598693847656,375.82684326171875,354.5540771484375,317.9593200683594,339.111572265625,269.05743408203125,333.9145812988281,221.4004364013672,345.3234558105469,0
2109,214.46322631835938,148.524169921875,493.1885986328125,149.4239501953125,488.8917236328125,394.14190673828125,465.5954284667969,372.69818115234375,456.51116943359375,407.3453674316406,468.7329406738281,389.0565490722656,455.00537109375,385.86224365234375,401.0384521484375,370.20513916015625,343.2138671875,366.042724609375,305.49945068359375,366.24200439453125,266.8226623535156,369.573486328125,0
2110,214.48179626464844,148.5421600341797,493.3346862792969,149.4421844482422,488.8748779296875,394.12091064453125,465.62158203125,372.7388610839844,456.5650329589844,407.3862609863281,468.8059997558594,389.0369567871094,455.09161376953125,385.8532409667969,401.7934265136719,370.1158142089844,343.3193359375,366.0773620605469,305.5558776855469,366.27325439453125,266.7893371582031,369.6328125,0
2111,214.5555419921875,148.43576049804688,493.2824401855469,149.4709930419922,498.6495361328125,393.539306640625,474.947998046875,374.15679931640625,469.56463623046875,406.310791015625,477.0871887207031,388.77947998046875,462.8514404296875,386.4527893066406,409.66094970703125,373.2192687988281,355.34149169921875,368.1795959472656,312.2747497558594,372.8681335449219,271.3799133300781,386.6487731933594,0
2112,214.60369873046875,148.5563201904297,493.27069091796875,149.41171264648438,516.3497924804688,400.2430114746094,491.1893005371094,374.0254211425781,482.5291442871094,407.8700256347656,492.9710388183594,390.35272216796875,479.11724853515625,386.9215393066406,425.9821472167969,372.6044616699219,372.6103515625,363.3916320800781,327.83013916015625,365.9716796875,284.2657165527344,378.6548767089844,0
2113,214.5293426513672,148.54132080078125,493.11419677734375,149.3455810546875,521.0115356445312,399.1966552734375,494.18023681640625,372.514404296875,484.8948974609375,406.797607421875,496.6391296386719,390.0501403808594,481.572021484375,385.47308349609375,428.84747314453125,369.01165771484375,376.87103271484375,358.29156494140625,331.78570556640625,353.915771484375,276.0674133300781,370.0749206542969,0
2114,214.5312042236328,148.5347442626953,493.1563415527344,149.5066375732422,524.1062622070312,402.0398864746094,494.187255859375,372.1520690917969,483.0834655761719,406.0543212890625,497.28192138671875,390.61553955078125,482.4652404785156,385.3105773925781,434.3919982910156,368.8149719238281,379.0003662109375,362.7547912597656,328.66607666015625,350.3238525390625,265.43829345703125,352.14996337890625,0
2115,214.5004119873047,148.6451416015625,493.159423828125,149.46743774414062,521.550537109375,397.85137939453125,490.93963623046875,370.9913635253906,480.2226867675781,405.0936584472656,493.2456970214844,388.32855224609375,478.5330810546875,384.7146911621094,432.7398681640625,371.5733642578125,378.3187561035156,367.4872741699219,332.3189392089844,361.181396484375,267.79229736328125,363.5447082519531,0
2116,214.49716186523438,148.7681427001953,493.1396789550781,149.38436889648438,517.7499389648438,399.30224609375,488.2477111816406,369.2806091308594,476.0335388183594,403.0845947265625,490.1653137207031,387.29168701171875,476.0741271972656,382.46875,429.3701477050781,371.5760803222656,378.3335876464844,368.6662902832031,327.8182373046875,364.2727355957031,259.5061950683594,375.2875671386719,0
2117,214.5181121826172,148.79617309570312,493.1456604003906,149.4376678466797,517.75,399.30474853515625,488.2696533203125,369.2822265625,476.0254211425781,403.0492858886719,490.1618347167969,387.2892150878906,476.0552978515625,382.4529724121094,429.3330383300781,371.628173828125,378.33599853515625,368.6689147949219,327.8194885253906,364.2695007324219,259.4909362792969,375.27801513671875,0
2118,214.45553588867188,148.51199340820312,492.99310302734375,149.57858276367188,515.5679931640625,401.4213562011719,483.6137390136719,368.47332763671875,470.7850036621094,403.04510498046875,486.6478576660156,388.3581848144531,470.86505126953125,382.5519104003906,426.4193420410156,369.8048400878906,377.0761413574219,367.7434997558594,331.376220703125,363.19232177734375,274.97540283203125,363.466552734375,0
2119,214.52792358398438,148.6555633544922,493.1336669921875,149.40899658203125,506.2906494140625,403.6249084472656,478.35546875,368.6261291503906,463.9698791503906,401.50592041015625,479.8190612792969,388.21307373046875,465.9640197753906,381.344482421875,423.6939392089844,369.4092102050781,376.6208801269531,367.6905212402344,326.2966003417969,356.9169616699219,259.87896728515625,353.38153076171875,0
2120,214.5415802001953,148.61129760742188,493.13909912109375,149.42678833007812,503.32452392578125,405.6129150390625,475.15447998046875,370.276123046875,460.873779296875,402.54345703125,476.19287109375,388.90020751953125,462.1514587402344,382.526611328125,421.8904113769531,369.03204345703125,373.3323974609375,366.6972961425781,322.1996154785156,354.9682922363281,259.7759704589844,352.7885437011719,0
2121,214.7491455078125,148.7853546142578,493.1324157714844,149.2967987060547,496.4075927734375,410.1277160644531,472.4582214355469,373.50653076171875,453.986572265625,405.05657958984375,471.7270812988281,393.4958190917969,458.8465270996094,385.3828125,418.68798828125,369.608154296875,372.2465515136719,362.2608947753906,326.2747497558594,350.4967041015625,274.470458984375,332.11883544921875,0
2122,214.75665283203125,148.8417510986328,493.1695861816406,149.31027221679688,496.41473388671875,410.16217041015625,472.3337097167969,373.6123352050781,453.9832763671875,405.1468505859375,471.64520263671875,393.625732421875,458.84417724609375,385.5227966308594,418.7147521972656,369.5561828613281,372.25335693359375,362.2642517089844,326.27508544921875,350.49261474609375,274.4691162109375,332.13043212890625,0
2123,214.82350158691406,148.62168884277344,493.2059020996094,149.47943115234375,493.9649658203125,413.9644775390625,470.2433776855469,375.0202941894531,451.8897705078125,406.30157470703125,470.0211486816406,395.3465270996094,456.9564514160156,387.0147399902344,418.1081848144531,369.7467041015625,373.91485595703125,361.9456787109375,324.78619384765625,346.9056701660156,265.6752014160156,326.7084655761719,0
2124,214.81051635742188,148.677734375,493.0897521972656,149.3577117919922,487.72601318359375,428.35479736328125,469.9631042480469,381.5415954589844,448.4475402832031,405.0437927246094,467.3365173339844,401.3487243652344,455.8605651855469,391.3290710449219,418.591796875,368.8629455566406,373.192138671875,362.2667541503906,320.8936767578125,347.70208740234375,259.8376159667969,327.4266357421875,0
2125,214.71441650390625,148.51930236816406,493.0473327636719,149.46185302734375,485.2440185546875,437.38739013671875,473.8734436035156,386.8507995605469,448.8681335449219,408.04376220703125,468.3460388183594,407.1142578125,457.49847412109375,392.11810302734375,418.9996337890625,369.0731201171875,372.9217529296875,362.5750427246094,320.8523254394531,349.0761413574219,257.9880676269531,326.75091552734375,0
2126,214.62850952148438,148.62660217285156,493.1010437011719,149.62733459472656,485.5127868652344,441.64813232421875,473.25189208984375,393.929443359375,449.30548095703125,414.0995178222656,469.7618408203125,414.0289001464844,459.0218811035156,399.96746826171875,420.3262939453125,371.8474426269531,373.866455078125,359.7986145019531,321.34814453125,344.0425720214844,258.7011413574219,318.2212829589844,0
2127,214.626708984375,148.62710571289062,493.1249084472656,149.67559814453125,485.5057067871094,441.6598205566406,473.2394714355469,393.9156494140625,449.3051452636719,414.1014709472656,469.7322998046875,413.9737548828125,459.0193786621094,399.9466552734375,420.3189697265625,371.8517761230469,373.868408203125,359.79876708984375,321.3514709472656,344.04541015625,258.7020263671875,318.22076416015625,0
2128,214.71324157714844,148.64732360839844,493.0054931640625,149.58335876464844,485.80133056640625,442.49017333984375,474.9649353027344,395.52716064453125,451.5576477050781,414.0500183105469,471.7774658203125,414.4963073730469,461.2463684082031,400.45892333984375,421.8498229980469,371.6423034667969,374.3321533203125,359.7805480957031,321.3638000488281,344.3826599121094,256.91265869140625,318.44879150390625,0
2129,214.6006622314453,148.8201904296875,493.0909729003906,149.66468811035156,488.1063537597656,443.83251953125,480.75054931640625,398.0526123046875,457.89727783203125,418.5024108886719,475.9151306152344,416.6527099609375,466.4560852050781,403.6146545410156,423.867431640625,371.9291687011719,372.44964599609375,359.8170471191406,319.0912170410156,346.8914794921875,258.34783935546875,325.4642028808594,0
2130,214.70217895507812,148.61595153808594,492.96099853515625,149.68942260742188,493.4371643066406,435.5616455078125,482.2925109863281,396.8618469238281,462.6348876953125,419.7146911621094,477.61334228515625,412.7271423339844,469.059814453125,402.35943603515625,425.4283142089844,372.5582580566406,373.2810363769531,359.8768310546875,319.6172790527344,345.7796936035156,259.35308837890625,322.203125,0
2131,214.4121856689453,148.655029296875,493.0382385253906,149.8380126953125,507.1069641113281,413.80316162109375,490.8710021972656,384.4833679199219,477.7320251464844,415.9530334472656,489.343017578125,401.0503234863281,477.62652587890625,394.2748718261719,429.684326171875,373.0733642578125,377.121337890625,361.6259765625,332.5259094238281,349.8667297363281,287.56195068359375,328.3023376464844,0
2132,214.4163360595703,148.68222045898438,493.02032470703125,149.8287811279297,507.1147155761719,413.7889099121094,490.9290466308594,384.4969787597656,477.7490234375,415.9896545410156,489.3780822753906,401.0975341796875,477.62493896484375,394.3418884277344,429.5115966796875,372.9115295410156,377.11041259765625,361.6054382324219,332.5249938964844,349.86676025390625,287.5631408691406,328.3013000488281,0
2133,214.53036499023438,148.66090393066406,493.0216979980469,149.82882690429688,517.6519775390625,405.2044372558594,497.3058776855469,379.4875183105469,486.0985107421875,409.6817626953125,498.1917419433594,395.0293884277344,485.59686279296875,391.093505859375,437.14044189453125,371.7610778808594,382.6563720703125,363.6131591796875,340.96923828125,354.5575866699219,300.02716064453125,336.82269287109375,0
2134,214.65733337402344,148.66403198242188,493.0321350097656,149.92434692382812,539.972412109375,393.92559814453125,516.7950439453125,374.079833984375,511.613525390625,407.693603515625,519.9710083007812,390.1115417480469,505.6570739746094,387.9053649902344,453.7422790527344,375.9277648925781,398.5361328125,369.02801513671875,353.7605895996094,362.4205322265625,302.4356994628906,345.4243469238281,0
2135,214.71804809570312,148.631103515625,493.0999450683594,149.92230224609375,548.3869018554688,392.31939697265625,523.8969116210938,373.1408996582031,519.9658203125,406.2942199707031,527.2561645507812,388.14678955078125,512.6005859375,386.6161804199219,460.6128234863281,377.6764831542969,406.2449645996094,373.33282470703125,360.0066833496094,367.64422607421875,310.59576416015625,354.2597351074219,0
2136,214.59994506835938,148.5989227294922,493.1055908203125,149.6352996826172,557.5884399414062,392.76495361328125,530.6573486328125,371.053466796875,527.0480346679688,405.1172180175781,535.6260986328125,387.93084716796875,521.2787475585938,385.6217346191406,467.9912109375,377.8885498046875,411.4427795410156,372.1283264160156,359.65838623046875,368.4537353515625,305.5470886230469,358.0843200683594,0
2137,214.6095428466797,148.60543823242188,493.127197265625,149.7151336669922,557.5872192382812,392.7608642578125,530.6488037109375,371.06561279296875,527.0468139648438,405.12188720703125,535.62060546875,387.9322814941406,521.2881469726562,385.6199645996094,467.97021484375,377.8702392578125,411.4390563964844,372.124755859375,359.6570739746094,368.44879150390625,305.53277587890625,358.0890808105469,0
2138,214.39492797851562,148.5895233154297,493.17498779296875,149.70773315429688,566.852783203125,394.7507019042969,537.1676025390625,372.7041320800781,533.8619995117188,405.5443115234375,541.911865234375,388.2366943359375,527.4135131835938,386.2196350097656,472.5030517578125,374.9999084472656,416.6890563964844,370.8099670410156,372.6533203125,365.5762023925781,326.10223388671875,353.0646667480469,0
2139,214.49749755859375,148.76950073242188,493.1761779785156,149.78640747070312,578.10693359375,397.94134521484375,544.3430786132812,373.3885498046875,538.1315307617188,407.3743896484375,550.6251220703125,389.8360900878906,535.2142944335938,387.69720458984375,484.2943420410156,379.2121887207031,427.8977966308594,382.3303527832031,380.86785888671875,381.97265625,336.2090759277344,370.58502197265625,0
2140,214.6697998046875,148.5419921875,493.15838623046875,149.74493408203125,581.01416015625,399.5797119140625,544.4168090820312,374.3819885253906,539.1051025390625,410.4026794433594,551.767822265625,391.3824462890625,536.0451049804688,390.0372619628906,485.1546630859375,383.8731384277344,430.6332702636719,384.9983825683594,376.04296875,386.6502990722656,315.2068786621094,378.1811218261719,0
2141,214.5479278564453,148.48757934570312,493.2238464355469,149.77450561523438,576.8740844726562,391.9019775390625,537.469482421875,373.0079650878906,536.6085205078125,409.6238708496094,546.998046875,388.9930114746094,530.1555786132812,389.77777099609375,485.2151794433594,386.3155212402344,431.1676025390625,389.5458068847656,376.0888366699219,391.70947265625,312.2990417480469,378.5566101074219,0
2142,214.81094360351562,148.54354858398438,493.22186279296875,149.77589416503906,574.9561767578125,389.6205139160156,534.0732421875,368.6997375488281,533.1863403320312,404.3661804199219,542.7032470703125,385.0179443359375,526.9147338867188,386.41351318359375,481.9087829589844,384.10467529296875,429.34521484375,389.2220458984375,376.67437744140625,392.3133544921875,311.4541931152344,381.62103271484375,0
2143,214.7051544189453,148.493896484375,493.28375244140625,149.71746826171875,572.8583984375,389.1476135253906,530.0036010742188,367.04217529296875,529.1098022460938,402.3973388671875,540.4686889648438,382.4879150390625,524.34521484375,382.53228759765625,480.2417297363281,383.2777099609375,428.41729736328125,389.9974060058594,375.71484375,393.0390319824219,310.7395935058594,380.18267822265625,0
2144,214.6233367919922,148.49696350097656,493.3455505371094,149.54690551757812,567.8897094726562,388.4126892089844,524.4752197265625,366.07196044921875,522.8892211914062,402.9352111816406,535.5426025390625,382.0777587890625,518.722900390625,384.3431091308594,477.274658203125,383.4273681640625,428.2713928222656,390.3205261230469,374.9473571777344,394.2507629394531,311.0995788574219,380.472900390625,0
2145,214.7867889404297,148.4033203125,493.28448486328125,149.52682495117188,562.4332885742188,393.386474609375,521.01904296875,368.9700012207031,518.007568359375,407.0557861328125,529.5974731445312,387.321533203125,513.3814086914062,387.40155029296875,472.26019287109375,383.623779296875,425.16229248046875,387.6510925292969,372.9149475097656,389.3680114746094,322.28125,373.5440673828125,0
2146,214.7923126220703,148.4010009765625,493.3152160644531,149.4601287841797,562.4414672851562,393.3819885253906,521.0274658203125,368.9637145996094,517.9207763671875,407.0361328125,529.5965576171875,387.330810546875,513.4011840820312,387.414794921875,472.2294006347656,383.7149963378906,425.12371826171875,387.65081787109375,372.9091796875,389.36614990234375,322.27337646484375,373.5432434082031,0
2147,214.56890869140625,148.3270263671875,493.26824951171875,149.31036376953125,557.02587890625,399.8481140136719,518.1767578125,372.0268859863281,512.1419677734375,409.6286926269531,524.9976196289062,390.135009765625,510.0682678222656,389.4460144042969,467.78692626953125,384.3916931152344,423.84197998046875,386.50299072265625,369.1467590332031,384.9776306152344,319.4983825683594,366.4067687988281,0
2148,214.5259246826172,148.30361938476562,493.2875061035156,149.30531311035156,557.0717163085938,399.8019714355469,518.1784057617188,372.0118713378906,512.1073608398438,409.6577453613281,524.972900390625,390.1646423339844,510.0817565917969,389.46514892578125,467.8083190917969,384.383056640625,423.8410949707031,386.50439453125,369.16522216796875,384.9942626953125,319.49700927734375,366.42010498046875,0
2149,214.54861450195312,148.47210693359375,493.2487487792969,149.4290008544922,554.8974609375,409.91900634765625,515.6881713867188,377.513916015625,507.1640625,414.59710693359375,522.7405395507812,397.14093017578125,508.83953857421875,393.78704833984375,467.7821960449219,383.9742431640625,422.87591552734375,385.2783203125,368.0932312011719,382.8836364746094,311.8926696777344,360.70709228515625,0
2150,214.4873504638672,148.45333862304688,493.3026123046875,149.47032165527344,553.364013671875,408.8080139160156,513.4223022460938,378.9166564941406,507.21649169921875,415.40679931640625,522.1026611328125,397.9761047363281,506.88824462890625,395.0499572753906,466.7325134277344,384.2533264160156,422.6148986816406,385.0900573730469,367.09527587890625,382.3299255371094,309.76934814453125,358.24639892578125,0
2151,214.51890563964844,148.49349975585938,493.2801818847656,149.44598388671875,551.7577514648438,406.8421936035156,509.6947021484375,380.0731506347656,505.5697937011719,415.32318115234375,519.559814453125,398.4624328613281,503.27142333984375,395.4755554199219,465.11376953125,385.5898132324219,422.5169677734375,384.9475402832031,365.2088317871094,382.9018859863281,309.5693664550781,357.7701721191406,0
2152,214.62301635742188,148.3487548828125,493.3199462890625,149.4666290283203,551.599365234375,407.8214416503906,509.2976379394531,380.2559509277344,504.697509765625,415.81781005859375,519.2420043945312,398.672119140625,503.1323547363281,395.7617492675781,465.2009582519531,385.076416015625,422.57940673828125,384.94580078125,365.8210754394531,382.2450256347656,309.7161865234375,356.2334289550781,0
2153,214.5603485107422,148.3082275390625,493.26312255859375,149.4739532470703,551.6385498046875,407.90032958984375,509.3753967285156,379.8531188964844,504.6514587402344,415.7166748046875,519.2989501953125,398.3634033203125,503.2212219238281,395.3734130859375,465.2120056152344,385.02880859375,422.6097717285156,384.9739685058594,365.9984130859375,382.2886962890625,309.65069580078125,356.3751220703125,0
2154,214.56666564941406,148.46929931640625,493.3507995605469,149.36746215820312,552.427490234375,409.04949951171875,508.82501220703125,379.2901611328125,504.0034484863281,415.2433166503906,519.1094970703125,398.2401428222656,503.15826416015625,395.3725280761719,465.10552978515625,384.5469665527344,422.6988220214844,385.0696105957031,366.09356689453125,382.0039978027344,309.3373718261719,355.6509094238281,0
2155,214.50289916992188,148.5202178955078,493.2975158691406,149.24688720703125,551.9132690429688,408.82733154296875,510.5281066894531,379.7170715332031,504.1788024902344,415.16375732421875,520.150390625,398.70166015625,504.32427978515625,395.2872619628906,466.0308532714844,384.24041748046875,422.77423095703125,384.97442626953125,366.4277038574219,382.63726806640625,309.8131103515625,356.40863037109375,0
2156,214.42930603027344,148.60728454589844,493.31805419921875,149.22543334960938,551.7510986328125,413.9692687988281,511.8151550292969,380.1470642089844,503.2857360839844,415.0292053222656,521.4899291992188,399.4372863769531,504.6078796386719,395.6409912109375,466.9227294921875,383.20758056640625,422.6542053222656,384.99200439453125,366.97235107421875,382.50653076171875,309.2272644042969,355.2923889160156,0
2157,214.42996215820312,148.6082763671875,493.33111572265625,149.34197998046875,551.7498779296875,413.9672546386719,511.8043518066406,380.1302490234375,503.2489013671875,414.99554443359375,521.4752197265625,399.4614562988281,504.580810546875,395.678955078125,466.9020690917969,383.1990661621094,422.65582275390625,384.9936218261719,366.97491455078125,382.52020263671875,309.24810791015625,355.2972412109375,0
2158,214.4064178466797,148.66664123535156,493.34576416015625,149.42677307128906,551.9769287109375,415.3445739746094,512.9705200195312,380.966552734375,504.1031799316406,415.77459716796875,522.2808227539062,400.3747253417969,505.3302001953125,396.5238342285156,467.0733642578125,383.3753356933594,422.6770935058594,384.8531494140625,366.2310791015625,381.8349609375,308.5389709472656,354.74639892578125,0
2159,214.42779541015625,148.5977020263672,493.24957275390625,149.4380645751953,551.8218383789062,415.82244873046875,512.1220092773438,382.5669860839844,503.8787841796875,416.9632873535156,521.4172973632812,401.16510009765625,504.1127624511719,397.3595275878906,466.8549499511719,383.322265625,423.1385192871094,384.6232604980469,367.15264892578125,381.359619140625,310.6431579589844,355.13226318359375,0
2160,214.51705932617188,148.61859130859375,493.1475830078125,149.4033203125,551.769287109375,415.076416015625,512.6787719726562,382.26953125,504.2951354980469,416.9672546386719,521.658447265625,400.9609375,504.4600830078125,397.0877685546875,466.9842529296875,383.0459899902344,423.0220031738281,384.5889892578125,367.1598815917969,381.7447814941406,309.3701477050781,354.9724426269531,0
2161,214.5644989013672,148.59706115722656,493.1795654296875,149.46646118164062,551.8148193359375,415.1797790527344,513.2362670898438,382.5529479980469,504.9959716796875,417.22955322265625,521.7586669921875,401.2939758300781,504.62335205078125,397.3504638671875,467.0336608886719,383.2682800292969,423.1444091796875,384.5173645019531,367.078369140625,381.563232421875,309.1647644042969,354.8266906738281,0
2162,214.5782470703125,148.72433471679688,493.1631774902344,149.4650421142578,551.8861083984375,414.9364929199219,512.3961181640625,382.89886474609375,504.1195983886719,417.2133483886719,521.4833374023438,401.27154541015625,504.08563232421875,397.5907287597656,466.5649719238281,383.5599670410156,423.1412658691406,384.5512390136719,367.17999267578125,381.36956787109375,308.92724609375,354.9551696777344,0
2163,214.5756072998047,148.6991729736328,493.24603271484375,149.48069763183594,552.0291137695312,415.107177734375,511.3120422363281,381.7248229980469,503.8291015625,416.7965393066406,521.0723266601562,400.7875671386719,503.593505859375,397.1211853027344,466.76654052734375,383.5237731933594,423.2749938964844,384.5600280761719,367.368896484375,381.276611328125,309.6814880371094,354.8995056152344,0
2164,214.55482482910156,148.58761596679688,493.1982727050781,149.48561096191406,552.065185546875,413.64361572265625,512.07421875,381.41143798828125,505.05938720703125,416.7179260253906,521.4983520507812,400.184326171875,504.4964294433594,396.7062683105469,467.05975341796875,383.43402099609375,423.03216552734375,384.6041564941406,367.09661865234375,381.4021911621094,308.6158142089844,354.72113037109375,0
2165,214.57994079589844,148.6212921142578,493.2772216796875,149.57565307617188,552.0314331054688,411.7885437011719,510.9994201660156,380.87457275390625,504.3917541503906,416.36712646484375,521.2677612304688,399.6765441894531,504.49749755859375,396.31744384765625,466.8569030761719,383.3547058105469,423.0285339355469,384.54205322265625,367.57025146484375,381.1401672363281,308.9383544921875,354.33221435546875,0
2166,214.5838623046875,148.61614990234375,493.23077392578125,149.62448120117188,552.0628051757812,411.7826843261719,510.99542236328125,380.8780822753906,504.38983154296875,416.3720703125,521.2678833007812,399.67474365234375,504.49658203125,396.31475830078125,466.8577880859375,383.35986328125,423.010009765625,384.5663146972656,367.5570373535156,381.1468505859375,308.9424133300781,354.33441162109375,0
2167,214.6197509765625,148.71490478515625,493.2090148925781,149.6256561279297,552.4982299804688,411.68487548828125,510.8326416015625,380.84423828125,504.25274658203125,416.2299499511719,521.210205078125,399.50567626953125,504.5447998046875,396.1864929199219,466.86236572265625,383.2077331542969,423.121337890625,384.6161804199219,367.52947998046875,381.1658020019531,309.0272216796875,354.4393310546875,0
2168,214.53172302246094,148.68870544433594,493.38104248046875,149.71424865722656,552.5658569335938,410.7166442871094,511.39727783203125,380.94000244140625,505.1732177734375,416.23931884765625,521.3978271484375,399.2404479980469,504.8329772949219,396.07464599609375,467.04571533203125,383.38006591796875,423.0968017578125,384.61865234375,367.52435302734375,381.15594482421875,309.7344665527344,354.5046081542969,0
2169,214.64707946777344,148.66033935546875,493.2738952636719,149.64358520507812,552.6322021484375,410.4672546386719,510.7268981933594,381.063232421875,505.17431640625,416.279296875,521.087646484375,399.1990051269531,504.4093322753906,396.21673583984375,466.6665954589844,383.2855529785156,423.0439453125,384.5128173828125,367.6271667480469,381.1717224121094,308.8536376953125,354.00396728515625,0
2170,214.45913696289062,148.77752685546875,493.2624816894531,149.5771026611328,552.5086059570312,410.46734619140625,510.7320861816406,379.49066162109375,503.84228515625,415.0033874511719,519.7180786132812,399.4358215332031,504.3480224609375,395.2727966308594,466.3597412109375,383.3809509277344,422.95806884765625,384.64019775390625,367.3822326660156,381.2273254394531,308.9282531738281,354.39447021484375,0
2171,214.35958862304688,148.6543731689453,493.3544616699219,149.6193389892578,552.011474609375,408.8312072753906,509.90643310546875,379.50653076171875,506.5546875,415.8259582519531,520.6826782226562,398.49591064453125,505.04150390625,395.21417236328125,466.7513732910156,383.70819091796875,422.6488037109375,385.2171325683594,367.37286376953125,381.8695983886719,310.9908752441406,355.8440856933594,0
2172,214.33323669433594,148.5290985107422,493.2873840332031,149.56317138671875,552.8019409179688,403.75079345703125,509.9095764160156,379.40325927734375,508.4404602050781,415.6822814941406,521.5665283203125,396.9392395019531,506.1328430175781,395.00732421875,466.6404113769531,384.81915283203125,422.41754150390625,385.6445617675781,366.1910095214844,384.2881164550781,315.77996826171875,363.6914978027344,0
2173,214.36155700683594,148.79359436035156,493.2501220703125,149.59109497070312,552.2093505859375,399.7150573730469,510.26446533203125,378.07501220703125,509.1178283691406,414.6000061035156,521.0197143554688,394.8388977050781,505.4005126953125,394.0517272949219,465.75396728515625,385.57586669921875,422.2165222167969,385.3663330078125,364.8443298339844,384.109375,311.8286437988281,364.5552978515625,0
2174,214.57594299316406,148.65325927734375,493.2762756347656,149.56951904296875,549.1986083984375,392.9592590332031,503.51007080078125,375.5279541015625,504.77630615234375,412.7118835449219,516.67041015625,392.4218444824219,499.57135009765625,393.7000427246094,461.93817138671875,385.9232177734375,423.4281921386719,384.7978820800781,367.5249328613281,382.77606201171875,311.9923400878906,359.8590393066406,0
2175,214.62667846679688,148.46011352539062,493.32232666015625,149.59719848632812,544.548828125,387.495849609375,497.8189697265625,373.3560485839844,502.6371154785156,411.58642578125,512.6798706054688,389.1826477050781,495.686279296875,392.4111022949219,460.2603759765625,386.63818359375,423.9706726074219,384.56732177734375,364.60931396484375,383.0372009277344,306.7496337890625,362.24908447265625,0
2176,214.61724853515625,148.45819091796875,493.33258056640625,149.6108856201172,544.5374145507812,387.5066223144531,497.7834167480469,373.4293518066406,502.5696716308594,411.5562744140625,512.6729125976562,389.178955078125,495.66925048828125,392.46234130859375,460.2489929199219,386.6131896972656,423.9735107421875,384.5662841796875,364.5850830078125,383.0172119140625,306.729248046875,362.2367248535156,0
2177,214.5018310546875,148.63331604003906,493.3140869140625,149.67660522460938,543.018798828125,380.98431396484375,493.1316833496094,370.0999450683594,502.5790100097656,409.650146484375,508.9106140136719,385.2328796386719,492.7902526855469,390.769775390625,458.7265930175781,386.3277587890625,423.9548034667969,384.00396728515625,364.268310546875,382.1793212890625,306.5414123535156,361.019287109375,0
2178,214.44021606445312,148.5858154296875,493.32305908203125,149.6860809326172,536.56005859375,367.66497802734375,490.17047119140625,364.71014404296875,502.34490966796875,401.5827941894531,505.9569396972656,378.31036376953125,490.5588073730469,383.2453918457031,457.8804626464844,385.7362060546875,423.0436096191406,384.13568115234375,363.0093688964844,381.36053466796875,301.05975341796875,361.9525146484375,0
2179,214.53599548339844,148.62831115722656,493.2879333496094,149.7279510498047,532.8328857421875,356.2845764160156,487.3607177734375,360.7994079589844,504.1929626464844,395.2286376953125,503.4324645996094,371.2886962890625,489.23681640625,378.68212890625,459.371826171875,385.0835876464844,422.6524658203125,384.164794921875,362.94952392578125,381.43017578125,303.8598937988281,362.4640197753906,0
2180,214.41970825195312,148.70547485351562,493.3293762207031,149.74024963378906,529.4627075195312,345.4463806152344,484.0499267578125,356.5867919921875,505.1253356933594,387.9081115722656,503.3634948730469,364.9734191894531,488.4617614746094,374.9355163574219,460.2895202636719,383.8589172363281,421.91033935546875,384.8725280761719,362.12933349609375,381.5024108886719,304.29400634765625,360.4129943847656,0
2181,214.46929931640625,148.6338653564453,493.3356628417969,149.7064971923828,529.4491577148438,345.4719543457031,484.0369873046875,356.55377197265625,505.12384033203125,387.908935546875,503.3625183105469,364.95782470703125,488.4520263671875,374.90716552734375,460.2531433105469,383.8764953613281,421.91998291015625,384.8914794921875,362.1515197753906,381.5079040527344,304.3827819824219,360.4288024902344,0
2182,214.48333740234375,148.6873016357422,493.3756408691406,149.67620849609375,526.4942016601562,340.62109375,480.728271484375,352.9070129394531,504.37518310546875,383.9564208984375,500.42236328125,360.5931396484375,486.9917907714844,371.645263671875,459.4471130371094,383.8240966796875,421.9530944824219,386.2013854980469,360.56988525390625,384.0601501464844,304.45306396484375,366.4735107421875,0
2183,214.50820922851562,148.65524291992188,493.3665771484375,149.61050415039062,523.3681640625,333.9693603515625,478.031494140625,349.8804931640625,502.5299072265625,378.28375244140625,496.5077819824219,355.611328125,483.319580078125,367.23974609375,459.0216979980469,383.8113098144531,422.4758605957031,386.5755615234375,360.7732849121094,386.0785827636719,305.52197265625,365.8373718261719,0
2184,214.5029296875,148.71974182128906,493.4054870605469,149.60797119140625,524.122314453125,325.7365417480469,481.2192077636719,343.2914123535156,504.6258544921875,371.069091796875,500.8856201171875,348.5659484863281,487.4398498535156,361.0252685546875,460.46661376953125,381.00030517578125,421.0609130859375,388.79473876953125,362.0137634277344,391.98529052734375,301.8433532714844,374.4010314941406,0
2185,214.619384765625,148.5878143310547,493.3745422363281,149.4272003173828,525.5549926757812,325.3841247558594,483.42596435546875,341.1163635253906,506.323974609375,368.70013427734375,503.0245056152344,346.1675720214844,489.635009765625,358.2825012207031,460.716796875,379.8406982421875,420.95501708984375,390.5292053222656,361.1214294433594,394.34759521484375,300.0030822753906,374.0378723144531,0
2186,214.62754821777344,148.5872802734375,493.39996337890625,149.23619079589844,529.0973510742188,324.9835205078125,486.67120361328125,339.3037109375,508.789306640625,366.24945068359375,505.7969055175781,344.3932800292969,492.8298645019531,356.3376770019531,461.7307434082031,378.9541931152344,420.4315185546875,391.3670349121094,361.57598876953125,395.59503173828125,300.7408142089844,376.88201904296875,0
2187,214.54908752441406,148.59033203125,493.2784118652344,149.29039001464844,531.097412109375,326.22039794921875,491.1822509765625,338.10980224609375,512.0787353515625,363.12225341796875,508.4925231933594,342.0998840332031,495.2107238769531,353.8293151855469,464.2122497558594,378.9994812011719,420.09637451171875,392.4723815917969,361.18603515625,396.7138366699219,300.058837890625,376.92340087890625,0
2188,214.59324645996094,148.66537475585938,493.2270202636719,149.30250549316406,531.0816650390625,326.2012634277344,491.2174987792969,338.1140441894531,512.1624755859375,363.1274108886719,508.49078369140625,342.1577453613281,495.29461669921875,353.935791015625,464.19512939453125,378.7949523925781,420.08233642578125,392.4893798828125,360.9929504394531,396.6512451171875,299.86639404296875,377.4132995605469,0
2189,214.626220703125,148.60372924804688,493.2269592285156,149.34120178222656,531.5654296875,328.68267822265625,497.1149597167969,335.11334228515625,516.5026245117188,362.58062744140625,512.0285034179688,342.4370422363281,499.0083312988281,351.93194580078125,466.55218505859375,377.64288330078125,418.3675537109375,395.0428771972656,359.2169494628906,397.9130859375,298.2145690917969,377.2886962890625,0
2190,214.49832153320312,148.5763702392578,493.4044494628906,149.2523956298828,537.078125,329.9980773925781,507.6101989746094,335.05426025390625,524.1580200195312,362.4367370605469,520.6637573242188,342.1539611816406,508.2075500488281,350.137451171875,471.59954833984375,374.1651306152344,420.4248046875,395.63800048828125,365.7347412109375,397.6916809082031,309.4508361816406,375.0859680175781,0
2191,214.48912048339844,148.5389862060547,493.33587646484375,149.51426696777344,538.0278930664062,328.5693359375,513.8876953125,334.3985900878906,532.1807250976562,362.6524658203125,525.9441528320312,341.33270263671875,514.1498413085938,351.6726989746094,476.5963439941406,371.8797302246094,424.6920166015625,397.9858093261719,373.77581787109375,400.70001220703125,321.4354553222656,382.0201416015625,0
2192,214.4865264892578,148.5404815673828,493.33380126953125,149.4870147705078,538.028076171875,328.56915283203125,513.8875732421875,334.3987121582031,532.1807250976562,362.652587890625,525.9442138671875,341.33282470703125,514.1494750976562,351.67315673828125,476.59613037109375,371.8795166015625,424.6919860839844,397.9858703613281,373.7760009765625,400.7001953125,321.43524169921875,382.01983642578125,0
2193,214.427734375,148.61761474609375,493.40069580078125,149.39671325683594,540.81787109375,328.95867919921875,517.437255859375,334.393798828125,535.349609375,362.5992126464844,530.420654296875,341.5375671386719,518.4051513671875,351.9277648925781,481.05157470703125,372.13409423828125,426.0537109375,398.1071472167969,370.9773254394531,401.0846862792969,314.2674865722656,379.84912109375,0
2194,214.40704345703125,148.8460693359375,493.4111633300781,149.20314025878906,547.8207397460938,332.05218505859375,521.094970703125,337.5559997558594,537.6730346679688,364.8885498046875,534.7767944335938,345.198974609375,520.7324829101562,355.31182861328125,483.014404296875,373.82879638671875,428.2882385253906,397.0133361816406,373.33868408203125,398.60125732421875,317.0792541503906,374.4275817871094,0
2195,214.45510864257812,148.5931854248047,493.44586181640625,149.30223083496094,550.1611328125,332.5858154296875,521.6478271484375,338.41998291015625,537.8389892578125,367.4696044921875,535.0618286132812,346.8938293457031,520.787841796875,356.67449951171875,482.38348388671875,374.4676208496094,429.0010070800781,396.79937744140625,374.58673095703125,397.67755126953125,317.35760498046875,370.2305908203125,0
2196,214.47276306152344,148.63197326660156,493.3404846191406,149.33218383789062,553.27294921875,336.58062744140625,520.2607421875,341.70635986328125,536.0576171875,372.5369567871094,534.242919921875,351.1745910644531,519.6829223632812,359.16986083984375,481.2501525878906,375.41375732421875,429.4225158691406,395.7425231933594,374.0354309082031,396.58612060546875,318.2295227050781,369.421875,0
2197,214.45458984375,148.72348022460938,493.3456115722656,149.32664489746094,553.2752685546875,336.58807373046875,520.25634765625,341.71209716796875,536.0752563476562,372.5840148925781,534.25439453125,351.1945495605469,519.7188720703125,359.14508056640625,481.2307434082031,375.4530029296875,429.4236145019531,395.7213134765625,373.9718017578125,396.5765075683594,318.21917724609375,369.4430847167969,0
2198,214.51690673828125,148.67478942871094,493.3914794921875,149.3877410888672,555.9923095703125,339.00543212890625,520.5662841796875,341.9228210449219,536.1135864257812,373.41796875,534.6683959960938,352.0937194824219,520.0542602539062,359.394775390625,480.5736389160156,374.98797607421875,428.35797119140625,393.78509521484375,371.81158447265625,395.1277770996094,314.70477294921875,366.023681640625,0
2199,214.5692138671875,148.71102905273438,493.34600830078125,149.37283325195312,559.4841918945312,342.2027587890625,521.5965576171875,341.856201171875,536.1904296875,373.3766174316406,535.2022094726562,351.47845458984375,520.6986694335938,359.7125244140625,480.9252624511719,374.8978271484375,429.6704406738281,392.67852783203125,372.34552001953125,393.5997009277344,317.1222229003906,364.1891784667969,0
2200,214.55397033691406,148.6162109375,493.30029296875,149.4785614013672,560.659912109375,347.1851501464844,521.8364868164062,344.3723449707031,532.6890869140625,376.0489501953125,535.2213745117188,355.3103942871094,519.9512329101562,360.2434997558594,477.7196960449219,372.6953430175781,429.94091796875,392.3405456542969,372.77301025390625,393.9896240234375,316.5275573730469,364.29193115234375,0
2201,214.53517150878906,148.7332000732422,493.2745361328125,149.5802459716797,558.6237182617188,357.2922058105469,519.4869995117188,348.5679626464844,524.6358032226562,380.9953308105469,530.95263671875,361.17071533203125,515.2416381835938,364.5721740722656,475.58697509765625,372.03497314453125,429.0081481933594,391.40142822265625,371.02850341796875,390.7431945800781,315.794677734375,357.30023193359375,0
2202,214.55068969726562,148.74220275878906,493.2486267089844,149.5338897705078,558.5217895507812,357.25274658203125,519.5216674804688,348.49102783203125,524.4688110351562,380.94342041015625,530.9136962890625,361.1179504394531,515.1801147460938,364.39239501953125,475.4701843261719,371.9226989746094,429.0028076171875,391.4091796875,371.0158386230469,390.7420349121094,315.7922058105469,357.2964782714844,0
2203,214.5250701904297,148.62240600585938,493.3025817871094,149.46157836914062,557.683837890625,363.4798278808594,518.0717163085938,350.5760803222656,520.520263671875,385.19622802734375,528.0490112304688,363.348388671875,512.8779907226562,366.54534912109375,473.0748291015625,372.4457702636719,426.7298278808594,391.4452209472656,370.10565185546875,389.2153625488281,317.8035583496094,355.535888671875,0
2204,214.54078674316406,148.5857696533203,493.21588134765625,149.4232177734375,552.5152587890625,373.1283874511719,514.5877075195312,356.6911926269531,515.8225708007812,391.768310546875,524.31640625,371.4193420410156,508.92071533203125,373.2548828125,469.22369384765625,375.9015808105469,423.5804748535156,389.2323303222656,370.8377380371094,384.8755187988281,323.9217529296875,346.2825622558594,0
2205,214.44277954101562,148.6266326904297,493.338623046875,149.39361572265625,547.5108032226562,379.84259033203125,512.74169921875,358.99395751953125,510.41888427734375,393.58587646484375,520.3821411132812,374.90740966796875,506.2349548339844,374.8118896484375,466.92132568359375,376.8567199707031,420.4285888671875,388.6585693359375,367.2904052734375,381.5460205078125,321.285888671875,337.5140380859375,0
2206,214.50143432617188,148.68592834472656,493.37493896484375,149.40040588378906,543.807373046875,393.25128173828125,509.34429931640625,366.255126953125,502.27264404296875,399.18963623046875,515.0328979492188,384.4992370605469,500.7877197265625,382.0701904296875,462.4036865234375,378.5904541015625,419.5733642578125,385.7740173339844,368.6329650878906,376.2709655761719,325.5236511230469,317.646484375,0
2207,214.49371337890625,148.69219970703125,493.37481689453125,149.4119873046875,543.8057861328125,393.2511901855469,509.35272216796875,366.2400817871094,502.2530517578125,399.18267822265625,515.0194091796875,384.4869384765625,500.77093505859375,382.0400390625,462.4151611328125,378.4766845703125,419.57476806640625,385.77593994140625,368.6278076171875,376.2711181640625,326.694580078125,321.2919616699219,0
2208,214.58934020996094,148.66595458984375,493.3724365234375,149.33714294433594,542.8452758789062,393.13623046875,506.6611633300781,367.6949768066406,501.8188781738281,402.7100830078125,513.6820068359375,386.1800231933594,498.2362976074219,384.0673522949219,460.9426574707031,379.27874755859375,420.54248046875,384.603515625,368.71124267578125,373.87457275390625,327.98797607421875,315.43548583984375,0
2209,214.6378631591797,148.65447998046875,493.3212890625,149.42845153808594,540.844970703125,382.19976806640625,505.4503173828125,367.0880126953125,507.434814453125,404.499267578125,514.9208374023438,384.6037292480469,500.15625,385.7838134765625,462.3135681152344,381.21728515625,422.3268737792969,385.4024658203125,366.9933166503906,375.5367431640625,328.76422119140625,319.8457946777344,0
2210,214.65492248535156,148.68838500976562,493.2254333496094,149.3878173828125,538.8908081054688,378.2942810058594,504.045654296875,364.97314453125,508.2403259277344,401.966064453125,513.299560546875,381.1653137207031,499.2145690917969,383.3309020996094,462.7989501953125,381.2880859375,422.4659118652344,386.31427001953125,366.7607116699219,377.9322204589844,330.9866943359375,322.98773193359375,0
2211,214.6083221435547,148.67123413085938,493.1884765625,149.3548126220703,533.6766967773438,374.2979736328125,502.22540283203125,364.7320861816406,510.26385498046875,398.94757080078125,512.1286010742188,377.7102355957031,499.2816467285156,382.07476806640625,463.97991943359375,381.71490478515625,421.86199951171875,385.0939025878906,366.70550537109375,377.2342834472656,331.50732421875,323.1815490722656,0
2212,214.5631866455078,148.66824340820312,493.1729431152344,149.34954833984375,533.6990356445312,374.3492736816406,502.2434387207031,364.7514343261719,510.26116943359375,398.9405212402344,512.1299438476562,377.7594909667969,499.30194091796875,382.0892333984375,463.9912109375,381.6974182128906,421.8875427246094,385.08966064453125,366.7058410644531,377.2485656738281,331.5072937011719,323.1807861328125,0
2213,214.57608032226562,148.64517211914062,493.1213073730469,149.3272705078125,533.7711791992188,370.5679016113281,495.3006896972656,366.5906066894531,505.1790771484375,400.2615966796875,509.15631103515625,377.8300476074219,495.1575927734375,383.9999084472656,461.49273681640625,382.4414978027344,422.30322265625,385.06085205078125,366.7586975097656,375.59930419921875,336.5123596191406,317.3122253417969,0
2214,214.6544952392578,148.7360382080078,493.2118835449219,149.4176483154297,533.4004516601562,374.3684997558594,494.2892761230469,367.14971923828125,502.5654296875,401.001953125,508.0155029296875,379.0106201171875,493.49169921875,385.3313293457031,460.19482421875,383.2533874511719,422.7140197753906,386.22735595703125,365.81414794921875,377.5566101074219,340.21490478515625,319.9414978027344,0
2215,214.58987426757812,148.6750946044922,493.4447326660156,149.2276153564453,533.52490234375,372.55535888671875,497.46417236328125,365.23162841796875,504.2449951171875,400.3069152832031,509.01885986328125,377.86090087890625,494.35821533203125,383.55450439453125,461.2342529296875,382.9744873046875,422.2651672363281,386.5286865234375,365.08953857421875,377.5140380859375,340.056884765625,319.48382568359375,0
2216,214.57119750976562,148.7413330078125,493.6042785644531,149.08297729492188,534.4873046875,371.0168762207031,498.2225036621094,365.004150390625,504.3581848144531,398.59576416015625,509.28424072265625,376.7442626953125,494.5951232910156,382.8006591796875,461.2006530761719,382.90948486328125,421.88238525390625,386.8064270019531,366.0218505859375,377.8712158203125,339.318359375,320.71026611328125,0
2217,214.61862182617188,148.58395385742188,493.6529541015625,149.12188720703125,533.7723999023438,370.3935852050781,498.3715515136719,364.2699279785156,504.60198974609375,397.9722595214844,509.7455749511719,377.0102233886719,495.0330810546875,382.180908203125,461.44354248046875,382.7677307128906,421.59588623046875,386.8395080566406,366.3182373046875,378.19732666015625,338.65704345703125,321.85992431640625,0
2218,214.58853149414062,148.6356964111328,493.5899658203125,149.1690216064453,538.7957763671875,374.0181884765625,501.548583984375,364.98590087890625,504.4953918457031,398.469970703125,511.34423828125,378.064453125,496.4407653808594,382.034912109375,461.7022399902344,381.5535583496094,421.182373046875,386.91741943359375,365.7934875488281,378.67462158203125,338.02557373046875,320.8292236328125,0
2219,214.60586547851562,148.7557373046875,493.46405029296875,149.22872924804688,539.7025756835938,380.26312255859375,503.13079833984375,365.9859924316406,504.02789306640625,399.34619140625,512.1077880859375,380.57080078125,496.9682312011719,382.2502136230469,462.0555725097656,380.4734802246094,420.7272033691406,386.6744384765625,365.7925109863281,378.5321044921875,337.2779235839844,320.5826416015625,0
2220,214.7626953125,148.74853515625,493.3609924316406,149.17498779296875,538.8499145507812,401.3253479003906,506.9985046386719,372.5245361328125,498.1412048339844,405.2095031738281,510.3375244140625,390.8733825683594,496.51580810546875,387.4325866699219,459.3134765625,379.84686279296875,419.3527526855469,383.8797302246094,364.75604248046875,375.6662902832031,334.5838928222656,318.885009765625,0
2221,214.76931762695312,148.75497436523438,493.4135437011719,149.30287170410156,538.8429565429688,401.3166198730469,506.9679260253906,372.5304870605469,498.1904296875,405.2379150390625,510.330810546875,390.8977966308594,496.5063781738281,387.4803466796875,459.3555603027344,379.88189697265625,419.3480224609375,383.8806457519531,364.70965576171875,375.66485595703125,334.5503845214844,318.86785888671875,0
2222,214.6813201904297,148.7292022705078,493.5874938964844,149.28912353515625,541.4031982421875,410.48785400390625,508.23529052734375,378.3590393066406,496.9664001464844,410.60235595703125,512.2977294921875,396.91058349609375,498.09124755859375,392.9036865234375,458.8450622558594,380.62408447265625,419.937744140625,383.1999816894531,364.15478515625,376.33563232421875,324.5742492675781,322.80126953125,0
2223,214.61477661132812,148.82579040527344,493.53729248046875,149.4283905029297,542.7347412109375,416.1227111816406,510.63397216796875,382.67694091796875,498.1940612792969,413.2005615234375,515.0028076171875,401.0453796386719,500.568359375,394.9569091796875,460.39105224609375,383.1795349121094,420.740966796875,383.3748779296875,364.2999267578125,375.9732360839844,320.57513427734375,325.5841064453125,0
2224,214.47869873046875,148.70578002929688,493.56536865234375,149.22286987304688,546.7218017578125,420.2443542480469,515.0546264648438,385.2216491699219,500.3465576171875,416.1083068847656,517.195068359375,405.3345642089844,503.5967102050781,398.9851379394531,462.28472900390625,383.34576416015625,421.0272521972656,383.27386474609375,364.11492919921875,376.5273132324219,319.3706359863281,325.7375183105469,0
2225,214.48638916015625,148.69529724121094,493.56463623046875,149.21824645996094,546.7096557617188,420.236328125,515.2058715820312,385.01727294921875,500.2886657714844,416.0040588378906,517.2553100585938,405.2431945800781,503.6473388671875,398.82025146484375,462.2830505371094,383.35589599609375,421.01708984375,383.2707824707031,364.1250305175781,376.5587158203125,319.4322814941406,325.8990173339844,0
2226,214.81118774414062,148.78936767578125,493.559814453125,149.29405212402344,551.3670654296875,426.0792541503906,519.9630737304688,389.34490966796875,502.6039123535156,421.90081787109375,521.7286987304688,409.96368408203125,507.8224182128906,401.9488220214844,466.9095764160156,382.9673156738281,423.2823486328125,383.9466247558594,365.0096740722656,377.2970275878906,317.8099060058594,329.3018493652344,0
2227,214.81227111816406,148.78485107421875,493.593994140625,149.31198120117188,551.36865234375,426.0683898925781,520.00244140625,389.3210144042969,502.5858154296875,421.9306945800781,521.7418212890625,409.9608459472656,507.8346252441406,401.96392822265625,466.9195556640625,382.95782470703125,423.2763671875,383.9434814453125,364.9844055175781,377.292236328125,317.82891845703125,329.2990417480469,0
2228,214.60641479492188,148.63470458984375,493.56353759765625,149.29481506347656,551.8516845703125,423.4079284667969,519.95654296875,387.9290466308594,503.3174133300781,420.4378967285156,521.80517578125,408.4032287597656,507.38153076171875,401.9097595214844,466.81597900390625,383.062255859375,423.6298522949219,384.0971374511719,365.36529541015625,377.3123474121094,315.6131286621094,330.88446044921875,0
2229,214.56698608398438,148.60421752929688,493.4842834472656,149.33297729492188,553.5828247070312,425.4125671386719,522.2341918945312,385.500732421875,504.8706359863281,416.62225341796875,523.656494140625,406.7403259277344,509.42706298828125,399.2200927734375,467.966552734375,383.4868469238281,422.4862060546875,385.2537536621094,362.42572021484375,379.84991455078125,312.0349426269531,338.2808837890625,0
2230,214.64373779296875,148.5211181640625,493.3387756347656,149.35052490234375,550.662841796875,430.62188720703125,522.205322265625,387.617431640625,502.6573791503906,416.7412414550781,522.2357788085938,409.2218017578125,508.17413330078125,400.057373046875,468.01861572265625,383.4435119628906,422.1671447753906,385.6541442871094,363.48077392578125,379.5011901855469,312.0505065917969,337.3233337402344,0
2231,214.71644592285156,148.57347106933594,493.3283996582031,149.36195373535156,547.4956665039062,438.3280029296875,522.59814453125,389.70367431640625,501.9784240722656,417.1761169433594,522.6531982421875,410.68408203125,508.4141540527344,401.8014831542969,468.26025390625,383.3734130859375,423.1263427734375,385.3293762207031,364.1892395019531,379.4911804199219,311.7049865722656,338.42437744140625,0
2232,214.7167510986328,148.5458526611328,493.148193359375,149.45223999023438,545.526611328125,441.8984680175781,522.4552612304688,394.1511535644531,501.95013427734375,420.0738830566406,522.1591186523438,414.2682189941406,509.2967834472656,403.986083984375,469.1811218261719,383.8270263671875,423.3206481933594,384.536376953125,363.2815856933594,378.572509765625,311.5594177246094,337.69659423828125,0
2233,214.69769287109375,148.54014587402344,493.2650146484375,149.43798828125,544.64794921875,448.0263977050781,522.440185546875,397.563720703125,500.55889892578125,423.31182861328125,521.1843872070312,418.12799072265625,508.40838623046875,407.31243896484375,469.03253173828125,384.3005065917969,423.12750244140625,384.9499206542969,363.2333679199219,378.719970703125,311.2185363769531,337.5118103027344,0
2234,214.63626098632812,148.534423828125,493.2096862792969,149.36489868164062,543.8140869140625,451.8554382324219,522.5047607421875,399.78228759765625,499.9656982421875,425.319091796875,520.6156616210938,421.1371765136719,508.5256652832031,409.5768127441406,469.5357666015625,385.2177734375,424.1719055175781,384.841796875,362.81573486328125,378.95880126953125,309.0057067871094,338.89697265625,0
2235,214.4595184326172,148.63412475585938,493.1001281738281,149.31039428710938,538.662353515625,453.05010986328125,522.840087890625,404.02972412109375,498.0638732910156,427.44183349609375,519.255615234375,425.6277770996094,507.6451721191406,411.9014892578125,469.8285827636719,386.0364074707031,424.6176452636719,383.7399597167969,363.6084289550781,377.880126953125,309.8008117675781,339.019775390625,0
2236,214.5089111328125,148.5589141845703,493.11676025390625,149.25511169433594,535.646728515625,455.3065490722656,522.0068969726562,405.585693359375,499.62957763671875,427.2884216308594,519.6611938476562,425.732666015625,508.3370361328125,412.6596984863281,469.5346984863281,385.8671569824219,423.359375,382.9792785644531,361.953369140625,376.9090881347656,308.86175537109375,338.5877380371094,0
2237,214.4845733642578,148.5902862548828,493.1108093261719,149.2460479736328,535.683349609375,455.3041687011719,521.9595947265625,405.462646484375,499.6368713378906,427.2144470214844,519.7061767578125,425.670166015625,508.2456970214844,412.529296875,469.26763916015625,385.787353515625,423.33740234375,382.99456787109375,362.1872863769531,376.9340515136719,309.29754638671875,339.14599609375,0
2238,214.64398193359375,148.64967346191406,493.0678405761719,149.3618927001953,536.4603271484375,457.13153076171875,522.5291748046875,407.7286376953125,499.4505920410156,428.4229431152344,519.8037719726562,427.9482727050781,508.63116455078125,414.4034118652344,470.32867431640625,385.7986755371094,423.2679443359375,382.6504821777344,361.3455505371094,376.3973083496094,308.616455078125,338.4153137207031,0
2239,214.7238311767578,148.732177734375,493.095947265625,149.28060913085938,537.3270263671875,460.66241455078125,524.991943359375,410.16619873046875,502.43206787109375,429.6009216308594,521.9170532226562,429.7351989746094,511.7108154296875,416.7226257324219,471.9671630859375,386.0170593261719,422.69610595703125,382.90887451171875,362.7730712890625,377.5225524902344,307.98028564453125,340.1327209472656,0
2240,214.83209228515625,148.6717529296875,493.1407470703125,149.35000610351562,536.9213256835938,462.2384948730469,525.5591430664062,410.2782287597656,502.2853088378906,430.1250305175781,521.780029296875,430.1276550292969,511.8556823730469,416.7850646972656,472.67010498046875,386.10284423828125,422.7047424316406,383.0516052246094,362.16845703125,376.67919921875,308.97271728515625,341.7745056152344,0
2241,214.83087158203125,148.66873168945312,493.1452331542969,149.35093688964844,536.9344482421875,462.24530029296875,525.5828247070312,410.2730712890625,502.28155517578125,430.13604736328125,521.7900390625,430.1336364746094,511.8538513183594,416.7831726074219,472.67852783203125,386.11181640625,422.70220947265625,383.0561218261719,362.1681823730469,376.729248046875,308.97607421875,341.79638671875,0
2242,214.65164184570312,148.67156982421875,493.0677185058594,149.2429656982422,538.3453979492188,458.8656921386719,525.9599609375,407.5293273925781,502.73944091796875,428.72222900390625,522.6596069335938,427.7581787109375,511.17254638671875,414.7159729003906,472.90606689453125,385.4540100097656,422.36968994140625,382.9979553222656,362.1484680175781,376.4483337402344,309.8327331542969,341.0325012207031,0
2243,214.6279296875,148.6456756591797,493.0949401855469,149.25689697265625,550.0847778320312,444.17327880859375,525.5347900390625,397.361328125,505.6118469238281,423.424072265625,525.0632934570312,417.44085693359375,512.362548828125,406.8526916503906,471.5933532714844,384.0387268066406,422.8197326660156,383.9045104980469,363.3803405761719,379.4679260253906,307.50872802734375,345.6225891113281,0
2244,214.54364013671875,148.67454528808594,493.04132080078125,149.2095184326172,552.8220825195312,436.90777587890625,526.2293090820312,392.2755126953125,506.9698791503906,421.3046569824219,526.081787109375,412.7444763183594,511.7857971191406,402.98541259765625,471.3888854980469,383.674072265625,422.7698974609375,384.62823486328125,362.0748596191406,380.5570373535156,305.2685852050781,347.77471923828125,0
2245,214.52291870117188,148.79347229003906,493.08331298828125,149.28379821777344,555.7822875976562,424.67901611328125,523.3382568359375,389.5105285644531,510.1600341796875,420.50372314453125,525.2929077148438,408.60107421875,511.50115966796875,401.5029296875,470.97216796875,384.151611328125,422.7523498535156,385.4435729980469,363.0296630859375,381.4147033691406,308.4106140136719,349.5997619628906,0
2246,214.5977325439453,148.620849609375,493.1087951660156,149.34580993652344,553.9946899414062,405.3634033203125,518.6435546875,381.7703857421875,514.5711059570312,416.3727111816406,523.5216064453125,398.286376953125,510.8555908203125,395.7668151855469,469.2562255859375,384.9430236816406,422.4710693359375,384.8017883300781,364.56585693359375,379.7315979003906,308.3345947265625,346.62896728515625,0
2247,214.67092895507812,148.7318115234375,493.1244201660156,149.27584838867188,553.0778198242188,379.8242492675781,509.5770568847656,364.5456237792969,512.2019653320312,400.926513671875,520.1705932617188,379.5103454589844,504.5694274902344,383.3393859863281,465.70355224609375,382.8656311035156,420.8904113769531,385.9223327636719,361.3055419921875,383.10247802734375,309.3990783691406,353.4227600097656,0
2248,214.54905700683594,148.79299926757812,493.2402038574219,149.32907104492188,551.6287841796875,375.5794677734375,507.3786315917969,360.2872619628906,510.2389221191406,395.2787170410156,519.2962646484375,375.46160888671875,502.5595397949219,377.896728515625,464.7624206542969,381.8680114746094,420.3849182128906,387.7299499511719,361.2122497558594,387.10162353515625,308.9627380371094,360.0428771972656,0
2249,214.4486846923828,148.61415100097656,493.2409973144531,149.3788604736328,548.4006958007812,371.052734375,502.54559326171875,357.3070373535156,506.9299621582031,392.6742858886719,515.758544921875,372.4631042480469,499.25421142578125,375.824462890625,463.5167541503906,382.26519775390625,421.6329650878906,389.2905578613281,361.6570739746094,391.7378845214844,304.1686706542969,365.5282287597656,0
2250,214.51246643066406,148.60696411132812,493.25592041015625,149.476806640625,546.831787109375,370.9423522949219,501.82818603515625,357.715087890625,506.16851806640625,393.45458984375,514.5482788085938,372.8124694824219,498.4703369140625,376.3271789550781,463.1868591308594,382.1803894042969,421.05963134765625,389.2303161621094,360.6404113769531,390.8734130859375,303.5481262207031,364.1526184082031,0
2251,214.45216369628906,148.5600128173828,493.397705078125,149.4788055419922,546.158203125,372.50970458984375,501.3360595703125,358.97454833984375,504.7579345703125,394.8193359375,513.4419555664062,374.2331237792969,497.1338195800781,377.31121826171875,462.6102294921875,382.7131042480469,421.1155700683594,388.5535888671875,360.988525390625,388.8727722167969,307.43341064453125,362.9163513183594,0
2252,214.43580627441406,148.53277587890625,493.4192199707031,149.4677734375,546.1808471679688,372.51080322265625,501.36578369140625,358.9700622558594,504.78070068359375,394.7919006347656,513.4596557617188,374.2320556640625,497.1753845214844,377.3219909667969,462.6399230957031,382.7087707519531,421.1314392089844,388.55853271484375,360.97998046875,388.8704833984375,307.3990173339844,362.8926086425781,0
2253,214.62599182128906,148.42274475097656,493.31964111328125,149.48818969726562,544.7578735351562,373.469482421875,500.5752868652344,361.0642395019531,503.5047607421875,396.0880432128906,511.6581115722656,375.777099609375,496.4242248535156,378.7385559082031,461.4585266113281,382.32073974609375,421.77471923828125,387.179443359375,360.3417053222656,386.2652893066406,305.9483947753906,358.403564453125,0
2254,214.5901336669922,148.698974609375,493.47015380859375,149.53463745117188,537.841552734375,362.5613098144531,492.9015197753906,364.1923522949219,505.6015625,398.3448181152344,507.5350646972656,376.334716796875,492.9205322265625,382.3459777832031,459.98236083984375,386.8334045410156,422.1844482421875,385.46868896484375,361.2004089355469,382.5297546386719,304.0726013183594,353.56500244140625,0
2255,214.56655883789062,148.45526123046875,493.2337951660156,149.5950164794922,533.6400756835938,357.1849670410156,488.49078369140625,363.0431213378906,504.7011413574219,396.1544494628906,504.40496826171875,373.81463623046875,490.1708679199219,381.1124572753906,459.723388671875,387.8177490234375,422.39508056640625,384.8631591796875,360.83905029296875,382.5594177246094,303.9056396484375,355.2243957519531,0
2256,214.65850830078125,148.49078369140625,493.33734130859375,149.60560607910156,530.9268188476562,352.5583190917969,486.6645202636719,359.3243408203125,504.78643798828125,390.6137390136719,502.6659240722656,368.5242004394531,488.9824523925781,377.046875,460.5347595214844,386.31982421875,422.2563781738281,385.0863342285156,360.1827697753906,382.42706298828125,302.12481689453125,354.21893310546875,0
2257,214.63937377929688,148.4781951904297,493.2671813964844,149.6177520751953,530.9071655273438,352.5436706542969,486.65264892578125,359.2810363769531,504.721435546875,390.6561584472656,502.6240539550781,368.5412902832031,488.94525146484375,377.03936767578125,460.4602355957031,386.3049621582031,422.2762145996094,385.1002502441406,360.187744140625,382.4256591796875,302.1246337890625,354.2118225097656,0
2258,214.50653076171875,148.40145874023438,493.2324523925781,149.56407165527344,531.7483520507812,348.6036376953125,487.46209716796875,356.580322265625,505.3458557128906,388.2524719238281,503.59747314453125,365.3783264160156,489.88018798828125,374.8768615722656,460.5740966796875,385.67926025390625,421.8695373535156,386.1026306152344,360.21734619140625,384.1460876464844,301.0267333984375,354.52093505859375,0
2259,214.4116668701172,148.49563598632812,493.25360107421875,149.74600219726562,531.944091796875,344.9917297363281,488.3515930175781,352.531982421875,505.8773498535156,383.4815368652344,505.5091247558594,361.2691345214844,490.7662048339844,371.6065673828125,460.14129638671875,381.99798583984375,420.5339660644531,387.0556335449219,359.4579772949219,385.6831970214844,300.6435852050781,356.267578125,0
2260,214.29833984375,148.39366149902344,493.23004150390625,149.7667999267578,530.268798828125,341.8653564453125,487.88970947265625,352.9236755371094,507.1499938964844,381.5222473144531,505.864013671875,359.5649108886719,491.84844970703125,370.37359619140625,462.2895812988281,384.22607421875,419.7313537597656,388.4576416015625,360.0357360839844,388.2663879394531,301.41497802734375,360.0775146484375,0
2261,214.4716796875,148.5396270751953,493.3656311035156,149.8148193359375,530.69140625,339.5779113769531,486.7135009765625,351.6877136230469,506.0084533691406,380.60791015625,504.6499328613281,358.31048583984375,490.39166259765625,369.4985046386719,461.73199462890625,384.4329528808594,420.8603515625,389.9185485839844,359.21337890625,393.01702880859375,299.95965576171875,367.0843200683594,0
2262,214.37850952148438,148.6667022705078,493.35577392578125,149.5408172607422,528.3453369140625,338.0343017578125,483.8586730957031,352.2659912109375,505.498779296875,380.8158874511719,502.2261657714844,358.2187194824219,488.9259033203125,370.1748962402344,461.657958984375,384.74993896484375,421.5891418457031,389.4755859375,360.2919921875,392.0760498046875,302.1138610839844,366.11529541015625,0
2263,214.3951873779297,148.64573669433594,493.3723449707031,149.53382873535156,528.3081665039062,338.0116271972656,483.9042053222656,352.27911376953125,505.4853820800781,380.79852294921875,502.20196533203125,358.21197509765625,488.9256591796875,370.1686096191406,461.6754150390625,384.7480163574219,421.5818786621094,389.4657287597656,360.3502502441406,392.0901184082031,302.1469421386719,366.3171081542969,0
2264,214.51930236816406,148.53794860839844,493.37567138671875,149.3478240966797,528.0208129882812,337.6275634765625,484.00531005859375,351.9483947753906,505.5653381347656,380.8293762207031,502.3817443847656,357.8564453125,489.030517578125,370.08746337890625,461.64410400390625,384.8723449707031,422.04730224609375,389.4588928222656,360.6995544433594,391.14483642578125,301.10650634765625,363.0794372558594,0
2265,214.55809020996094,148.2480926513672,493.4147033691406,149.30563354492188,530.1207885742188,338.43133544921875,486.5013427734375,350.2427673339844,506.138671875,379.1206970214844,504.32965087890625,356.96685791015625,489.95086669921875,366.6142883300781,462.26837158203125,384.2192077636719,421.4776306152344,390.46063232421875,360.4731750488281,392.2917785644531,302.29046630859375,366.3656921386719,0
2266,214.59471130371094,148.46836853027344,493.31011962890625,149.41830444335938,520.6110229492188,327.7036437988281,483.8656005859375,351.7995300292969,510.7096252441406,375.02777099609375,502.9668273925781,353.3037109375,492.54473876953125,365.9693298339844,464.89923095703125,386.469970703125,421.4268798828125,390.5543212890625,360.33013916015625,392.15142822265625,300.669189453125,364.9486389160156,0
2267,214.6260986328125,148.52842712402344,493.3596496582031,149.440185546875,520.6365356445312,327.6636657714844,483.84600830078125,351.8573303222656,510.7030029296875,375.0447998046875,502.9670715332031,353.30963134765625,492.5345458984375,365.9945983886719,464.9101867675781,386.49700927734375,421.43194580078125,390.54974365234375,360.3267822265625,392.1512145996094,300.6512756347656,364.9300231933594,0
2268,214.5703887939453,148.43560791015625,493.336181640625,149.47067260742188,508.560791015625,318.9458312988281,479.3966979980469,350.9681091308594,510.1982116699219,365.146240234375,498.303466796875,346.46478271484375,492.1280517578125,362.1366882324219,466.0102233886719,387.6114196777344,421.05426025390625,390.7686767578125,360.9826965332031,393.2623596191406,301.7243347167969,369.4758605957031,0
2269,214.57070922851562,148.54022216796875,493.35797119140625,149.52459716796875,495.9037170410156,304.4334716796875,476.12738037109375,335.5823059082031,505.7867736816406,345.55755615234375,492.5780029296875,327.9730224609375,489.2694091796875,345.8605651855469,466.1064147949219,382.15704345703125,419.5849609375,391.7987976074219,358.9689025878906,395.0749206542969,296.90869140625,370.97467041015625,0
2270,214.55191040039062,148.44325256347656,493.3954162597656,149.55450439453125,492.2046203613281,298.53411865234375,473.62109375,330.9604187011719,504.2591857910156,338.3929138183594,490.3055725097656,323.5032958984375,486.5628967285156,340.10162353515625,466.5244445800781,379.85858154296875,419.29132080078125,394.91741943359375,359.7765808105469,397.5089416503906,302.5096740722656,377.3268127441406,0
2271,214.57908630371094,148.56356811523438,493.197509765625,149.6724090576172,484.21875,285.0958251953125,472.1102294921875,324.7868957519531,503.93890380859375,327.56719970703125,485.9539489746094,312.30474853515625,485.3507080078125,331.4122619628906,472.09100341796875,375.35308837890625,421.777099609375,399.0783386230469,364.84228515625,406.50677490234375,306.86248779296875,387.54766845703125,0
2272,214.54629516601562,148.56336975097656,493.19781494140625,149.67112731933594,484.2107238769531,285.0782470703125,472.0334777832031,324.6772766113281,503.9251708984375,327.5624694824219,485.96240234375,312.2528381347656,485.3021545410156,331.31121826171875,471.9283142089844,375.3167419433594,421.7982177734375,399.07708740234375,364.84332275390625,406.50494384765625,306.8838806152344,387.563720703125,0
2273,214.5341033935547,148.546142578125,493.3113708496094,149.543212890625,482.0831298828125,281.1598205566406,469.66131591796875,321.5379943847656,502.63909912109375,321.4697570800781,484.0721740722656,309.21258544921875,483.85577392578125,326.13385009765625,471.34478759765625,369.62713623046875,426.768798828125,401.04241943359375,372.4494934082031,412.5679016113281,309.8790283203125,397.2010498046875,0
2274,214.48153686523438,148.77491760253906,493.3771057128906,149.51254272460938,484.6521301269531,271.5885925292969,469.05596923828125,311.43560791015625,501.352294921875,313.6929931640625,484.22894287109375,299.8406677246094,483.6531066894531,317.28094482421875,479.6161193847656,360.6102294921875,440.3481750488281,405.2355651855469,391.5798034667969,424.3202209472656,325.29315185546875,412.67645263671875,0
2275,214.47634887695312,148.64723205566406,493.2613830566406,149.51773071289062,487.56597900390625,267.21197509765625,470.1309509277344,308.43682861328125,502.3345947265625,313.20538330078125,485.5012512207031,296.4760437011719,484.8092041015625,314.9212951660156,482.36407470703125,356.8576354980469,446.12652587890625,407.08538818359375,397.12799072265625,428.21044921875,335.4205017089844,417.01715087890625,0
2276,214.37188720703125,148.65306091308594,493.2635192871094,149.59957885742188,489.9854736328125,262.0353088378906,469.6041564941406,304.0950012207031,503.5837097167969,309.1617126464844,487.2174987792969,293.41107177734375,485.6497497558594,310.47161865234375,483.8697509765625,351.2447814941406,463.3139953613281,407.89227294921875,426.0129089355469,435.7832946777344,365.0927734375,433.5710144042969,0
2277,214.37347412109375,148.65103149414062,493.2536315917969,149.6006622314453,489.9692077636719,262.0362548828125,469.6062927246094,304.10498046875,504.34820556640625,308.9933776855469,487.21600341796875,293.4256591796875,485.6476745605469,310.4983825683594,483.8663635253906,351.2887878417969,463.3211669921875,407.898681640625,425.9740295410156,435.792724609375,365.0926208496094,433.5858154296875,0
2278,214.45068359375,148.6799774169922,493.28521728515625,149.63134765625,491.0047912597656,259.7245178222656,470.8692321777344,302.0793151855469,504.3634948730469,306.5083923339844,487.8418273925781,291.17926025390625,486.0791015625,308.2139587402344,486.0949401855469,348.2852783203125,471.1956481933594,407.37799072265625,437.959716796875,435.752685546875,390.2787780761719,439.40228271484375,0
2279,214.4999237060547,148.58668518066406,493.2600402832031,149.5243682861328,491.2398986816406,249.88272094726562,474.7488708496094,293.0271301269531,506.5909729003906,295.3071594238281,490.7817687988281,278.9482727050781,490.3540344238281,297.1807556152344,489.3283386230469,340.6198425292969,476.0487060546875,400.1910095214844,438.5310974121094,429.9864196777344,380.5699462890625,423.24957275390625,0
2280,214.54336547851562,148.56332397460938,493.1391296386719,149.58071899414062,488.3625183105469,243.01173400878906,474.3732604980469,287.29608154296875,507.3152160644531,287.6602783203125,489.72686767578125,273.8580322265625,490.4903564453125,291.8331298828125,490.20233154296875,335.1187438964844,475.0449523925781,394.9301452636719,436.6327209472656,424.5865173339844,375.8503723144531,413.39324951171875,0
2281,214.4610595703125,148.60272216796875,493.0644226074219,149.7388458251953,482.39764404296875,233.2749481201172,474.822021484375,280.7004089355469,505.50421142578125,277.7602233886719,486.7301025390625,263.8620910644531,489.87335205078125,282.06719970703125,490.62060546875,327.53118896484375,471.91748046875,382.6162109375,429.46868896484375,413.87469482421875,363.0357971191406,400.74560546875,0
2282,214.4639434814453,148.6009979248047,493.0640563964844,149.7379913330078,482.4036560058594,233.27239990234375,474.79473876953125,280.6302185058594,505.5097961425781,277.73687744140625,486.7498779296875,263.8479919433594,489.8879089355469,281.9933776855469,488.85955810546875,326.7066345214844,471.89410400390625,382.59423828125,429.4615783691406,413.8799133300781,363.03497314453125,400.7444763183594,0
2283,214.634033203125,148.64508056640625,493.0223388671875,149.7059326171875,483.1195068359375,227.51385498046875,471.1827697753906,272.04315185546875,504.9512939453125,270.45330810546875,485.8457336425781,257.8916931152344,487.6893005371094,274.9857177734375,486.7220764160156,321.1534118652344,467.0953063964844,377.7173156738281,424.1098937988281,409.23095703125,363.7648620605469,400.4849548339844,0
2284,214.6904754638672,148.71322631835938,493.2062683105469,149.76663208007812,481.3927917480469,215.01808166503906,466.24725341796875,257.7626953125,501.0360412597656,258.7608947753906,482.77569580078125,244.77822875976562,482.4475402832031,261.85687255859375,481.8714599609375,309.8939208984375,466.1292419433594,372.4631042480469,426.1806335449219,402.3837585449219,362.9170227050781,388.24139404296875,0
2285,214.6261749267578,148.58689880371094,493.1652526855469,149.8199920654297,479.4145202636719,209.24044799804688,464.5688171386719,252.05419921875,498.1685485839844,252.29481506347656,479.5909423828125,238.96986389160156,479.2108154296875,257.0243835449219,482.0559387207031,305.34674072265625,472.68524169921875,369.6644592285156,436.239990234375,405.09686279296875,373.6911315917969,394.4120788574219,0
2286,214.66195678710938,148.49668884277344,493.401123046875,149.5664520263672,479.446044921875,199.3004913330078,458.3167724609375,238.77049255371094,491.64947509765625,241.12303161621094,476.49066162109375,226.58717346191406,475.68780517578125,245.57957458496094,483.2283630371094,296.1861267089844,489.29705810546875,362.52850341796875,467.0226745605469,410.2440185546875,407.2182922363281,420.7545471191406,-1
2287,214.5317840576172,148.5340576171875,493.411865234375,149.58387756347656,479.4568176269531,199.34217834472656,458.47979736328125,238.80213928222656,491.6855163574219,241.13380432128906,476.5502624511719,226.62974548339844,475.7605285644531,245.65313720703125,483.2289733886719,296.1893005371094,489.32568359375,362.5522766113281,467.0722961425781,410.25286865234375,407.2273864746094,420.7745666503906,-1
2288,214.4840087890625,148.65426635742188,493.4018249511719,149.3942108154297,480.314208984375,196.3671875,457.452392578125,235.0460968017578,490.47528076171875,239.0794219970703,476.0906066894531,223.61322021484375,474.9466247558594,242.61669921875,483.8315124511719,293.7026672363281,493.2600402832031,356.5469055175781,478.4645690917969,409.1820068359375,410.5000915527344,424.46124267578125,-1
2289,214.56092834472656,148.63818359375,493.6515808105469,149.43585205078125,481.9112854003906,191.14488220214844,459.25714111328125,231.40098571777344,491.9034118652344,234.7708740234375,478.2877502441406,218.2684783935547,475.537109375,238.54629516601562,484.24542236328125,290.9141845703125,495.4370422363281,352.4081115722656,483.2947692871094,405.0031433105469,420.5399475097656,422.5889892578125,-1
2290,214.6070098876953,148.64752197265625,493.50457763671875,149.17442321777344,481.8326721191406,188.66786193847656,460.24444580078125,228.17977905273438,494.5716857910156,232.2852783203125,478.54638671875,215.28756713867188,477.1031494140625,234.36056518554688,482.1772766113281,285.13836669921875,493.0582580566406,349.1419372558594,480.2555847167969,397.9195556640625,413.3238830566406,414.0874328613281,-1
2291,214.66404724121094,148.70855712890625,493.50299072265625,149.3170928955078,482.2740478515625,185.80935668945312,460.28643798828125,225.9820098876953,495.8859558105469,229.46661376953125,478.4786071777344,214.4496612548828,477.4880676269531,232.72154235839844,481.8680114746094,280.9690246582031,491.5580749511719,345.3524475097656,476.5169372558594,394.09954833984375,404.3783264160156,408.07476806640625,-1
2292,214.5719757080078,148.88328552246094,493.2335205078125,149.35447692871094,484.7956237792969,183.39865112304688,461.6390075683594,221.6556854248047,496.6725769042969,226.44859313964844,479.7195129394531,211.4806671142578,477.7480773925781,229.79248046875,482.0667724609375,277.6376953125,490.373779296875,342.480712890625,475.6274108886719,392.1748352050781,407.02880859375,407.99530029296875,-1
2293,214.61302185058594,148.8952178955078,493.2529602050781,149.38536071777344,483.32000732421875,179.5760498046875,463.3621520996094,219.0714111328125,498.7081604003906,222.37896728515625,481.5804138183594,208.63381958007812,480.4189453125,226.03384399414062,482.6280822753906,274.6685485839844,492.15771484375,339.8000183105469,476.8159484863281,387.2331848144531,410.1183776855469,405.4317626953125,-1
2294,214.60350036621094,148.87579345703125,493.63726806640625,149.64273071289062,481.7037048339844,179.0162353515625,465.1294860839844,218.5868682861328,500.87713623046875,219.75701904296875,482.42095947265625,205.26388549804688,481.203369140625,225.0392303466797,485.3503723144531,271.7151184082031,493.67083740234375,335.77459716796875,479.950927734375,383.4292297363281,413.7020568847656,402.5809631347656,-1
2295,214.78335571289062,149.07952880859375,494.2513122558594,150.01527404785156,481.00042724609375,177.16917419433594,466.77130126953125,215.57888793945312,501.36114501953125,215.3583526611328,482.4217224121094,201.1310272216797,483.0382080078125,220.35147094726562,486.9649353027344,264.64111328125,486.5961608886719,327.18359375,468.1184997558594,378.32550048828125,408.311767578125,387.9336242675781,-1
2296,214.7747344970703,149.077392578125,494.26153564453125,149.9492645263672,481.00177001953125,177.16543579101562,466.7730407714844,215.57830810546875,501.36273193359375,215.36058044433594,482.4220275878906,201.1288299560547,483.03875732421875,220.35287475585938,486.9645690917969,264.6406555175781,486.59686279296875,327.1843566894531,468.0802001953125,378.39129638671875,408.3077392578125,387.9258117675781,-1
2297,214.66331481933594,148.7388153076172,494.1252136230469,149.70509338378906,480.9416198730469,176.60281372070312,466.5050048828125,214.43519592285156,501.4954833984375,213.75498962402344,482.4186706542969,200.37815856933594,482.5920104980469,218.84432983398438,484.178466796875,264.24090576171875,480.3377990722656,323.5315856933594,457.32110595703125,374.87957763671875,396.91912841796875,378.3722229003906,-1
2298,214.65916442871094,148.69956970214844,493.9355773925781,150.33309936523438,480.265380859375,175.9418487548828,459.16668701171875,212.69212341308594,496.34906005859375,212.59449768066406,475.738525390625,197.89854431152344,477.0992431640625,218.2904510498047,479.51434326171875,260.7229309082031,472.5659484863281,319.85137939453125,445.6274108886719,362.3815002441406,383.4639587402344,366.62237548828125,-1
2299,214.45028686523438,148.66302490234375,494.25140380859375,150.64479064941406,480.52685546875,175.43017578125,455.6177062988281,208.78504943847656,490.7327880859375,208.71621704101562,473.68304443359375,195.222412109375,473.5895080566406,214.36380004882812,477.037353515625,258.5537109375,471.07958984375,319.4511413574219,446.05047607421875,361.11407470703125,384.3812255859375,365.8953552246094,-1
2300,214.5408172607422,148.57791137695312,494.0075988769531,150.37747192382812,480.304443359375,174.89373779296875,451.3105163574219,207.3507080078125,488.6205139160156,207.1123046875,471.7433776855469,193.44419860839844,469.8765563964844,212.5541534423828,475.87603759765625,258.0740661621094,470.9603576660156,318.3390197753906,447.54669189453125,358.2264709472656,392.0361633300781,365.4869689941406,-1
2301,214.54330444335938,148.5073699951172,494.32452392578125,150.84022521972656,481.27667236328125,172.41436767578125,450.584228515625,205.8299102783203,487.1813659667969,205.46104431152344,470.26678466796875,190.95462036132812,468.93951416015625,211.05343627929688,477.63580322265625,257.2768859863281,473.6297302246094,317.27484130859375,449.3326110839844,359.1534423828125,388.69732666015625,361.0109558105469,-1
2302,214.44410705566406,148.49293518066406,494.3259582519531,150.8412322998047,481.29669189453125,172.39698791503906,450.6881408691406,205.83633422851562,487.1997985839844,205.43704223632812,470.3804626464844,190.92625427246094,468.96929931640625,211.01466369628906,477.6681213378906,257.1416015625,473.6313781738281,317.27874755859375,449.333251953125,359.1456298828125,388.6849060058594,361.01788330078125,-1
2303,214.60195922851562,148.55917358398438,494.4546203613281,150.78282165527344,480.6539001464844,170.23768615722656,450.9019470214844,203.5684356689453,487.97662353515625,203.97605895996094,471.1888122558594,188.96971130371094,469.8690185546875,209.31468200683594,481.1974792480469,255.48602294921875,479.801025390625,316.044189453125,468.3164367675781,350.83453369140625,453.79534912109375,373.18841552734375,-1
2304,214.6155242919922,148.54957580566406,494.3807678222656,150.0266876220703,487.4091491699219,169.7916259765625,454.26800537109375,192.1711883544922,488.68475341796875,194.84329223632812,473.2579650878906,180.54795837402344,471.19232177734375,198.6294708251953,480.0707092285156,248.33729553222656,483.5446472167969,309.4661865234375,469.3230895996094,363.9057312011719,410.96856689453125,387.9451904296875,-1
2305,214.530517578125,148.53477478027344,494.75372314453125,149.98081970214844,502.9328918457031,173.31198120117188,460.8971862792969,185.46250915527344,496.10601806640625,188.800537109375,480.5387878417969,174.40496826171875,476.7059020996094,192.181884765625,480.1781921386719,241.09544372558594,482.6167907714844,303.8077087402344,464.9720153808594,354.17529296875,405.14837646484375,375.5888977050781,-1
2306,214.5425567626953,148.63998413085938,495.1971740722656,148.4082794189453,503.3208923339844,170.4683837890625,461.980712890625,182.1345977783203,496.5950012207031,185.8011016845703,481.3411865234375,170.54266357421875,478.1338806152344,187.5316925048828,481.0124206542969,239.2244110107422,482.5219421386719,303.56982421875,466.436279296875,353.5908508300781,404.8320617675781,379.9764099121094,-1
2307,214.53152465820312,148.6769561767578,495.1510925292969,148.43402099609375,503.433349609375,170.55470275878906,462.0706481933594,182.18894958496094,496.61737060546875,185.8484649658203,481.4053649902344,170.73028564453125,478.1588439941406,187.55714416503906,481.1535949707031,239.17471313476562,482.54510498046875,303.593994140625,466.57598876953125,352.9884948730469,404.82275390625,379.981201171875,-1
2308,214.6847381591797,148.57676696777344,498.938720703125,147.75970458984375,490.4063720703125,154.5215606689453,462.6756286621094,178.624755859375,497.6379089355469,182.8437957763672,481.5859375,166.1661834716797,479.2292785644531,185.32403564453125,479.9456481933594,236.61032104492188,483.1931457519531,302.19256591796875,468.8945617675781,352.2752685546875,408.46661376953125,381.64886474609375,-1
2309,214.6100616455078,148.7591552734375,498.1477966308594,148.36212158203125,482.7031555175781,138.11001586914062,462.27581787109375,173.56637573242188,497.5171203613281,176.5220489501953,480.3232116699219,161.4119110107422,478.7555236816406,180.4474334716797,479.7077331542969,233.3263397216797,483.0625305175781,300.1911926269531,469.8403625488281,351.5287170410156,410.6096496582031,381.6611633300781,-1
2310,214.57798767089844,148.6834259033203,500.0375061035156,147.36985778808594,482.45849609375,129.34461975097656,461.78662109375,163.12399291992188,498.28302001953125,168.4391326904297,480.8872985839844,151.88491821289062,477.9815673828125,169.96206665039062,478.739990234375,224.96060180664062,488.188720703125,287.9674072265625,482.691162109375,334.6785583496094,428.5189514160156,381.17431640625,-1
2311,214.5779571533203,148.67474365234375,500.074462890625,147.32981872558594,482.4645080566406,129.35108947753906,461.82177734375,163.14541625976562,498.2215881347656,168.46136474609375,480.8581237792969,151.88531494140625,478.04730224609375,169.86463928222656,478.6081237792969,224.95745849609375,488.1828918457031,287.9926452636719,482.6484375,334.8229064941406,428.5521240234375,381.1906433105469,-1
2312,214.39657592773438,148.6433563232422,499.6097106933594,147.25320434570312,477.411865234375,126.373291015625,463.98382568359375,159.00779724121094,500.67913818359375,164.72154235839844,483.5227966308594,149.37094116210938,480.0654296875,166.43447875976562,479.15228271484375,219.8372039794922,488.5223388671875,286.3536376953125,480.8103942871094,344.6711120605469,430.0477294921875,383.3723449707031,-1
2313,214.3270721435547,148.64952087402344,483.9441833496094,159.44155883789062,477.05108642578125,122.84916687011719,474.10211181640625,150.933349609375,507.61566162109375,154.14993286132812,490.37939453125,140.1682891845703,486.91851806640625,156.75730895996094,484.4233703613281,212.66195678710938,488.80084228515625,280.6312255859375,477.5341796875,335.34716796875,422.77001953125,377.06170654296875,-1
2314,214.3681640625,148.63002014160156,494.6306457519531,148.18014526367188,470.01788330078125,121.02190399169922,476.5495300292969,146.5446319580078,511.4154968261719,150.03648376464844,494.6153869628906,137.62252807617188,490.93450927734375,152.6757049560547,485.1472473144531,206.2156524658203,488.9525451660156,280.28057861328125,477.1114501953125,333.4354248046875,421.3423767089844,376.4773254394531,-1
2315,214.292724609375,148.7081298828125,496.554443359375,147.98855590820312,469.82086181640625,121.03221130371094,477.1567077636719,142.76809692382812,511.3399963378906,147.34690856933594,495.00860595703125,137.21360778808594,493.0704040527344,152.3574676513672,485.7407531738281,203.62757873535156,489.5352783203125,278.091796875,477.47119140625,330.5323181152344,422.8553771972656,375.8453063964844,-1
2316,214.33580017089844,148.757568359375,494.9544982910156,147.88815307617188,500.7987365722656,117.87303161621094,477.7611083984375,139.8677215576172,511.60552978515625,144.2643280029297,496.5523681640625,133.40383911132812,493.53857421875,149.66065979003906,489.7945861816406,200.03086853027344,489.6765441894531,276.3248291015625,479.39764404296875,328.03497314453125,428.0258483886719,376.2369689941406,-1
2317,214.25706481933594,148.8553009033203,496.754638671875,150.09466552734375,470.90576171875,120.08113098144531,478.1905212402344,143.21688842773438,512.8063354492188,150.3453369140625,497.52874755859375,137.2242431640625,492.892822265625,152.7511444091797,487.82684326171875,204.79713439941406,485.419921875,277.1924743652344,473.6087646484375,332.56085205078125,425.2828369140625,376.6163330078125,-1
2318,214.33273315429688,148.69253540039062,497.13134765625,150.01608276367188,508.17608642578125,124.44548797607422,478.4939270019531,147.39808654785156,511.1791687011719,155.67822265625,496.8581237792969,141.7615966796875,491.8312683105469,156.2989044189453,486.5228576660156,208.67892456054688,484.5402526855469,279.39984130859375,471.85736083984375,333.85699462890625,425.9388732910156,378.9591979980469,-1
2319,214.5390167236328,148.64218139648438,496.368408203125,150.06011962890625,511.8533630371094,124.08338165283203,477.91278076171875,147.2442169189453,510.4017333984375,157.0379180908203,496.3993225097656,143.07081604003906,490.64593505859375,157.35275268554688,483.8283386230469,210.39442443847656,486.3504333496094,282.5727233886719,471.7770080566406,337.296630859375,424.0179138183594,387.8978271484375,-1
2320,214.54415893554688,148.64694213867188,496.36785888671875,150.0605010986328,511.8551025390625,124.08328247070312,477.91204833984375,147.2439727783203,510.4020080566406,157.03768920898438,496.39959716796875,143.07171630859375,490.6458740234375,157.3553009033203,483.8152160644531,210.3999786376953,486.3594055175781,282.5819396972656,471.7618103027344,337.31219482421875,424.020263671875,387.89361572265625,-1
2321,214.28062438964844,148.71482849121094,498.29925537109375,150.41802978515625,511.8128662109375,124.38896179199219,482.0110168457031,145.8762969970703,511.9062194824219,159.4238739013672,499.4265441894531,143.82479858398438,493.2622375488281,158.0345916748047,484.3608703613281,209.814208984375,485.6426696777344,281.6398010253906,470.9649353027344,337.0694885253906,424.6565246582031,388.06085205078125,-1
2322,214.13861083984375,148.7798309326172,486.5624694824219,223.7920684814453,518.8012084960938,123.0357666015625,487.0893249511719,146.13563537597656,521.5504150390625,161.18133544921875,506.8057861328125,143.55078125,498.6511535644531,160.05712890625,485.8492431640625,211.93453979492188,482.6038513183594,280.4740905761719,466.3072814941406,331.51409912109375,415.13507080078125,384.2391052246094,-1
2323,214.2412109375,148.69436645507812,489.13873291015625,161.6631317138672,519.1591186523438,124.40388488769531,487.87506103515625,146.96884155273438,523.2297973632812,161.35409545898438,508.32574462890625,144.58282470703125,500.1922607421875,160.88754272460938,486.13421630859375,212.2207489013672,481.7345275878906,280.4975280761719,463.3218688964844,331.21124267578125,411.2132568359375,381.15966796875,-1
2324,214.43862915039062,148.8317108154297,491.3387451171875,161.87423706054688,521.1943969726562,121.92672729492188,489.70599365234375,147.177978515625,525.2027587890625,162.23391723632812,512.546875,145.87753295898438,504.45703125,160.46826171875,487.2486572265625,213.01466369628906,481.8730773925781,278.48663330078125,464.0094909667969,325.748046875,409.623779296875,380.1835021972656,-1
2325,214.45639038085938,148.83013916015625,491.3015441894531,161.9219970703125,521.216796875,121.91012573242188,489.67913818359375,147.22836303710938,525.1512451171875,162.2777862548828,512.496826171875,145.9402618408203,504.43096923828125,160.53465270996094,487.15606689453125,213.12295532226562,481.87164306640625,278.4884948730469,464.013427734375,325.73284912109375,409.6055908203125,380.18548583984375,-1
2326,214.70535278320312,148.8524169921875,512.55029296875,147.79803466796875,520.7306518554688,123.26018524169922,494.9454650878906,151.89430236816406,529.1639404296875,164.22084045410156,514.4990234375,147.12950134277344,506.5585021972656,163.50051879882812,488.7878112792969,215.61245727539062,481.3296813964844,280.1368103027344,462.9204406738281,329.8701171875,405.96624755859375,381.7992858886719,-1
2327,214.66317749023438,148.8059539794922,495.4717712402344,146.68605041503906,517.6793212890625,148.26519775390625,496.0857849121094,168.43719482421875,528.5280151367188,183.37750244140625,513.6714477539062,166.39859008789062,508.5558166503906,182.81919860839844,490.0920715332031,225.9156036376953,483.8693542480469,288.9291076660156,472.2938232421875,330.1910400390625,450.1593017578125,364.55792236328125,-1
2328,214.57020568847656,148.46507263183594,494.8307189941406,148.28453063964844,513.0421142578125,158.12734985351562,493.80023193359375,177.02487182617188,527.0222778320312,189.1968536376953,511.59661865234375,174.55172729492188,506.3316650390625,187.9273223876953,489.09771728515625,232.23756408691406,484.6165771484375,293.2403564453125,473.9187927246094,336.71649169921875,451.1297302246094,374.8412170410156,-1
2329,214.51358032226562,148.4856719970703,494.7550964355469,148.2457733154297,513.0294189453125,158.14097595214844,493.7962341308594,177.0242919921875,527.0068359375,189.18865966796875,511.5740966796875,174.5725555419922,506.3168640136719,187.93048095703125,489.0869445800781,232.255859375,484.6180419921875,293.23126220703125,473.9244384765625,336.67486572265625,451.1587829589844,374.7980651855469,-1
2330,214.54615783691406,148.5258331298828,496.7825927734375,147.9503936767578,512.0516357421875,163.193115234375,493.29547119140625,181.71102905273438,523.5565185546875,194.2341766357422,510.16815185546875,178.12022399902344,504.8196105957031,192.68931579589844,487.7328796386719,236.3563995361328,486.0717468261719,296.7352600097656,473.5814208984375,346.8905334472656,453.539306640625,383.67437744140625,-1
2331,214.5460968017578,148.53408813476562,496.7852783203125,147.89735412597656,512.0852661132812,163.23544311523438,493.3425598144531,181.64730834960938,523.6207275390625,194.2154998779297,510.1812744140625,178.11793518066406,504.7979431152344,192.65602111816406,487.82794189453125,236.26577758789062,486.0825500488281,296.71478271484375,473.5848693847656,346.8953552246094,453.53839111328125,383.67620849609375,-1
2332,214.58018493652344,148.490234375,496.86248779296875,148.4613494873047,513.5807495117188,162.67137145996094,494.45867919921875,181.27346801757812,524.2446899414062,195.05055236816406,510.7869567871094,178.84678649902344,504.3493347167969,193.04083251953125,488.3099365234375,236.3266143798828,486.46038818359375,296.9482421875,472.92559814453125,347.41973876953125,423.5564270019531,409.8157958984375,-1
2333,214.62680053710938,148.39002990722656,496.5724182128906,148.5843048095703,513.14697265625,163.9764862060547,496.17559814453125,182.0912628173828,526.0665893554688,196.22512817382812,512.08642578125,180.54571533203125,506.7821044921875,195.39869689941406,489.1006164550781,235.7940673828125,486.1099548339844,296.7856140136719,474.4439697265625,343.5763244628906,452.51947021484375,379.795654296875,-1
2334,214.60797119140625,148.49168395996094,496.5,148.48480224609375,512.954345703125,163.9949493408203,494.8244934082031,183.55618286132812,524.3888549804688,196.4420166015625,511.0865478515625,180.4668731689453,506.1905517578125,196.0684356689453,489.5755920410156,237.06663513183594,487.574951171875,299.9183654785156,473.03582763671875,347.2852478027344,452.3769226074219,382.6108703613281,-1
2335,214.5952911376953,148.40086364746094,496.26983642578125,148.28208923339844,513.0823974609375,163.83291625976562,493.79791259765625,183.9383544921875,523.1947021484375,196.8223876953125,510.2126159667969,180.19268798828125,504.43341064453125,195.93679809570312,490.2257080078125,237.12257385253906,488.14642333984375,300.3062744140625,474.869873046875,348.38800048828125,427.7483215332031,412.1529541015625,-1
2336,214.5498504638672,148.48385620117188,496.2096252441406,148.1165313720703,512.9832763671875,163.07516479492188,493.9445495605469,182.9589080810547,522.95849609375,196.39576721191406,510.0745849609375,179.317626953125,503.5550231933594,194.6833953857422,490.7061767578125,236.38124084472656,488.8722229003906,300.71905517578125,476.6826477050781,351.11834716796875,433.6240539550781,411.44854736328125,-1
2337,214.49806213378906,148.44520568847656,496.06512451171875,148.10121154785156,512.7437744140625,162.70999145507812,493.985107421875,182.83941650390625,522.7009887695312,196.62216186523438,509.7578430175781,179.1231231689453,503.5056457519531,194.33998107910156,491.3680419921875,235.9585723876953,489.6478271484375,299.4114074707031,477.8456726074219,352.26373291015625,435.36102294921875,413.6831359863281,-1
2338,214.4672393798828,148.5026397705078,495.1932373046875,148.1212615966797,512.8414306640625,164.1770782470703,493.0544738769531,185.5861358642578,522.10498046875,200.6617431640625,511.46917724609375,181.1155548095703,503.4682312011719,197.3692169189453,490.0619201660156,236.96829223632812,489.13116455078125,299.8394470214844,475.6814270019531,351.7651062011719,431.20257568359375,413.0301513671875,-1
2339,214.5372314453125,148.54762268066406,495.6559753417969,148.7447052001953,524.7621459960938,167.2696990966797,503.721435546875,187.7139434814453,531.484130859375,205.57350158691406,518.9691162109375,184.8295440673828,511.2947998046875,202.76736450195312,491.4530334472656,237.22412109375,488.06488037109375,299.50830078125,473.9779968261719,352.0448303222656,431.0164489746094,411.5129699707031,-1
2340,214.5363311767578,148.54725646972656,495.6853332519531,148.76907348632812,524.7881469726562,167.27490234375,503.7174072265625,187.71299743652344,531.4853515625,205.57275390625,518.9714965820312,184.8302764892578,511.2958068847656,202.76473999023438,491.4537658691406,237.22879028320312,488.071044921875,299.48846435546875,473.99285888671875,352.0315246582031,431.02166748046875,411.5204162597656,-1
2341,214.51011657714844,148.6110382080078,494.7812805175781,148.83119201660156,531.8145141601562,175.38742065429688,510.7920227050781,192.01116943359375,536.9636840820312,208.4883270263672,527.292724609375,192.00888061523438,518.5403442382812,205.12289428710938,494.42437744140625,236.404541015625,484.8699951171875,296.24786376953125,474.6195983886719,342.5567626953125,454.9435119628906,378.28948974609375,-1
2342,214.4579620361328,148.58949279785156,493.268310546875,150.1846923828125,531.059814453125,175.2966766357422,523.0750732421875,195.63490295410156,544.1624755859375,210.3966522216797,533.57275390625,191.65704345703125,525.4010620117188,207.19122314453125,499.2561950683594,240.15492248535156,484.1694030761719,297.2619934082031,471.43865966796875,350.1323547363281,426.3692626953125,408.7606506347656,-1
2343,214.49526977539062,148.6395721435547,493.14617919921875,150.26950073242188,535.0652465820312,172.7459259033203,522.7310791015625,197.73715209960938,545.7661743164062,211.5313262939453,534.4117431640625,192.478271484375,529.3507690429688,210.90280151367188,501.7477722167969,241.25442504882812,485.1903076171875,298.6336669921875,472.56219482421875,349.8157043457031,426.381591796875,409.4107666015625,-1
2344,214.5868377685547,148.74139404296875,493.4629821777344,149.73741149902344,524.0595703125,176.7386932373047,516.1480712890625,202.52996826171875,542.5339965820312,213.84738159179688,527.7391967773438,197.392333984375,523.9838256835938,214.5929412841797,499.57586669921875,244.57920837402344,485.136962890625,298.50640869140625,477.2787780761719,352.5416564941406,464.11083984375,390.1952209472656,-1
2345,214.61338806152344,148.61355590820312,493.7186279296875,149.4305877685547,491.9466857910156,178.4664306640625,510.7622985839844,202.3583984375,537.9009399414062,212.57290649414062,525.203125,202.40350341796875,520.393310546875,212.8667449951172,498.29345703125,244.55743408203125,485.40399169921875,299.375732421875,477.9815979003906,356.03485107421875,446.9032287597656,421.24481201171875,-1
2346,214.6123504638672,148.60719299316406,493.4880676269531,150.0767364501953,491.3376770019531,178.86483764648438,510.62921142578125,203.6519317626953,536.974853515625,213.61534118652344,520.9517211914062,198.84213256835938,519.4777221679688,214.6741180419922,497.9701232910156,246.06764221191406,485.2513427734375,299.8591613769531,476.5793151855469,355.61358642578125,460.4777526855469,392.8506774902344,-1
2347,214.57559204101562,148.61062622070312,493.437744140625,150.1123046875,491.4062194824219,178.9779510498047,510.7084045410156,203.69900512695312,536.9899291992188,213.63177490234375,520.9651489257812,198.8350372314453,519.4819946289062,214.70144653320312,497.9637756347656,246.02780151367188,485.2565612792969,299.85687255859375,476.5979919433594,355.5437927246094,460.5292663574219,392.82763671875,-1
2348,214.54969787597656,148.68052673339844,493.6108093261719,149.5888671875,492.44293212890625,178.1141357421875,510.40692138671875,202.9889373779297,538.2736206054688,211.97769165039062,521.557861328125,198.14767456054688,520.3992919921875,213.6294403076172,498.20770263671875,246.44102478027344,484.84991455078125,299.99310302734375,474.8902587890625,358.5793762207031,440.73150634765625,417.2061767578125,-1
2349,214.4755096435547,148.68467712402344,493.1656799316406,150.1213836669922,533.5677490234375,174.34129333496094,519.1087646484375,201.47647094726562,545.4854736328125,214.97242736816406,533.9385986328125,194.9217071533203,527.3125610351562,214.70675659179688,500.4497985839844,243.929443359375,485.0355529785156,298.9563903808594,475.5205078125,357.7563171386719,444.16778564453125,416.55206298828125,-1
2350,214.53224182128906,148.8282012939453,493.4839172363281,149.4343719482422,540.5065307617188,176.13851928710938,525.7329711914062,200.47320556640625,550.0587768554688,215.65628051757812,538.7055053710938,194.71189880371094,532.2647705078125,213.5423126220703,503.1195068359375,243.7269744873047,483.82257080078125,298.969970703125,475.030517578125,347.9034729003906,460.13739013671875,385.4319763183594,0
2351,214.61685180664062,148.92010498046875,492.9550476074219,149.27783203125,550.5401000976562,174.12786865234375,538.9594116210938,189.45016479492188,560.445556640625,208.9214630126953,549.9827880859375,188.34214782714844,543.3195190429688,204.11024475097656,505.8304138183594,237.11273193359375,483.9559631347656,293.7025451660156,472.336181640625,346.4109802246094,433.9991149902344,409.56817626953125,0
2352,214.63153076171875,148.88143920898438,492.96051025390625,149.23081970214844,550.52197265625,174.1140594482422,538.9663696289062,189.47119140625,560.4349365234375,208.91419982910156,550.0018310546875,188.3428955078125,543.3417358398438,204.1425018310547,505.84521484375,237.12998962402344,483.95843505859375,293.69073486328125,472.357666015625,346.4173583984375,433.8009338378906,409.75244140625,0
2353,214.4379119873047,148.79342651367188,492.8310241699219,149.05076599121094,554.6966552734375,170.0403594970703,544.0296020507812,179.78799438476562,564.5448608398438,200.26901245117188,552.7319946289062,183.31890869140625,548.7975463867188,196.1457977294922,510.2713928222656,235.34913635253906,483.896484375,290.48779296875,472.3129577636719,346.62646484375,435.0991516113281,406.2308044433594,0
2354,214.56459045410156,148.82810974121094,493.0028381347656,148.76097106933594,569.0827026367188,157.6200408935547,557.12353515625,168.91879272460938,578.1939086914062,188.9708709716797,567.6272583007812,173.6593475341797,560.9194946289062,185.94371032714844,520.7056274414062,226.60781860351562,486.6839599609375,279.3026428222656,476.8698425292969,320.11883544921875,464.01287841796875,358.6826477050781,0
2355,214.4813690185547,148.78421020507812,492.8689880371094,148.77455139160156,578.1734619140625,151.87281799316406,565.2463989257812,160.41969299316406,584.6852416992188,185.02378845214844,575.933837890625,167.02822875976562,567.6669921875,178.7628936767578,527.6803588867188,221.58740234375,491.2843933105469,271.9588317871094,478.0703125,309.146240234375,462.0257873535156,345.8095397949219,0
2356,214.37843322753906,148.5711212158203,493.12115478515625,148.5465087890625,597.61083984375,131.2249755859375,578.7506103515625,142.01393127441406,601.5599975585938,167.1920623779297,591.5148315429688,146.87109375,581.9505004882812,159.4838104248047,547.6461181640625,200.16912841796875,506.1237487792969,251.07254028320312,482.4813232421875,292.31951904296875,445.7308349609375,343.1467590332031,0
2357,214.37469482421875,148.57225036621094,493.1247253417969,148.54824829101562,597.6129760742188,131.23228454589844,578.7429809570312,142.00733947753906,601.5574951171875,167.1912078857422,591.5086059570312,146.87010192871094,581.9422607421875,159.4986114501953,547.489013671875,200.2507781982422,506.09918212890625,251.08688354492188,482.4953918457031,292.28228759765625,445.78485107421875,343.0446472167969,0
2358,214.48605346679688,148.58644104003906,493.24005126953125,149.05543518066406,602.6889038085938,121.85958862304688,584.3418579101562,131.58909606933594,608.7256469726562,153.55227661132812,598.2691650390625,137.2671661376953,589.5486450195312,150.4331512451172,557.4307861328125,189.16183471679688,518.0087890625,244.0469970703125,495.12091064453125,282.337646484375,468.5361633300781,318.291748046875,0
2359,214.47784423828125,148.67181396484375,493.2064208984375,149.42384338378906,613.4902954101562,110.49771118164062,594.960205078125,119.33341217041016,620.27197265625,142.4771728515625,607.8056030273438,124.31532287597656,600.507568359375,137.83999633789062,574.0858764648438,176.2670440673828,538.2462158203125,230.89920043945312,513.8335571289062,270.93658447265625,483.263916015625,306.9891662597656,0
2360,214.5363311767578,148.7136993408203,493.1073913574219,149.28453063964844,618.5692749023438,106.84536743164062,597.716552734375,117.62146759033203,621.9304809570312,139.8345184326172,612.0430297851562,122.07778930664062,602.7525024414062,135.19931030273438,575.8574829101562,175.16078186035156,545.2229614257812,230.49183654785156,523.0913696289062,270.0946350097656,497.2757568359375,302.5849304199219,0
2361,214.31893920898438,148.69273376464844,493.1183166503906,149.49005126953125,627.5980834960938,109.66962432861328,598.7701416015625,117.68696594238281,620.771240234375,139.7120361328125,613.7102661132812,122.96829986572266,602.5931396484375,135.11520385742188,580.761474609375,177.2450408935547,550.357666015625,232.39137268066406,530.214599609375,276.8676452636719,485.7464294433594,329.9499816894531,0
2362,214.30958557128906,148.6790771484375,493.1300964355469,149.47164916992188,627.6739501953125,109.67999267578125,599.003662109375,117.59266662597656,620.8196411132812,139.64218139648438,613.8136596679688,122.9486312866211,602.7454833984375,135.02978515625,580.604736328125,177.35276794433594,550.3450927734375,232.36936950683594,530.2189331054688,276.8519592285156,485.74298095703125,329.9462890625,0
2363,214.31248474121094,148.62948608398438,493.19122314453125,149.30035400390625,623.10302734375,110.42611694335938,598.0574951171875,115.96733093261719,620.423583984375,138.54847717285156,612.2941284179688,121.20648956298828,602.1663818359375,133.2705078125,579.6918334960938,173.66360473632812,551.6027221679688,231.40615844726562,531.0914306640625,274.8339538574219,486.3753967285156,328.3054504394531,0
2364,214.36460876464844,148.52040100097656,493.1888732910156,149.30718994140625,624.6099853515625,113.25552368164062,600.1830444335938,112.91275024414062,618.7128295898438,136.2996368408203,612.7028198242188,120.9470443725586,601.7299194335938,130.40379333496094,579.2782592773438,169.26263427734375,552.5232543945312,229.45559692382812,529.98388671875,274.76031494140625,486.52978515625,326.950927734375,0
2365,214.58853149414062,148.71604919433594,493.1803283691406,149.446044921875,625.2132568359375,106.20291137695312,600.2993774414062,110.85523223876953,620.00146484375,135.59536743164062,614.1295776367188,117.76808166503906,603.5518188476562,126.786376953125,579.46533203125,167.93402099609375,552.9022827148438,228.0115509033203,531.4090576171875,269.4323425292969,484.7921142578125,326.38116455078125,0
2366,214.60400390625,148.71670532226562,493.24639892578125,149.42323303222656,629.4207153320312,105.75348663330078,602.0401611328125,109.6941909790039,620.9837646484375,133.00457763671875,616.4312744140625,116.63976287841797,606.089599609375,124.17816925048828,580.0272827148438,166.43482971191406,551.7724609375,224.11256408691406,531.7265625,263.2925109863281,504.54876708984375,293.6466064453125,0
2367,214.40330505371094,148.59149169921875,493.2015686035156,149.42323303222656,630.14306640625,111.89717864990234,604.2508544921875,109.60108947753906,621.6063232421875,134.22132873535156,616.4578857421875,118.14478302001953,606.5908813476562,125.30027770996094,580.6917114257812,165.8009796142578,552.0814819335938,222.26229858398438,527.3475952148438,266.15716552734375,480.01165771484375,315.3566589355469,0
2368,214.39828491210938,148.58836364746094,493.18475341796875,149.42935180664062,630.2196044921875,112.08460235595703,604.6243286132812,109.35134887695312,621.491455078125,134.09228515625,616.498291015625,118.0184326171875,606.6815185546875,125.03001403808594,580.782958984375,165.59176635742188,552.0658569335938,222.31930541992188,527.3805541992188,266.1015625,480.03851318359375,315.27581787109375,0
2369,214.3829345703125,148.62135314941406,493.1981201171875,149.39186096191406,634.2490234375,115.51398468017578,605.9566650390625,111.43079376220703,621.9763793945312,136.5577850341797,617.109130859375,119.20072174072266,606.8421630859375,126.55575561523438,579.6148681640625,166.43649291992188,551.0158081054688,221.26853942871094,528.24072265625,260.4508972167969,478.6956481933594,314.72222900390625,0
2370,214.41236877441406,148.48196411132812,493.286865234375,149.48143005371094,637.066162109375,115.14462280273438,606.6199951171875,111.42288208007812,621.6961059570312,137.02671813964844,618.2630004882812,119.36426544189453,607.285888671875,126.56327819824219,578.8846435546875,166.17974853515625,549.9110107421875,221.36459350585938,523.8272094726562,261.4404296875,474.59423828125,311.0022888183594,0
2371,214.39141845703125,148.51136779785156,493.2806091308594,149.4415740966797,637.8517456054688,108.33332061767578,606.3524780273438,109.05679321289062,623.1063232421875,134.05227661132812,619.0335693359375,116.797119140625,608.1415405273438,124.43132019042969,579.771728515625,166.17852783203125,550.5012817382812,220.59010314941406,523.8438720703125,263.0025329589844,475.8973693847656,311.4462585449219,0
2372,214.28326416015625,148.68524169921875,493.30670166015625,149.4180145263672,637.5208740234375,107.7323989868164,606.0685424804688,109.27567291259766,623.0833740234375,133.93263244628906,618.9822998046875,116.75196838378906,607.955078125,124.58272552490234,579.5567626953125,165.52468872070312,549.857421875,220.6343994140625,522.4580688476562,262.7916564941406,472.71160888671875,311.24591064453125,0
2373,214.33724975585938,148.628662109375,493.33526611328125,149.401611328125,636.6697387695312,109.63459014892578,606.0217895507812,109.06044006347656,622.9306640625,134.00631713867188,618.3468627929688,117.12284851074219,607.875,124.64865112304688,579.4223022460938,165.0440216064453,550.080810546875,220.068603515625,523.1492919921875,261.227783203125,474.7090759277344,310.09759521484375,0
2374,214.23330688476562,148.62599182128906,493.29052734375,149.3655548095703,637.2359619140625,109.6165542602539,607.0551147460938,109.13196563720703,624.059326171875,133.7100830078125,619.006591796875,116.88875579833984,608.375244140625,124.60762023925781,578.6087646484375,164.30015563964844,549.68798828125,220.26292419433594,523.459716796875,258.6046142578125,471.04388427734375,311.5674743652344,0
2375,214.19317626953125,148.58389282226562,493.2945556640625,149.2698211669922,637.70849609375,106.58394622802734,607.9606323242188,109.36830139160156,625.380615234375,133.82901000976562,620.8180541992188,116.08695220947266,609.48681640625,124.84300994873047,577.9310302734375,164.49830627441406,548.4534301757812,219.4470977783203,520.3641967773438,258.5865478515625,466.9237365722656,306.69580078125,0
2376,214.15541076660156,148.58702087402344,493.1334228515625,149.35739135742188,638.4506225585938,106.78646087646484,607.3045654296875,109.15122985839844,624.8818969726562,133.60037231445312,620.411376953125,115.82470703125,608.9296875,124.50084686279297,578.3436279296875,164.84254455566406,548.5160522460938,219.53538513183594,520.4883422851562,257.39422607421875,469.12457275390625,307.78338623046875,0
2377,214.15399169921875,148.6072235107422,493.1177673339844,149.37713623046875,638.45263671875,106.79763793945312,607.3482666015625,109.1239013671875,624.9010620117188,133.59222412109375,620.4285888671875,115.80703735351562,608.956298828125,124.43603515625,578.379150390625,164.86984252929688,548.5066528320312,219.57989501953125,520.531982421875,257.3940124511719,469.1002502441406,307.7919616699219,0
2378,214.30247497558594,148.645751953125,493.11285400390625,149.3160858154297,638.1826171875,108.61051940917969,607.8905029296875,110.60428619384766,625.1112670898438,134.67971801757812,620.7223510742188,117.37052917480469,609.567626953125,125.50566101074219,578.4163208007812,165.46116638183594,548.1448974609375,219.24716186523438,520.2456665039062,256.1089782714844,469.2624816894531,304.565673828125,0
2379,214.30433654785156,148.6351776123047,493.1034240722656,149.3914031982422,637.5435791015625,107.3893814086914,607.239501953125,111.27059173583984,625.6832885742188,135.61216735839844,620.5552978515625,117.89723205566406,609.41064453125,126.48786163330078,578.07177734375,165.8944549560547,547.504150390625,219.3335418701172,520.0140991210938,255.3304901123047,463.936767578125,306.3634948730469,0
2380,214.28428649902344,148.74522399902344,493.2554016113281,149.22909545898438,638.6691284179688,105.85693359375,608.1911010742188,109.85868835449219,625.650146484375,134.000732421875,621.5131225585938,117.03878021240234,610.115966796875,126.4566650390625,578.1870727539062,165.64279174804688,547.58447265625,220.09437561035156,519.5154418945312,257.6621398925781,467.06121826171875,305.45245361328125,0
2381,214.30078125,148.74655151367188,493.2558288574219,149.22938537597656,638.6737060546875,105.85752868652344,608.1921997070312,109.85930633544922,625.6495361328125,134.0003662109375,621.51611328125,117.03833770751953,610.1177978515625,126.45713806152344,578.1869506835938,165.64492797851562,547.5870361328125,220.09608459472656,519.54638671875,257.61663818359375,467.0868225097656,305.44793701171875,0
2382,214.13372802734375,148.69049072265625,493.1719970703125,149.2996063232422,638.7836303710938,110.2060317993164,608.5873413085938,110.66542053222656,625.857177734375,134.96511840820312,621.4999389648438,118.11289978027344,610.140625,127.10810089111328,578.3458251953125,166.15309143066406,547.4030151367188,219.51271057128906,518.9365844726562,256.1545715332031,466.3876953125,302.6156005859375,0
2383,214.1702117919922,148.7572021484375,493.2607116699219,149.2160186767578,638.8408203125,107.65664672851562,609.1801147460938,111.16044616699219,626.2017211914062,135.5452423095703,621.594970703125,118.72444915771484,610.544677734375,127.41327667236328,578.5139770507812,166.63661193847656,546.218994140625,219.09669494628906,516.1715698242188,254.54519653320312,459.1416320800781,299.4699401855469,0
2384,214.1912078857422,148.7053985595703,493.1669006347656,149.33651733398438,638.8493041992188,107.6750259399414,609.1533813476562,111.64913177490234,626.7465209960938,136.03086853027344,621.5950927734375,118.96330261230469,610.6061401367188,127.72434997558594,577.8997192382812,166.52725219726562,545.8403930664062,219.39915466308594,515.3280639648438,254.72019958496094,456.50537109375,300.70965576171875,0
2385,214.34756469726562,148.5293426513672,493.1603088378906,149.40789794921875,638.2775268554688,106.6807632446289,607.4130249023438,113.43087768554688,626.0923461914062,136.09146118164062,620.7035522460938,119.26403045654297,609.4664306640625,129.64344787597656,578.3292846679688,167.36846923828125,545.7982177734375,219.4123992919922,516.2511596679688,254.30313110351562,457.2777099609375,300.1810607910156,0
2386,214.33717346191406,148.53768920898438,493.18609619140625,149.4104766845703,638.27978515625,106.68004608154297,607.4144897460938,113.42156982421875,626.0963745117188,136.09217834472656,620.6968994140625,119.2619857788086,609.469482421875,129.65167236328125,578.259033203125,167.42715454101562,545.8132934570312,219.415283203125,516.2649536132812,254.29673767089844,457.1919250488281,300.2172546386719,0
2387,214.4110107421875,148.65664672851562,493.19512939453125,149.46392822265625,638.5767822265625,106.68905639648438,607.3029174804688,112.53463745117188,625.0988159179688,135.97520446777344,620.4085083007812,119.04986572265625,609.28271484375,127.70579528808594,578.02734375,167.1670379638672,545.65283203125,219.36351013183594,516.3629150390625,255.06463623046875,460.5346374511719,301.4253234863281,0
2388,214.41604614257812,148.73696899414062,493.2281799316406,149.5293426513672,638.234619140625,106.58734130859375,604.8851318359375,113.18804168701172,623.33251953125,134.46205139160156,618.3958740234375,119.11727142333984,607.3737182617188,128.1139373779297,578.4452514648438,167.5405731201172,546.2305908203125,220.81317138671875,517.5386962890625,254.8858642578125,460.8733825683594,302.85577392578125,0
2389,214.36936950683594,148.79188537597656,493.39434814453125,149.51568603515625,638.3950805664062,106.44590759277344,605.023681640625,113.44229125976562,622.6919555664062,134.2890625,618.2889404296875,119.31976318359375,607.116943359375,127.85968017578125,578.5833740234375,167.56961059570312,545.0731811523438,220.34202575683594,515.7655639648438,253.84857177734375,482.32781982421875,282.5843505859375,0
2390,214.33038330078125,148.62319946289062,493.36480712890625,149.4970703125,638.2025756835938,105.94097900390625,600.0494384765625,114.45272064208984,618.90869140625,137.8818817138672,615.2012329101562,121.00768280029297,603.870361328125,130.26730346679688,576.7677001953125,168.9417724609375,544.9548950195312,218.38330078125,513.3589477539062,250.34373474121094,452.8374328613281,295.0705871582031,0
2391,214.2880859375,148.62298583984375,493.3687744140625,149.49679565429688,638.1905517578125,105.92431640625,600.0779418945312,114.43229675292969,618.91455078125,137.88758850097656,615.2127075195312,121.00628662109375,603.8826293945312,130.25831604003906,576.6953735351562,169.09390258789062,544.9773559570312,218.3652801513672,513.3381958007812,250.36476135253906,452.84149169921875,295.0684509277344,0
2392,214.23388671875,148.59219360351562,493.145751953125,149.49169921875,641.474853515625,110.08438110351562,599.1483764648438,115.4344482421875,616.372314453125,139.70462036132812,615.4032592773438,122.28548431396484,601.9891357421875,131.9954376220703,574.1183471679688,168.60076904296875,545.4757080078125,218.74142456054688,514.9822387695312,251.17086791992188,456.8815612792969,295.72003173828125,0
2393,214.4414825439453,148.4648895263672,493.1396179199219,149.55584716796875,639.7567749023438,113.4338150024414,595.3599243164062,118.77600860595703,614.2515258789062,144.97702026367188,612.2583618164062,125.73387145996094,598.9501342773438,135.74124145507812,570.0430297851562,169.9475860595703,545.0010375976562,220.3467254638672,513.114990234375,256.75885009765625,458.5798645019531,302.97515869140625,0
2394,214.42555236816406,148.54542541503906,493.0556945800781,149.36236572265625,640.3873901367188,115.40388488769531,594.309326171875,120.0921401977539,614.18115234375,148.7474822998047,612.0682983398438,128.57135009765625,597.7874755859375,138.45603942871094,569.61376953125,171.93185424804688,544.033447265625,220.67181396484375,511.9770812988281,256.90472412109375,457.0692138671875,304.3031311035156,0
2395,214.40817260742188,148.53684997558594,492.9804992675781,149.34457397460938,641.4705810546875,121.22541809082031,593.6122436523438,124.42941284179688,613.2948608398438,154.50758361816406,611.5784912109375,133.43215942382812,596.9315185546875,142.49774169921875,568.7867431640625,174.1202850341797,543.428955078125,220.42092895507812,510.8260498046875,255.89810180664062,455.76190185546875,298.7231140136719,0
2396,214.40750122070312,148.53672790527344,492.9959716796875,149.34959411621094,641.4645385742188,121.22176361083984,593.6127319335938,124.44307708740234,613.2867431640625,154.48358154296875,611.5748291015625,133.40301513671875,596.9026489257812,142.4849395751953,568.7730102539062,174.0633087158203,543.4371948242188,220.4649200439453,510.8525390625,255.89047241210938,455.76751708984375,298.76513671875,0
2397,214.55519104003906,148.55560302734375,493.1845397949219,149.15069580078125,645.5197143554688,130.24697875976562,595.5150756835938,128.08349609375,611.5650634765625,159.29896545410156,612.878173828125,137.01173400878906,596.4588623046875,146.97267150878906,567.3958740234375,175.43191528320312,543.168212890625,220.0802459716797,509.53558349609375,255.79388427734375,456.4108581542969,297.555908203125,0
2398,214.49929809570312,148.5517578125,492.97076416015625,149.0989227294922,651.0678100585938,143.68801879882812,601.6580810546875,134.3167266845703,611.6036376953125,166.8514862060547,616.196044921875,146.82102966308594,599.3362426757812,152.68067932128906,565.5931396484375,177.01364135742188,542.4541015625,220.3070068359375,506.1621398925781,255.899658203125,454.62603759765625,295.9961242675781,0
2399,214.57386779785156,148.61114501953125,493.00848388671875,149.04522705078125,651.6837158203125,144.2228240966797,602.2025756835938,135.94461059570312,612.5839233398438,167.6758575439453,617.1962280273438,147.78030395507812,600.2273559570312,153.61631774902344,565.9995727539062,176.6885528564453,540.9571533203125,219.94503784179688,509.9018249511719,250.78204345703125,451.6339111328125,294.62298583984375,0
2400,214.61465454101562,148.83633422851562,492.8751525878906,149.01731872558594,652.696044921875,141.2006378173828,603.0818481445312,133.43447875976562,612.494384765625,166.0919952392578,617.2911987304688,144.9413299560547,602.3103637695312,150.71446228027344,565.5814819335938,175.6326446533203,540.8577880859375,219.9332733154297,506.8666076660156,251.47120666503906,446.9357604980469,296.7660827636719,0
2401,214.5399169921875,148.87600708007812,492.8130187988281,149.1615753173828,652.687255859375,141.19015502929688,603.0660400390625,133.43836975097656,612.5315551757812,166.1163330078125,617.2931518554688,144.9504852294922,602.3673706054688,150.71453857421875,565.7513427734375,175.49461364746094,540.8380737304688,219.96299743652344,506.8351745605469,251.45880126953125,446.8525085449219,296.6954650878906,0
2402,214.58908081054688,148.71075439453125,492.5865173339844,149.34983825683594,650.8189086914062,140.8602294921875,600.843994140625,131.43301391601562,609.943115234375,163.9892578125,615.2700805664062,143.33676147460938,598.9505004882812,149.63729858398438,563.76318359375,175.17514038085938,540.299560546875,220.16336059570312,505.37579345703125,252.0231170654297,446.9140625,296.9549865722656,0
2403,214.5863494873047,148.6288604736328,492.77978515625,149.40582275390625,640.7692260742188,136.8284149169922,592.559814453125,133.79335021972656,608.0777587890625,165.71946716308594,608.6351318359375,144.752685546875,592.4679565429688,153.7156524658203,564.611083984375,179.4280242919922,543.1871948242188,223.4683837890625,517.6658935546875,254.03623962402344,486.0879821777344,282.14923095703125,0
2404,214.4725341796875,148.69244384765625,492.84210205078125,149.2481231689453,637.5202026367188,135.91127014160156,586.9642944335938,136.40338134765625,601.943115234375,168.7795867919922,604.0172729492188,146.4667510986328,588.8297119140625,153.38987731933594,563.4213256835938,182.4566192626953,543.8429565429688,225.07308959960938,520.3366088867188,260.4150695800781,489.07733154296875,291.3501281738281,0
2405,214.4153594970703,148.719970703125,493.10498046875,149.30850219726562,625.525390625,130.6820526123047,581.2366943359375,137.25430297851562,601.5198974609375,166.08595275878906,598.1133422851562,144.30606079101562,585.349853515625,154.11802673339844,563.0128173828125,183.28515625,544.146728515625,225.49110412597656,518.8820190429688,263.8874816894531,467.32635498046875,315.10174560546875,0
2406,214.3994140625,148.72665405273438,493.11199951171875,149.3018035888672,625.5017700195312,130.67129516601562,581.2352294921875,137.2594757080078,601.5159301757812,166.08724975585938,598.1127319335938,144.30995178222656,585.361572265625,154.12835693359375,562.9952392578125,183.27603149414062,544.1577758789062,225.48968505859375,518.8934936523438,263.873779296875,467.3111572265625,315.1310119628906,0
2407,214.41610717773438,148.6649627685547,493.1284484863281,149.19970703125,608.756591796875,112.14984130859375,569.5838012695312,135.48443603515625,597.2574462890625,154.9630584716797,589.9273071289062,135.5670623779297,579.205322265625,150.04776000976562,562.1842651367188,183.08872985839844,543.9777221679688,227.3150177001953,518.5492553710938,264.6555480957031,465.1326904296875,316.5585632324219,0
2408,214.28298950195312,148.75146484375,493.1562194824219,149.24111938476562,597.58154296875,109.05506896972656,566.6004638671875,129.6495361328125,593.603515625,145.1429443359375,584.1519775390625,128.75567626953125,576.1334228515625,142.29623413085938,561.9657592773438,179.62246704101562,543.2433471679688,229.14511108398438,518.3609619140625,268.8127136230469,468.2395935058594,322.5956726074219,0
2409,214.44009399414062,148.66043090820312,493.09515380859375,149.09976196289062,593.4979858398438,107.0357437133789,567.1089477539062,126.51597595214844,593.5501098632812,139.15126037597656,583.5751342773438,125.40951538085938,575.8646240234375,138.62196350097656,563.0921630859375,177.22682189941406,543.5582275390625,230.24205017089844,519.4944458007812,267.4446105957031,464.4681091308594,322.8758850097656,0
2410,214.44683837890625,148.6673126220703,493.2034912109375,149.16993713378906,587.2224731445312,103.87761688232422,568.3005981445312,120.6397705078125,597.5386962890625,132.15733337402344,583.7581176757812,119.02124786376953,578.5175170898438,132.66470336914062,563.09765625,171.349609375,546.9879150390625,228.42408752441406,523.220458984375,265.1271667480469,473.7495422363281,315.7759704589844,0
2411,214.44664001464844,148.68646240234375,493.21612548828125,149.1529998779297,587.2091674804688,103.87358856201172,568.3156127929688,120.57103729248047,597.5217895507812,132.1448516845703,583.7587890625,119.0110855102539,578.4968872070312,132.62310791015625,563.1148071289062,171.3172607421875,546.981201171875,228.4229736328125,523.2171630859375,265.13641357421875,473.7396240234375,315.79833984375,0
2412,214.4901580810547,148.53382873535156,493.23138427734375,149.07118225097656,590.8291015625,103.88907623291016,568.7478637695312,118.70468139648438,597.7274780273438,132.359375,584.7882080078125,117.97085571289062,578.8513793945312,130.93087768554688,563.8469848632812,168.94601440429688,548.8078002929688,228.03402709960938,525.8424072265625,263.6383361816406,475.0250549316406,312.020263671875,0
2413,214.5789337158203,148.53530883789062,493.2172546386719,149.0648956298828,593.837646484375,99.75357055664062,573.056884765625,115.50056457519531,600.737060546875,127.97264099121094,588.875732421875,113.04313659667969,583.0265502929688,126.95867919921875,567.1803588867188,167.87139892578125,549.806396484375,226.1927490234375,525.58642578125,263.225341796875,473.4092712402344,311.51666259765625,0
2414,214.57008361816406,148.63133239746094,493.1260681152344,149.015380859375,596.2879028320312,93.81036376953125,573.4609375,112.00672912597656,602.487548828125,124.30652618408203,590.197509765625,109.50581359863281,583.9822998046875,122.70178985595703,569.001220703125,166.21670532226562,549.7091064453125,225.25209045410156,526.5133056640625,263.20947265625,475.5024719238281,312.9847412109375,0
2415,214.57974243164062,148.83203125,493.12908935546875,149.29493713378906,597.7847290039062,78.38809204101562,575.0709228515625,98.32447814941406,604.9901733398438,109.82706451416016,591.1249389648438,95.06207275390625,586.056396484375,108.26836395263672,572.0496215820312,154.92640686035156,552.8934936523438,219.26641845703125,533.0772705078125,256.14093017578125,504.93902587890625,285.6908264160156,0
2416,214.59181213378906,148.83349609375,493.1964416503906,149.34695434570312,597.7918701171875,78.39830017089844,575.109375,98.35672760009766,604.9893188476562,109.843994140625,591.126220703125,95.07151794433594,586.0597534179688,108.22529602050781,571.18359375,154.87535095214844,552.8853759765625,219.27784729003906,533.100830078125,256.1759033203125,504.916259765625,285.71923828125,0
2417,214.57577514648438,148.6608428955078,493.0785217285156,149.45156860351562,600.427734375,66.42314910888672,577.1900024414062,88.732421875,605.3026123046875,102.56974792480469,593.7330322265625,87.01702880859375,588.365966796875,101.88919067382812,572.3765869140625,147.5728302001953,555.6654663085938,212.21728515625,536.0040283203125,252.7694549560547,488.2754821777344,305.8486328125,0
2418,214.43661499023438,148.7483673095703,493.1915283203125,149.51425170898438,604.601806640625,56.17946243286133,577.1116943359375,75.94119262695312,604.9863891601562,90.75163269042969,594.5057373046875,73.26740264892578,588.34521484375,88.60917663574219,576.8001098632812,134.3328094482422,568.936767578125,200.51904296875,557.8067626953125,233.4390411376953,531.2866821289062,261.69403076171875,0
2419,214.69554138183594,148.7325439453125,493.26263427734375,149.357177734375,608.1661376953125,49.47932052612305,581.7271118164062,70.27401733398438,610.1358032226562,85.12252807617188,598.8436279296875,68.57057189941406,591.6242065429688,82.75019836425781,581.2132568359375,127.67290496826172,572.391357421875,196.41207885742188,561.815673828125,233.22354125976562,537.066650390625,263.5040283203125,0
2420,214.5333251953125,148.68743896484375,493.2049865722656,149.4356689453125,609.9601440429688,46.10201644897461,584.16162109375,66.5252456665039,612.715576171875,79.73821258544922,601.4639892578125,63.06243896484375,594.7699584960938,77.62677001953125,582.8291625976562,125.29862976074219,576.7010498046875,193.08810424804688,564.408203125,235.87815856933594,524.80908203125,288.8550720214844,0
2421,214.525634765625,148.7340850830078,493.18304443359375,149.3516845703125,615.2175903320312,41.89895248413086,587.9617309570312,64.29741668701172,615.2721557617188,79.07637786865234,604.8565063476562,61.406089782714844,597.7007446289062,75.0178451538086,584.8004760742188,120.65382385253906,576.7161254882812,191.2639923095703,564.9743041992188,237.09530639648438,530.8145141601562,287.55511474609375,0
2422,214.51242065429688,148.75294494628906,493.1727294921875,149.36923217773438,619.2032470703125,39.86668395996094,592.1588745117188,66.79608917236328,621.248291015625,78.89122772216797,608.8766479492188,62.575984954833984,603.1328125,75.9912109375,587.7066650390625,118.61859893798828,571.233642578125,179.0261688232422,559.5228271484375,211.49754333496094,538.0459594726562,242.61778259277344,0
2423,214.50048828125,148.7568359375,493.16864013671875,149.37518310546875,619.200927734375,39.868465423583984,592.1604614257812,66.79667663574219,621.249267578125,78.89087677001953,608.8764038085938,62.577938079833984,603.1324462890625,75.99225616455078,587.709228515625,118.62317657470703,571.2311401367188,179.02450561523438,559.5291748046875,211.51084899902344,538.0975341796875,242.5791015625,0
2424,214.38455200195312,148.81332397460938,493.14306640625,149.31150817871094,623.2977905273438,39.83523941040039,592.427001953125,67.71224212646484,621.0814208984375,81.21113586425781,610.339111328125,63.64854431152344,603.2315673828125,77.7166976928711,587.044921875,118.86799621582031,569.391357421875,179.18441772460938,548.78564453125,217.5405731201172,497.896240234375,264.05670166015625,0
2425,214.2609100341797,148.89393615722656,493.07489013671875,149.30313110351562,620.89111328125,40.081382751464844,590.95361328125,70.30464935302734,621.0092163085938,85.72687530517578,609.484619140625,67.2992935180664,603.7321166992188,82.5200424194336,585.4027709960938,119.53672790527344,568.5986938476562,178.7581329345703,546.4867553710938,216.9875946044922,495.3547058105469,265.3992614746094,0
2426,214.4940948486328,148.52056884765625,492.8997497558594,149.51316833496094,606.0538940429688,39.863731384277344,579.5126342773438,74.85755920410156,612.1629028320312,86.93968963623047,598.1165161132812,69.33126831054688,591.8923950195312,86.0302963256836,581.3539428710938,120.83767700195312,571.6380004882812,175.43434143066406,553.5162353515625,209.0608367919922,518.7044677734375,239.548828125,0
2427,214.39166259765625,148.5998077392578,493.16522216796875,149.43263244628906,602.8204956054688,40.83779525756836,578.7459716796875,79.53302001953125,612.3218994140625,87.7418441772461,597.2781982421875,71.55726623535156,592.4515380859375,88.70077514648438,584.8384399414062,123.19886779785156,575.1333618164062,175.9466094970703,559.5096435546875,210.20826721191406,532.7625732421875,241.13377380371094,0
2428,214.41253662109375,148.66375732421875,492.9872741699219,149.49716186523438,599.0556030273438,41.73854064941406,576.1919555664062,83.2008056640625,611.1526489257812,89.41984558105469,594.4736938476562,73.32921600341797,590.7938842773438,91.15122985839844,584.837890625,127.36874389648438,577.8121337890625,176.57040405273438,561.940673828125,215.84303283691406,532.3812255859375,252.62892150878906,0
2429,214.34898376464844,148.64111328125,493.1658630371094,149.58758544921875,573.8051147460938,48.20999526977539,567.4437866210938,91.45003509521484,599.1381225585938,86.41770935058594,579.6599731445312,76.83741760253906,583.2669067382812,94.02728271484375,584.9701538085938,129.6227569580078,577.4743041992188,178.25503540039062,561.0088500976562,218.60179138183594,510.1667785644531,273.45758056640625,0
2430,214.35293579101562,148.64427185058594,493.1685485839844,149.55877685546875,573.821533203125,48.19078826904297,567.3087158203125,91.33305358886719,599.1296997070312,86.31204223632812,579.5714721679688,76.75662994384766,583.22314453125,93.95489501953125,584.9212646484375,129.67062377929688,577.4913330078125,178.2917938232422,561.018310546875,218.5943603515625,510.0577697753906,273.5291442871094,0
2431,214.37928771972656,148.60719299316406,493.282958984375,149.4935302734375,564.5057983398438,48.31293487548828,559.5319213867188,92.65897369384766,593.5472412109375,87.4875717163086,572.8829345703125,77.85682678222656,575.8988647460938,94.49455261230469,585.2759399414062,130.5369110107422,577.31494140625,179.3142852783203,560.0555419921875,220.39950561523438,505.70697021484375,275.9098205566406,0
2432,214.2936553955078,148.631591796875,493.21685791015625,149.43846130371094,544.9428100585938,58.56438446044922,553.9730224609375,92.61420440673828,581.3218994140625,78.11280059814453,560.1988525390625,76.62940216064453,569.3800048828125,90.37252807617188,583.2490844726562,127.35020446777344,579.330322265625,179.30484008789062,561.0794677734375,220.54388427734375,509.50042724609375,271.2203674316406,0
2433,214.3218536376953,148.73057556152344,493.27496337890625,149.58889770507812,535.1941528320312,61.310646057128906,550.4693603515625,92.20651245117188,573.466064453125,73.11170959472656,554.3490600585938,74.62212371826172,565.880615234375,86.90738677978516,583.0243530273438,123.51952362060547,582.5878295898438,180.10421752929688,564.6420288085938,221.3142852783203,517.97998046875,262.143798828125,0
2434,214.31483459472656,148.6103515625,493.3184509277344,149.84532165527344,521.2849731445312,70.2587661743164,544.484619140625,92.54291534423828,564.54052734375,67.62419128417969,544.9464721679688,74.81881713867188,559.3839721679688,83.11585235595703,583.3981323242188,119.65991973876953,589.0742797851562,175.9365997314453,582.8535766601562,213.88131713867188,563.0988159179688,246.00547790527344,0
2435,214.36233520507812,148.6099395751953,493.3191223144531,149.8456573486328,521.2706298828125,70.26457977294922,544.5189208984375,92.49732971191406,564.3997802734375,67.54714965820312,544.8511352539062,74.83373260498047,559.2756958007812,82.94048309326172,583.487060546875,119.30362701416016,589.091552734375,175.92630004882812,582.8560180664062,213.8585662841797,563.090576171875,246.0034637451172,0
2436,214.3607940673828,148.65310668945312,493.31561279296875,149.78680419921875,520.7333984375,74.41302490234375,541.7984008789062,92.00312042236328,561.5935668945312,66.04967498779297,542.6455688476562,74.58290100097656,557.4019775390625,81.91624450683594,584.0413818359375,118.45246124267578,591.1568603515625,175.58331298828125,582.3833618164062,221.10894775390625,539.4032592773438,273.75408935546875,0
2437,214.3277130126953,148.60401916503906,493.4263000488281,149.66824340820312,511.6719970703125,88.68768310546875,544.9322509765625,95.45896911621094,553.1324462890625,64.8001480102539,536.506103515625,82.13543701171875,553.965087890625,83.5355224609375,586.0488891601562,116.39258575439453,597.2493286132812,171.05848693847656,589.9086303710938,211.90032958984375,539.5142822265625,265.2737731933594,0
2438,214.28836059570312,148.85629272460938,493.4165954589844,149.6643524169922,510.1730651855469,94.5162582397461,541.839111328125,99.91610717773438,549.0525512695312,67.66939544677734,532.4373168945312,86.49375915527344,547.5687255859375,86.17616271972656,585.5023193359375,113.78443145751953,600.1851806640625,170.15040588378906,595.0057373046875,212.02374267578125,543.943115234375,262.0689392089844,-1
2439,214.28848266601562,148.81321716308594,493.4010009765625,149.74632263183594,508.5770568847656,98.83402252197266,544.8598022460938,98.70010375976562,546.8184204101562,68.22430419921875,531.5988159179688,89.18753051757812,546.7048950195312,87.28726959228516,587.139892578125,110.9239730834961,605.934814453125,165.5426788330078,604.6674194335938,207.47718811035156,559.2109375,250.1083526611328,-1
2440,214.27149963378906,148.84693908691406,493.4014587402344,149.74415588378906,508.5822448730469,98.83252716064453,544.8599243164062,98.66570281982422,546.8961181640625,68.18428802490234,531.63916015625,89.18351745605469,546.8609008789062,87.2755126953125,587.1089477539062,110.95557403564453,605.9228515625,165.5417938232422,604.67919921875,207.46665954589844,559.2177124023438,250.10548400878906,-1
2441,214.3435516357422,148.6732177734375,493.4263916015625,149.830078125,510.26904296875,99.83753967285156,547.8009643554688,102.50924682617188,547.0818481445312,69.35022735595703,534.3939819335938,91.68296813964844,550.1759643554688,89.61460876464844,592.9847412109375,111.04840087890625,610.5958251953125,162.62942504882812,618.9913940429688,200.55162048339844,598.7636108398438,231.14085388183594,-1
2442,214.36192321777344,148.8303680419922,493.453125,149.87640380859375,511.327880859375,101.06936645507812,549.697021484375,105.79905700683594,548.4839477539062,72.76210021972656,536.39306640625,91.98988342285156,553.46533203125,91.36933135986328,597.1123657226562,110.76190948486328,615.1975708007812,160.31105041503906,627.1453247070312,211.87432861328125,594.9633178710938,259.25421142578125,-1
2443,214.31024169921875,148.81019592285156,493.4551086425781,149.5944061279297,512.5108642578125,89.32784271240234,546.6912231445312,105.1478271484375,552.4822387695312,70.83014678955078,537.953857421875,87.39187622070312,556.1301879882812,90.76604461669922,595.7536010742188,111.32453918457031,614.4317626953125,161.5799102783203,627.7423706054688,213.2158203125,597.1260375976562,260.8982849121094,0
2444,214.37118530273438,148.80841064453125,493.4270324707031,149.5334930419922,511.3769226074219,86.48268127441406,548.0750122070312,100.56076049804688,555.89013671875,67.19625091552734,538.4966430664062,83.78255462646484,558.5040893554688,86.86433410644531,595.2826538085938,112.42850494384766,612.5816040039062,162.53823852539062,624.816162109375,207.1965789794922,609.7083740234375,241.18399047851562,0
2445,214.43402099609375,148.63485717773438,493.3141784667969,149.54441833496094,509.30279541015625,83.06868743896484,547.0167846679688,98.07290649414062,555.9633178710938,65.00932312011719,537.8518676757812,80.93195343017578,557.786376953125,84.60556030273438,594.45458984375,111.40206146240234,611.6712646484375,162.03146362304688,618.5372924804688,208.1333465576172,583.2748413085938,257.0245056152344,0
2446,214.37428283691406,148.6728515625,493.3973083496094,149.42822265625,503.6562805175781,71.76875305175781,538.5149536132812,91.34087371826172,549.13232421875,62.339962005615234,530.9192504882812,73.02396392822266,548.1630249023438,80.0529556274414,587.8982543945312,106.4041519165039,611.9244995117188,158.33734130859375,618.6566162109375,206.7520751953125,582.7171630859375,255.4996337890625,0
2447,214.3743896484375,148.6673126220703,493.3605041503906,149.45269775390625,503.6360778808594,71.76963806152344,538.4492797851562,91.4167251586914,549.1217041015625,62.34749221801758,530.8804321289062,73.03925323486328,548.1231689453125,80.08208465576172,587.927734375,106.49434661865234,611.932373046875,158.33175659179688,618.616943359375,206.79525756835938,582.7366333007812,255.5160369873047,0
2448,214.55618286132812,148.5631866455078,493.3634948730469,149.3336944580078,495.66693115234375,67.1934585571289,532.458251953125,90.46833801269531,542.8272094726562,59.61327362060547,525.7844848632812,71.9847183227539,543.0255737304688,76.40259552001953,585.8153686523438,106.089599609375,611.48779296875,154.85194396972656,618.944091796875,204.2386474609375,583.1876831054688,252.03512573242188,0
2449,214.46995544433594,148.50697326660156,493.35467529296875,149.45904541015625,486.48193359375,58.314308166503906,516.560791015625,84.50701904296875,529.4989624023438,55.2838134765625,511.783203125,64.95006561279297,528.25,73.19959259033203,576.2926025390625,98.45653533935547,609.2557983398438,143.0877227783203,618.15673828125,186.9185791015625,581.95849609375,242.2516632080078,0
2450,214.2298126220703,148.68392944335938,493.4846496582031,149.46556091308594,477.90460205078125,57.50151062011719,508.53094482421875,81.61100769042969,520.3523559570312,52.786109924316406,504.0045471191406,62.54168701171875,519.6978149414062,69.54457092285156,568.6460571289062,91.60884094238281,607.7456665039062,137.7105255126953,615.784423828125,177.11146545410156,598.9362182617188,215.63487243652344,0
2451,214.36854553222656,148.71185302734375,493.52020263671875,149.452880859375,462.1265869140625,49.657020568847656,488.9139404296875,77.58638000488281,499.7294616699219,49.8068962097168,484.15924072265625,58.837867736816406,499.23492431640625,65.49838256835938,553.7879028320312,81.14612579345703,602.7828369140625,123.87335968017578,615.465087890625,163.39181518554688,597.50048828125,201.2823486328125,0
2452,214.33145141601562,148.76292419433594,493.49774169921875,149.34251403808594,456.09552001953125,46.72011184692383,480.1626281738281,76.31211853027344,490.80242919921875,49.458770751953125,477.7819519042969,56.50518035888672,491.0355529785156,63.074462890625,544.3193359375,79.74624633789062,597.0335083007812,117.55656433105469,614.01513671875,167.97891235351562,582.1199951171875,227.9667205810547,0
2453,214.256103515625,148.7380828857422,493.4618835449219,149.3961944580078,456.13671875,46.74928283691406,480.1639709472656,76.2835922241211,490.76947021484375,49.52332305908203,477.7601013183594,56.541473388671875,491.0248107910156,63.091678619384766,544.45751953125,79.93119812011719,596.9111938476562,117.46533966064453,613.9749755859375,168.08319091796875,582.1150512695312,227.9967803955078,0
2454,214.335205078125,148.7655029296875,493.4367370605469,149.3560333251953,450.9015808105469,45.879913330078125,471.9609069824219,75.61385345458984,482.73046875,48.37724685668945,468.6578063964844,56.62470626831055,483.0480651855469,63.83191680908203,537.1525268554688,77.68228149414062,590.2026977539062,115.65874481201172,610.4443969726562,165.86940002441406,583.6076049804688,224.1004180908203,0
2455,214.3995819091797,148.7908172607422,493.4443054199219,149.34910583496094,441.4187927246094,45.7091178894043,464.40521240234375,76.42411041259766,474.28350830078125,48.937015533447266,462.5135192871094,56.33610534667969,475.30810546875,62.5523796081543,528.3645629882812,77.14891052246094,583.1893310546875,114.43742370605469,599.2772216796875,160.1304931640625,584.4411010742188,204.3547821044922,0
2456,214.3880615234375,148.82400512695312,493.34197998046875,149.28475952148438,427.2093200683594,41.75175476074219,449.58843994140625,82.2734603881836,463.7231140136719,55.21479034423828,447.14508056640625,60.83036422729492,461.3359069824219,70.42759704589844,515.342529296875,70.76322174072266,576.3219604492188,91.32090759277344,602.4302368164062,130.75875854492188,602.8988647460938,162.77227783203125,0
2457,214.3945770263672,148.82879638671875,493.33746337890625,149.2810821533203,427.2087097167969,41.75001525878906,449.5888671875,82.27587127685547,463.7077331542969,55.21208190917969,447.14532470703125,60.82595443725586,461.3379821777344,70.42344665527344,515.3807983398438,70.68207550048828,576.330322265625,91.34327697753906,602.4362182617188,130.77603149414062,602.86572265625,162.82369995117188,0
2458,214.6121826171875,148.71339416503906,493.4013671875,149.55812072753906,428.6737976074219,41.316558837890625,449.5907897949219,84.5389633178711,467.80328369140625,59.9757194519043,448.2958984375,63.536376953125,463.06903076171875,73.33442687988281,514.142578125,68.91703033447266,571.60400390625,81.48049926757812,611.4025268554688,123.34992218017578,602.6248168945312,184.26968383789062,0
2459,214.6460723876953,148.752685546875,493.3903503417969,149.4541473388672,423.4507751464844,43.645992279052734,446.7763671875,89.38604736328125,465.353271484375,62.84114456176758,443.6639404296875,66.41403198242188,459.91650390625,77.53314971923828,511.2894592285156,70.0282974243164,570.6567993164062,75.87395477294922,612.0078735351562,116.56774139404297,607.4140014648438,180.243896484375,0
2460,214.6817169189453,148.6492919921875,493.3977966308594,149.2537384033203,414.0260009765625,43.87172317504883,438.0203552246094,88.65782165527344,456.89312744140625,62.80906677246094,435.2519226074219,67.40056610107422,451.21624755859375,78.76301574707031,504.1649475097656,70.60519409179688,565.01611328125,76.22794342041016,610.6160278320312,115.20338439941406,609.6187133789062,181.0577850341797,0
2461,214.51730346679688,148.86978149414062,493.3231506347656,149.35507202148438,398.9673156738281,42.302833557128906,421.01824951171875,89.58355712890625,442.325439453125,66.21004486083984,418.6047058105469,68.13594055175781,434.0633850097656,80.80038452148438,488.59100341796875,69.16644287109375,545.8390502929688,66.46405792236328,590.3828125,100.15522003173828,594.5973510742188,166.69869995117188,0
2462,214.55462646484375,148.86180114746094,493.37139892578125,149.31094360351562,398.96734619140625,42.30385971069336,421.0145263671875,89.59185028076172,442.317626953125,66.20614624023438,418.6097717285156,68.131103515625,434.074951171875,80.79270935058594,488.5848083496094,69.16521453857422,545.857421875,66.44501495361328,590.3729248046875,100.20551300048828,594.5614624023438,166.7436065673828,0
2463,214.74990844726562,148.73851013183594,493.4627990722656,149.30117797851562,397.3035583496094,42.08365249633789,417.8031311035156,89.32220458984375,439.4078369140625,65.66294860839844,415.8077087402344,67.48403930664062,430.2353820800781,80.67704772949219,481.5512390136719,71.56717681884766,539.5669555664062,69.31642150878906,592.7616577148438,99.83251953125,607.1303100585938,153.54127502441406,0
2464,214.5404510498047,148.74656677246094,493.60687255859375,148.98509216308594,401.9091796875,40.934444427490234,414.55450439453125,88.72249603271484,440.58270263671875,69.69647216796875,416.9749755859375,67.78921508789062,429.6437683105469,81.56221008300781,476.29840087890625,80.27962493896484,529.4348754882812,85.9462890625,583.0757446289062,124.36270904541016,600.8990478515625,177.49942016601562,0
2465,214.57481384277344,148.61917114257812,493.739501953125,149.0174102783203,407.5295104980469,39.50352478027344,415.7212829589844,88.73184204101562,442.01385498046875,70.54817199707031,418.8931884765625,68.29341125488281,430.7740783691406,82.51587677001953,476.0459289550781,83.59385681152344,529.0684204101562,89.1004638671875,574.581298828125,127.4423599243164,594.4959106445312,181.5554656982422,0
2466,214.52857971191406,148.6571807861328,493.7879943847656,148.98367309570312,408.29119873046875,39.18967819213867,420.1152648925781,89.0173568725586,444.299560546875,70.41631317138672,423.05255126953125,67.65293884277344,434.11407470703125,82.49073028564453,480.53515625,84.93770599365234,531.0634765625,89.67733764648438,576.1528930664062,126.68339538574219,597.0008544921875,181.88783264160156,0
2467,214.52830505371094,148.65975952148438,493.7357177734375,149.06036376953125,408.32098388671875,39.192012786865234,420.1206970214844,88.97335815429688,444.2406921386719,70.49765014648438,423.0440979003906,67.60905456542969,434.02044677734375,82.39434051513672,480.67327880859375,85.11074829101562,531.1718139648438,89.68284606933594,576.19873046875,126.66435241699219,597.0285034179688,181.938720703125,0
2468,214.6140594482422,148.56033325195312,493.4579162597656,149.10159301757812,416.3291320800781,40.40581512451172,421.9437255859375,89.88653564453125,449.8874816894531,72.49298095703125,427.0209045410156,69.1600112915039,437.236572265625,84.45411682128906,482.284423828125,85.89618682861328,531.3590698242188,89.61872863769531,580.8253173828125,129.5767364501953,603.9661865234375,187.91525268554688,0
2469,214.4610137939453,148.5775604248047,493.54840087890625,149.255126953125,422.3020324707031,40.93939971923828,426.185791015625,90.8455581665039,455.28887939453125,76.00090026855469,431.2868347167969,71.53321075439453,441.4100036621094,85.52406311035156,485.0684814453125,89.8656005859375,532.0902099609375,90.4996337890625,580.701904296875,133.40869140625,604.5211181640625,194.2338104248047,0
2470,214.48863220214844,148.5486297607422,493.6586608886719,149.47381591796875,426.37884521484375,38.994083404541016,428.38372802734375,90.88763427734375,459.7884216308594,77.93399810791016,435.3526916503906,72.20758056640625,445.40753173828125,86.97763061523438,486.52276611328125,92.46556854248047,531.2544555664062,91.88855743408203,580.1299438476562,135.1316680908203,606.2319946289062,195.48434448242188,0
2471,214.4441375732422,148.52101135253906,493.8201599121094,149.83746337890625,427.8392639160156,39.59529113769531,428.7917785644531,91.82987976074219,460.5765380859375,79.12586975097656,436.157470703125,72.52437591552734,445.6419372558594,88.81062316894531,487.34619140625,96.54070281982422,529.7899780273438,92.50852966308594,576.0684814453125,136.4683837890625,602.5503540039062,196.7420654296875,0
2472,214.3680419921875,148.61871337890625,494.35906982421875,149.92835998535156,427.2934265136719,39.97993850708008,428.43621826171875,93.19036865234375,459.1317138671875,79.65200805664062,435.0555725097656,73.12670135498047,445.3204345703125,89.68016052246094,487.8592834472656,97.56763458251953,530.203125,92.37954711914062,576.4801635742188,137.76951599121094,602.2482299804688,198.72999572753906,0
2473,214.3089599609375,148.68777465820312,493.5227355957031,149.95053100585938,426.2153015136719,39.20670700073242,427.4566345214844,91.38842010498047,459.6258544921875,78.71383666992188,435.0063781738281,73.52128601074219,444.5654296875,87.93341827392578,484.0391540527344,95.74166107177734,528.3592529296875,91.19398498535156,571.9701538085938,136.1077423095703,597.791015625,193.14956665039062,0
2474,214.34988403320312,148.59048461914062,493.52801513671875,149.74209594726562,425.5578918457031,39.77027130126953,425.5758056640625,91.29827880859375,458.52099609375,78.91517639160156,433.8069763183594,73.687744140625,442.5742492675781,87.75772857666016,484.1158752441406,94.8094482421875,528.0657958984375,88.93907928466797,571.4406127929688,130.6749267578125,597.0783081054688,185.74412536621094,0
2475,214.61026000976562,148.6486358642578,493.5848693847656,149.87734985351562,419.19915771484375,48.469478607177734,429.4628601074219,98.53289794921875,458.2013854980469,79.93016052246094,432.8779296875,77.05245208740234,445.80401611328125,93.81111145019531,484.7158508300781,94.625244140625,526.838623046875,89.89765930175781,572.0208740234375,132.9542694091797,603.76171875,187.77659606933594,0
2476,214.62008666992188,148.6382293701172,493.5701904296875,149.88580322265625,419.1940612792969,48.462890625,429.4772033691406,98.52365112304688,458.0862731933594,79.70084381103516,432.84930419921875,76.99977111816406,445.7429504394531,93.79611206054688,484.5248718261719,94.6290283203125,526.8519287109375,89.86876678466797,572.0491943359375,132.99624633789062,603.7589111328125,187.8023223876953,0
2477,214.40701293945312,148.67503356933594,493.69573974609375,149.9208984375,411.4604187011719,58.4687385559082,430.9635314941406,103.1427230834961,453.0274658203125,80.27970886230469,429.5617980957031,80.71095275878906,444.04302978515625,93.8631362915039,483.21051025390625,93.67462158203125,526.2927856445312,92.64718627929688,570.5765991210938,130.141357421875,605.4413452148438,173.1697235107422,0
2478,214.560546875,148.5285186767578,493.7106018066406,149.6864776611328,398.98333740234375,62.13765335083008,423.23760986328125,101.07289123535156,438.9290771484375,75.9100570678711,418.9478759765625,79.8835678100586,433.239501953125,90.0777587890625,477.05596923828125,90.12770080566406,528.072509765625,92.4718246459961,573.671630859375,129.3131866455078,619.7088623046875,163.17666625976562,0
2479,214.5517120361328,148.66233825683594,493.6331787109375,149.61419677734375,393.1427307128906,58.71574783325195,415.9362487792969,98.53414916992188,429.2838439941406,73.1804428100586,412.392333984375,77.24114990234375,425.9234619140625,86.49630737304688,474.02630615234375,87.74209594726562,528.4901123046875,91.74691009521484,574.6586303710938,126.67867279052734,619.7410888671875,162.77774047851562,0
2480,214.5956573486328,148.74923706054688,493.2762145996094,149.57101440429688,370.14910888671875,56.48780822753906,394.3958435058594,90.80509185791016,406.50836181640625,66.62679290771484,389.2977294921875,71.34736633300781,403.7015075683594,79.08549499511719,458.6632385253906,80.83183288574219,522.8070068359375,86.73356628417969,573.1234741210938,122.55281066894531,619.9299926757812,161.232177734375,0
2481,214.59634399414062,148.7487030029297,493.2755126953125,149.5753936767578,370.1658630371094,56.5230712890625,394.2025451660156,90.97002410888672,406.4048767089844,66.5911865234375,389.2686767578125,71.40415954589844,403.7438659667969,79.11567687988281,458.5102844238281,80.76788330078125,522.7930297851562,86.72879028320312,573.1718139648438,122.59358215332031,619.9324340820312,161.23350524902344,0
2482,214.72335815429688,148.81979370117188,493.2654724121094,149.49667358398438,359.4647216796875,51.651275634765625,381.2557678222656,88.85335540771484,394.30633544921875,64.35531616210938,378.25146484375,68.34785461425781,392.627197265625,77.79736328125,448.61065673828125,79.4307632446289,513.4334106445312,84.68201446533203,567.5641479492188,117.71554565429688,621.7425537109375,155.28311157226562,0
2483,214.57679748535156,148.75088500976562,492.83245849609375,149.7847442626953,338.7349853515625,44.9171142578125,358.58673095703125,83.08756256103516,374.2396545410156,57.42862319946289,357.6899719238281,62.967552185058594,370.8286437988281,71.66307830810547,428.7935791015625,75.8167724609375,494.0893859863281,80.9142074584961,548.2845458984375,116.70013427734375,593.5224609375,153.0563507080078,0
2484,214.7827911376953,148.4179229736328,492.92718505859375,149.70016479492188,331.05499267578125,43.83586120605469,350.7646484375,83.08521270751953,365.9779052734375,58.02543640136719,349.25067138671875,62.107391357421875,362.2977294921875,71.37178039550781,415.67694091796875,73.72569274902344,482.99847412109375,76.56399536132812,539.2689208984375,115.71941375732422,585.782958984375,152.65147399902344,0
2485,214.72412109375,148.42376708984375,493.0574645996094,150.13314819335938,312.2296447753906,45.89345932006836,335.8465576171875,85.59273529052734,350.97760009765625,59.67387008666992,332.3577880859375,64.18597412109375,348.0173034667969,72.4769287109375,404.72125244140625,71.76583862304688,465.33135986328125,71.0312728881836,519.011962890625,92.02725219726562,570.8245239257812,129.22445678710938,0
2486,214.72457885742188,148.42918395996094,493.0692443847656,150.14744567871094,312.1795959472656,45.821311950683594,335.83551025390625,85.5833740234375,350.9667663574219,59.69163513183594,332.34466552734375,64.1789321899414,347.98590087890625,72.46315002441406,404.62261962890625,71.70117950439453,465.3039855957031,71.02290344238281,518.95263671875,92.00969696044922,570.8272705078125,129.22862243652344,0
2487,214.73155212402344,148.4441680908203,493.146484375,149.6221466064453,306.5010681152344,45.68730545043945,329.5855407714844,86.10529327392578,345.367919921875,58.62276840209961,327.4747314453125,65.09548950195312,341.6949462890625,73.05130767822266,395.9796447753906,73.56190490722656,458.2028503417969,79.31636047363281,522.8086547851562,96.58462524414062,574.1452026367188,122.85198974609375,0
2488,214.53250122070312,148.4915008544922,493.2433776855469,150.1048583984375,305.2073974609375,49.485530853271484,317.9934997558594,85.98682403564453,333.1308288574219,62.28527069091797,318.0442810058594,65.06719970703125,331.2461242675781,74.71089935302734,380.98858642578125,84.9412841796875,443.5108337402344,90.7802734375,486.61907958984375,104.61046600341797,567.8397216796875,131.11993408203125,0
2489,214.53054809570312,148.5445098876953,493.0296630859375,150.38328552246094,307.057373046875,48.0220832824707,313.84149169921875,84.60469055175781,327.96087646484375,61.98017883300781,314.6531982421875,63.44158935546875,326.4422912597656,74.95272827148438,377.71905517578125,86.79016876220703,440.25225830078125,93.30628967285156,483.798828125,106.94135284423828,560.9649047851562,130.47666931152344,0
2490,214.4601287841797,148.5700225830078,493.057373046875,150.30548095703125,309.46185302734375,51.47669219970703,311.8375244140625,84.8035888671875,325.4621887207031,61.407310485839844,313.1249694824219,64.5381851196289,323.5022277832031,76.07611083984375,375.3012390136719,88.55150604248047,433.8883972167969,93.2364273071289,476.208740234375,106.64287567138672,549.133056640625,127.38868713378906,0
2491,214.46937561035156,148.5670928955078,492.9985046386719,150.44204711914062,309.452392578125,51.46281433105469,311.8055419921875,84.79573822021484,325.41046142578125,61.43338394165039,313.0941162109375,64.51678466796875,323.5006408691406,76.13125610351562,375.36090087890625,88.44943237304688,433.8836975097656,93.2232894897461,476.26641845703125,106.60799407958984,549.0161743164062,127.36979675292969,0
2492,214.4877471923828,148.55764770507812,493.21453857421875,149.98367309570312,302.4288330078125,54.28569793701172,311.28851318359375,85.77792358398438,323.19415283203125,61.22426986694336,311.1571350097656,66.11812591552734,323.1299743652344,75.63798522949219,373.4888000488281,87.13517761230469,433.8572082519531,91.47824096679688,475.8216552734375,105.05315399169922,549.180908203125,119.26261138916016,0
2493,214.5191650390625,148.51296997070312,493.2002258300781,150.01303100585938,295.7733154296875,47.926734924316406,307.721923828125,83.12565612792969,319.9456787109375,58.58734130859375,308.0750732421875,63.63249969482422,318.6380920410156,72.88312530517578,373.1104431152344,80.0857925415039,434.15386962890625,85.04545593261719,482.4254455566406,96.48652648925781,523.6763305664062,97.82524108886719,0
2494,214.56109619140625,148.5501251220703,493.09307861328125,150.10342407226562,294.362060546875,44.63166427612305,303.624267578125,82.2569351196289,317.64898681640625,59.030582427978516,304.3387451171875,61.38505935668945,314.9752197265625,72.92705535888672,369.7328186035156,78.47972869873047,430.9619140625,85.03617858886719,483.5652160644531,95.82170867919922,556.33544921875,95.2767105102539,0
2495,214.4622802734375,148.50442504882812,493.14129638671875,150.0535888671875,291.3431396484375,41.223236083984375,300.6423034667969,81.62981414794922,314.6290283203125,58.56425094604492,302.5867919921875,60.41436004638672,312.5779113769531,71.69595336914062,365.5484313964844,78.63420867919922,428.09832763671875,84.8789291381836,478.0987548828125,96.03341674804688,553.570556640625,95.14611053466797,0
2496,214.3405303955078,148.4996337890625,493.02777099609375,150.054443359375,287.3756103515625,42.81843566894531,297.3658447265625,83.15879821777344,312.0402526855469,57.5875129699707,298.29620361328125,61.23414993286133,308.8210144042969,71.74662017822266,362.524658203125,79.0058822631836,424.83563232421875,85.8058090209961,473.83160400390625,96.58433532714844,543.171630859375,93.42986297607422,0
2497,214.40328979492188,148.5724334716797,493.0839538574219,149.9358367919922,279.807861328125,42.73672103881836,291.1870422363281,83.5868911743164,307.8148193359375,60.462318420410156,293.1334228515625,63.74435043334961,303.8333435058594,73.99828338623047,359.7160339355469,79.149658203125,417.455322265625,85.29940032958984,465.3946228027344,98.2010726928711,498.705078125,98.30935668945312,0
2498,214.33409118652344,148.49462890625,493.1351623535156,149.85263061523438,280.447021484375,46.54726791381836,292.3257141113281,86.4549331665039,308.55816650390625,62.580806732177734,293.1670227050781,65.74259185791016,305.36444091796875,76.28124237060547,358.5379638671875,80.07669830322266,416.1346130371094,84.3333740234375,462.9142150878906,98.36253356933594,497.3300476074219,98.9830551147461,0
2499,214.41796875,148.61959838867188,493.2135314941406,150.0889434814453,308.3538818359375,42.58175277709961,295.8801574707031,84.65545654296875,318.3984069824219,67.28614044189453,304.0580749511719,64.1884765625,310.6296691894531,79.78556060791016,358.3616638183594,87.095947265625,416.0429992675781,84.33985900878906,467.0352478027344,94.51673889160156,531.54638671875,88.83122253417969,0
2500,214.36370849609375,148.61941528320312,493.2328186035156,150.02455139160156,308.35498046875,42.581485748291016,295.8822326660156,84.64845275878906,318.3992614746094,67.27970123291016,304.05718994140625,64.18583679199219,310.6278076171875,79.77967834472656,358.36505126953125,87.09449768066406,416.0394287109375,84.34309387207031,467.0601806640625,94.49365997314453,531.37939453125,88.90220642089844,0
2501,214.48623657226562,148.67471313476562,493.20684814453125,149.93539428710938,314.340087890625,40.80946731567383,300.8011474609375,81.5599594116211,324.2735595703125,65.43391418457031,313.839111328125,62.74848175048828,316.9123229980469,76.9163589477539,361.16436767578125,88.88114166259766,421.02783203125,85.00757598876953,471.9618835449219,96.10933685302734,507.654296875,94.4573974609375,0
2502,214.48263549804688,148.57936096191406,493.3067321777344,149.91958618164062,322.8143310546875,45.0814323425293,305.24700927734375,79.01268768310547,329.0278625488281,64.66117858886719,317.9860534667969,63.157283782958984,321.34429931640625,78.85338592529297,364.9458923339844,92.71348571777344,425.4213562011719,86.93421936035156,471.622802734375,99.58209228515625,505.04150390625,101.07695770263672,0
2503,214.46119689941406,148.6016082763672,493.168212890625,149.90122985839844,324.5948486328125,43.42289352416992,307.8014831542969,81.72232818603516,331.4741516113281,65.9709243774414,320.1524658203125,62.97002029418945,323.2237854003906,79.64710998535156,366.33367919921875,92.67992401123047,426.6307678222656,86.18169403076172,472.3789367675781,99.50558471679688,538.4668579101562,102.49193572998047,0
2504,214.44256591796875,148.61997985839844,493.2197570800781,150.06764221191406,323.83929443359375,40.50494384765625,308.9477844238281,81.37409973144531,333.0283508300781,66.06140899658203,321.0857238769531,61.833351135253906,324.1174011230469,79.27182006835938,368.2159118652344,93.36798858642578,428.4698791503906,85.49359893798828,475.1907958984375,98.58728790283203,546.6658325195312,98.94554138183594,0
2505,214.55825805664062,148.64157104492188,493.18743896484375,150.00906372070312,324.7874450683594,39.638671875,308.5428466796875,79.99860382080078,333.39276123046875,64.60358428955078,321.69085693359375,60.25828552246094,324.0921325683594,78.0785140991211,368.0898132324219,93.58855438232422,428.6352844238281,85.24822998046875,478.02972412109375,96.3209457397461,530.9341430664062,95.69070434570312,0
2506,214.550048828125,148.62156677246094,493.1727294921875,150.06248474121094,331.3594055175781,45.64543533325195,308.8264465332031,80.61552429199219,336.3849792480469,66.07208251953125,320.93701171875,66.16020965576172,326.6499938964844,78.72794342041016,368.49835205078125,94.1683120727539,428.4517517089844,85.79536437988281,478.3591613769531,96.77560424804688,541.0579223632812,89.54420471191406,0
2507,214.529052734375,148.6448974609375,493.18359375,150.00233459472656,331.3524169921875,45.67161178588867,308.8092956542969,80.58904266357422,336.4165344238281,66.07479095458984,320.9696350097656,66.14697265625,326.68255615234375,78.7474594116211,368.4871520996094,94.18048095703125,428.4516296386719,85.80084228515625,478.3528747558594,96.7827377319336,541.0540161132812,89.54537200927734,0
2508,214.57395935058594,148.48721313476562,493.3210144042969,149.94235229492188,336.4124755859375,44.11195373535156,311.9148254394531,79.3118667602539,338.5525207519531,65.59646606445312,323.4365539550781,65.02351379394531,330.35845947265625,77.14163208007812,369.5055236816406,95.22114562988281,429.29925537109375,86.15935516357422,477.6771240234375,97.83415985107422,539.6585083007812,92.11009216308594,0
2509,214.51254272460938,148.60911560058594,493.4056091308594,149.8611602783203,327.13525390625,53.691009521484375,314.3518371582031,83.30349731445312,338.94720458984375,66.15152740478516,323.7201232910156,68.6282730102539,331.95977783203125,79.39803314208984,370.82940673828125,95.61319732666016,431.023681640625,86.8160629272461,476.8011169433594,99.98660278320312,545.5657958984375,97.9109115600586,0
2510,214.6243133544922,148.52041625976562,493.32574462890625,149.9489288330078,312.3826599121094,72.43891906738281,316.7082824707031,85.24368286132812,339.2430725097656,66.67401885986328,323.07586669921875,71.78900146484375,333.302734375,80.0237045288086,372.7119140625,95.33953094482422,431.21197509765625,86.62493896484375,476.9266662597656,100.92426300048828,547.0514526367188,100.29512023925781,0
2511,214.63534545898438,148.46449279785156,493.30126953125,150.11151123046875,313.9648132324219,77.8733901977539,319.2359313964844,85.76811981201172,342.5612487792969,65.48429107666016,325.102783203125,73.19873046875,335.20013427734375,81.44316864013672,374.7937316894531,96.39274597167969,432.6943664550781,85.63953399658203,485.7803039550781,96.37074279785156,548.06982421875,90.01630401611328,0
2512,214.63890075683594,148.46055603027344,493.3222961425781,150.17288208007812,313.966552734375,77.87281799316406,319.23785400390625,85.77047729492188,342.5595703125,65.48513793945312,325.1026916503906,73.19623565673828,335.1963806152344,81.443115234375,374.8116455078125,96.37239837646484,432.7090148925781,85.64006805419922,485.79296875,96.36561584472656,548.0762329101562,90.02336883544922,0
2513,214.745361328125,148.3440704345703,493.2252197265625,150.13999938964844,314.3227233886719,78.44497680664062,318.94927978515625,85.5977783203125,343.20574951171875,64.88738250732422,324.8820495605469,73.39315795898438,335.33013916015625,81.1503677368164,374.9813537597656,96.66413879394531,433.1779479980469,85.76469421386719,486.5338439941406,96.3740234375,549.7843627929688,89.1791000366211,0
2514,214.92999267578125,148.33399963378906,493.2879943847656,150.176513671875,314.0558776855469,79.37796020507812,318.9661560058594,86.19821166992188,342.82513427734375,65.06978607177734,324.9211730957031,74.05516815185547,334.4441223144531,82.20140838623047,375.60321044921875,95.83145904541016,433.8568115234375,85.505859375,484.8277282714844,96.92198181152344,548.53857421875,90.80901336669922,0
2515,214.8233184814453,148.29733276367188,493.20928955078125,150.07974243164062,313.4721984863281,80.14552307128906,319.5858459472656,87.76580810546875,342.0303039550781,66.017822265625,325.4087829589844,75.01557922363281,334.4856262207031,83.35560607910156,375.8766784667969,96.58345794677734,434.29473876953125,85.04888916015625,482.2270812988281,96.5619125366211,549.3079223632812,90.81781005859375,0
2516,214.83482360839844,148.31173706054688,493.2012023925781,150.017578125,313.90087890625,77.67937469482422,320.94647216796875,93.24215698242188,340.1265563964844,69.78335571289062,324.6408996582031,79.17672729492188,334.9782409667969,86.76968383789062,375.4273681640625,96.82051086425781,433.6809387207031,83.55946350097656,481.00286865234375,95.4460220336914,541.294921875,89.25819396972656,0
2517,214.86892700195312,148.34939575195312,493.255126953125,150.0716552734375,313.9148254394531,77.66360473632812,320.95831298828125,93.23784637451172,340.13446044921875,69.80426025390625,324.64849853515625,79.17589569091797,334.96148681640625,86.77759552001953,375.4640808105469,96.85979461669922,433.6719970703125,83.55873107910156,481.07672119140625,95.47348022460938,541.2412109375,89.27534484863281,0
2518,214.61489868164062,148.48251342773438,493.1943054199219,149.83897399902344,313.7468566894531,77.27958679199219,320.62841796875,94.41613006591797,339.6746520996094,70.75443267822266,325.3682556152344,78.58543395996094,334.6153259277344,87.87409973144531,375.0592956542969,96.95172882080078,433.6988830566406,82.83755493164062,477.97601318359375,95.35103607177734,538.677734375,89.38864135742188,0
2519,214.5710906982422,148.39089965820312,493.1775207519531,149.93788146972656,319.68988037109375,74.74695587158203,323.14337158203125,100.9765396118164,335.48516845703125,72.56805419921875,325.0306701660156,83.58769226074219,334.366943359375,90.11460876464844,377.21514892578125,92.60816192626953,434.09619140625,84.44709777832031,474.54791259765625,100.14138793945312,499.8892822265625,100.41223907470703,0
2520,214.62867736816406,148.60301208496094,493.2574157714844,149.72775268554688,318.9229431152344,76.61068725585938,325.0193176269531,101.63993835449219,334.2716369628906,70.7092514038086,325.1748352050781,84.84263610839844,335.7475891113281,90.15031433105469,377.33349609375,91.05938720703125,434.33160400390625,83.01556396484375,473.5949401855469,99.82483673095703,499.313720703125,105.398193359375,0
2521,214.5546112060547,148.47833251953125,493.30438232421875,149.764404296875,315.42822265625,79.27877044677734,326.0578308105469,102.4375228881836,332.68072509765625,72.14632415771484,324.09674072265625,85.8030014038086,334.622314453125,89.7818603515625,376.8624572753906,89.71107482910156,434.05084228515625,82.3592300415039,474.412353515625,98.60897064208984,539.9483032226562,103.53250885009766,0
2522,214.5557403564453,148.4801788330078,493.2707214355469,149.8000946044922,315.426513671875,79.28527069091797,326.06915283203125,102.43344116210938,332.63153076171875,72.2392807006836,324.079833984375,85.7392807006836,334.6002502441406,89.68460083007812,376.8422546386719,89.63082122802734,434.048828125,82.36302185058594,474.410888671875,98.61479949951172,539.9847412109375,103.52559661865234,0
2523,214.5855712890625,148.56985473632812,493.1897277832031,149.9105224609375,313.8388977050781,80.32230377197266,326.44586181640625,102.87422180175781,331.7226257324219,72.81695556640625,323.49908447265625,86.3243179321289,334.2355651855469,89.8009033203125,376.55218505859375,89.65623474121094,434.2135009765625,82.45758056640625,474.93017578125,98.45344543457031,540.635009765625,103.17359924316406,0
2524,214.81008911132812,148.6190643310547,493.2137145996094,149.87030029296875,306.7213439941406,91.11786651611328,327.3863830566406,105.57191467285156,327.3328857421875,75.9406509399414,318.9349060058594,89.83259582519531,331.6345520019531,89.87781524658203,375.4335021972656,87.76744842529297,433.9267883300781,81.26827239990234,476.5124816894531,96.22294616699219,546.1288452148438,103.44771575927734,0
2525,214.836669921875,148.67408752441406,493.2779541015625,149.85902404785156,302.82269287109375,96.68478393554688,327.2636413574219,107.17046356201172,326.0506591796875,77.82158660888672,320.2051086425781,91.63191223144531,330.9385681152344,91.78209686279297,376.3000183105469,87.33971405029297,432.4118347167969,80.8369369506836,477.6756286621094,94.78483581542969,542.2767944335938,98.35202026367188,0
2526,214.7635955810547,148.54730224609375,493.2769775390625,149.53140258789062,295.1334228515625,100.64797973632812,323.3091735839844,110.45159149169922,322.8270263671875,80.39212799072266,314.06842041015625,94.0302963256836,327.6720886230469,94.8858413696289,374.59820556640625,87.35601043701172,431.48095703125,79.1251449584961,474.7215576171875,90.54773712158203,535.7106323242188,89.4520034790039,0
2527,214.77191162109375,148.56118774414062,493.2907409667969,149.54776000976562,295.1331787109375,100.63801574707031,323.3325500488281,110.43334197998047,322.82452392578125,80.38304138183594,314.0696105957031,94.01660919189453,327.6715087890625,94.87064361572266,374.6063537597656,87.34219360351562,431.48370361328125,79.1285400390625,474.74945068359375,90.53706359863281,535.9288330078125,89.49549865722656,0
2528,214.6804962158203,148.70269775390625,493.2071838378906,149.66644287109375,288.8049011230469,101.06976318359375,318.760009765625,112.40809631347656,318.6445617675781,79.29598236083984,309.2020263671875,95.7868423461914,323.2123107910156,95.1661605834961,372.3896179199219,87.11060333251953,428.9149169921875,77.7674331665039,474.18963623046875,89.40593719482422,534.4819946289062,87.81070709228516,0
2529,214.62869262695312,148.5801544189453,493.0569763183594,149.84434509277344,278.9697265625,96.43565368652344,311.661376953125,112.60160064697266,311.44403076171875,79.99031066894531,302.0315246582031,93.98448181152344,316.3368835449219,94.8726806640625,364.0504455566406,83.56537628173828,419.43121337890625,75.8621826171875,468.59619140625,85.47506713867188,533.1875610351562,83.20850372314453,0
2530,214.48651123046875,148.526611328125,493.029052734375,149.87876892089844,272.0699157714844,97.45948028564453,305.54010009765625,112.48489379882812,304.71044921875,79.24974822998047,295.6579895019531,94.38023376464844,309.8228759765625,94.37096405029297,360.47235107421875,84.52193450927734,415.53125,75.0692138671875,465.7314453125,85.13158416748047,529.9732666015625,83.50053405761719,0
2531,214.28985595703125,148.55120849609375,493.1048278808594,149.67510986328125,259.6846008300781,102.99623107910156,294.63275146484375,116.01042175292969,293.0814514160156,83.22156524658203,282.673828125,97.41305541992188,299.09307861328125,97.31312561035156,347.7630615234375,86.38555145263672,405.7246398925781,79.55058288574219,456.6717834472656,88.47099304199219,491.2924499511719,90.33000183105469,0
2532,214.33108520507812,148.6464385986328,493.103271484375,149.5824432373047,254.93589782714844,107.62562561035156,290.562744140625,117.45574951171875,285.6345520019531,82.87828063964844,276.522216796875,101.37220764160156,291.3620300292969,97.91602325439453,342.38006591796875,88.9006576538086,399.509765625,85.63987731933594,454.8760681152344,92.85338592529297,489.6510314941406,94.11735534667969,1
2533,214.5779266357422,148.69937133789062,493.3155822753906,149.78187561035156,246.9138641357422,112.05455017089844,284.7452392578125,120.44055938720703,279.8812561035156,88.07715606689453,270.05401611328125,104.61720275878906,286.91278076171875,102.12342834472656,337.4686279296875,93.07027435302734,395.626220703125,93.14816284179688,439.451171875,103.08787536621094,462.4744873046875,107.8897705078125,1
2534,214.7570037841797,148.98995971679688,493.4000549316406,150.62757873535156,240.962158203125,112.3066635131836,276.6904296875,123.47945404052734,275.12628173828125,89.84089660644531,265.303955078125,105.73075103759766,280.8954162597656,106.39282989501953,333.5262145996094,96.52092742919922,392.3902587890625,95.13189697265625,438.1517028808594,108.54688262939453,250.4525604248047,121.62789916992188,1
2535,214.96139526367188,148.70513916015625,493.1264953613281,149.87034606933594,234.66754150390625,105.29611206054688,264.90618896484375,123.18582916259766,266.46502685546875,89.69611358642578,255.6168212890625,104.30472564697266,271.49468994140625,106.19419860839844,323.7156982421875,97.6815185546875,384.5009765625,91.54548645019531,429.17047119140625,101.52549743652344,458.9614562988281,109.093994140625,1
2536,214.96282958984375,148.70660400390625,493.1311340332031,149.88795471191406,234.66387939453125,105.2966079711914,264.8943176269531,123.18274688720703,266.4301452636719,89.66738891601562,255.5998992919922,104.29312133789062,271.4393615722656,106.17974853515625,323.6795349121094,97.67854309082031,384.4955139160156,91.55752563476562,429.1384582519531,101.51966094970703,458.9615173339844,109.10302734375,1
2537,214.4345703125,148.7466583251953,493.0737609863281,149.73390197753906,232.48690795898438,91.35940551757812,260.0381164550781,118.77701568603516,269.2139892578125,87.1091079711914,255.37493896484375,98.45718383789062,270.8048095703125,103.72374725341797,320.620361328125,95.23963928222656,378.03057861328125,86.47251892089844,423.05029296875,94.86882781982422,456.99676513671875,100.82272338867188,0
2538,214.52516174316406,148.66439819335938,493.07427978515625,149.74757385253906,232.51528930664062,91.35336303710938,260.0437927246094,118.7757568359375,269.207763671875,87.11418151855469,255.36146545410156,98.45838928222656,270.7967834472656,103.72589111328125,320.6034240722656,95.25379180908203,377.989013671875,86.48704528808594,422.97186279296875,94.85075378417969,456.90325927734375,100.81678009033203,0
2539,214.16629028320312,147.9139862060547,492.8155822753906,149.95697021484375,222.36947631835938,76.28653717041016,253.28085327148438,109.16873168945312,264.14422607421875,79.61103057861328,250.29542541503906,88.45278930664062,264.8211364746094,96.08061218261719,312.4277038574219,87.96855163574219,369.48187255859375,81.1281509399414,420.16259765625,83.94528198242188,466.9665832519531,86.41732025146484,0
2540,214.1826629638672,148.02224731445312,493.0578918457031,149.9059600830078,219.8034210205078,71.38011932373047,248.76580810546875,107.57610321044922,263.4183349609375,78.80741119384766,244.6473388671875,87.44145965576172,261.3540954589844,94.51560974121094,309.4352111816406,90.85041046142578,365.3548278808594,86.13082122802734,407.0707702636719,89.81322479248047,440.46197509765625,92.27896881103516,0
2541,214.4570770263672,148.73187255859375,493.4605407714844,149.87901306152344,210.67013549804688,58.6552734375,231.13121032714844,100.10021209716797,250.02389526367188,77.04583740234375,231.41046142578125,80.199951171875,244.30010986328125,91.36046600341797,298.0101013183594,101.5166015625,358.02288818359375,100.70867156982422,401.1521911621094,122.02393341064453,435.8111877441406,142.35659790039062,0
2542,214.38523864746094,148.75015258789062,493.38397216796875,149.85595703125,210.65745544433594,58.56361389160156,231.1019287109375,100.10994720458984,250.0378875732422,77.02946472167969,231.4197235107422,80.21896362304688,244.28182983398438,91.35637664794922,298.0260925292969,101.4948501586914,358.0207214355469,100.70838928222656,401.1639404296875,122.02462005615234,435.86077880859375,142.3916015625,0
2543,214.20748901367188,148.4565887451172,493.5070495605469,149.591796875,208.1984100341797,55.709678649902344,225.03892517089844,95.60424041748047,243.99313354492188,72.1967544555664,225.7707977294922,76.1265640258789,238.50010681152344,88.95186614990234,294.7196960449219,101.24639129638672,355.8524169921875,102.664306640625,400.3292236328125,124.68948364257812,435.6897888183594,144.18231201171875,0
2544,214.35012817382812,147.90126037597656,493.6694641113281,150.02195739746094,201.34950256347656,45.19350814819336,211.60047912597656,85.31806182861328,230.2558135986328,64.88148498535156,213.3791961669922,65.46627044677734,224.24981689453125,77.90740966796875,279.0465393066406,90.75155639648438,347.4829406738281,97.41969299316406,395.9521789550781,120.53057861328125,435.1235046386719,137.42343139648438,0
2545,214.54824829101562,148.12808227539062,493.5790100097656,149.95355224609375,194.77081298828125,43.82420349121094,205.91128540039062,84.1003189086914,223.3662109375,62.72914505004883,207.5699462890625,63.45169448852539,219.82786560058594,75.46739959716797,277.1960754394531,86.50386047363281,341.48321533203125,92.77340698242188,388.93743896484375,109.97122192382812,432.5344543457031,122.69861602783203,0
2546,214.4755401611328,147.9475860595703,493.57476806640625,149.96127319335938,187.856201171875,44.111122131347656,200.02899169921875,83.7598876953125,217.13027954101562,60.61400604248047,200.48101806640625,63.79027557373047,211.57891845703125,74.468505859375,269.1593933105469,83.26483917236328,334.9493713378906,91.21395874023438,386.4783630371094,106.03559875488281,436.3689880371094,117.98978424072266,0
2547,214.5273895263672,148.09979248046875,493.5652770996094,149.86766052246094,175.78379821777344,44.6780891418457,191.3712921142578,84.09398651123047,207.5171356201172,62.051673889160156,191.13790893554688,63.223052978515625,204.682861328125,74.01887512207031,263.30499267578125,83.04035186767578,326.7678527832031,90.69473266601562,376.58526611328125,105.40392303466797,429.0506286621094,118.79045104980469,0
2548,214.5150146484375,148.08901977539062,493.5891418457031,149.88075256347656,175.78594970703125,44.67964172363281,191.3774871826172,84.09955596923828,207.5107421875,62.057674407958984,191.13409423828125,63.22705078125,204.66993713378906,74.02574157714844,263.2605285644531,83.03271484375,326.77069091796875,90.70069122314453,376.60443115234375,105.40635681152344,429.0899658203125,118.79109191894531,0
2549,214.9925079345703,148.3863067626953,493.2884216308594,149.9987335205078,144.68385314941406,45.64791488647461,160.58184814453125,89.7226791381836,178.9765167236328,66.23249053955078,160.20513916015625,67.8769760131836,173.20294189453125,79.57923126220703,231.4873046875,88.31805419921875,293.244873046875,101.01331329345703,338.6003723144531,136.13388061523438,378.8504333496094,166.49319458007812,0
2550,214.76483154296875,147.93418884277344,493.44500732421875,149.70545959472656,134.81886291503906,47.95848083496094,155.28134155273438,90.1981430053711,172.1416473388672,65.22731018066406,152.8009796142578,67.56617736816406,167.5140380859375,79.21748352050781,223.13070678710938,87.99998474121094,288.41619873046875,99.99243927001953,335.80010986328125,133.6962432861328,379.0528259277344,163.56643676757812,0
2551,214.0598907470703,148.0596923828125,493.4924621582031,149.6365203857422,118.75788879394531,51.34760284423828,141.1593780517578,90.98318481445312,156.4420623779297,65.54882049560547,138.39389038085938,69.48155212402344,152.77639770507812,79.56454467773438,206.0479278564453,81.04408264160156,268.548095703125,79.39180755615234,313.0220031738281,95.53266143798828,347.1114501953125,109.29564666748047,0
2552,213.87779235839844,148.05697631835938,493.5350036621094,149.56393432617188,116.04012298583984,51.84116744995117,135.94570922851562,90.233154296875,151.97616577148438,64.4745864868164,133.27294921875,69.4932632446289,147.03570556640625,78.98368072509766,202.54864501953125,77.43350982666016,266.1608581542969,73.79627990722656,314.3385314941406,85.67727661132812,357.85888671875,93.58642578125,0
2553,213.8972625732422,148.1249237060547,493.5770263671875,149.56973266601562,116.00668334960938,51.80290603637695,136.0264892578125,90.19306182861328,152.1724853515625,64.48698425292969,133.38392639160156,69.4643325805664,147.22262573242188,79.00098419189453,202.80197143554688,77.52853393554688,266.1720275878906,73.780029296875,314.2563781738281,84.72600555419922,357.0713195800781,93.78265380859375,0
2554,213.99842834472656,148.1331329345703,493.4135437011719,149.4783172607422,108.52950286865234,47.93197250366211,129.6279754638672,87.5720443725586,145.6107940673828,62.8521614074707,127.51229858398438,66.5032730102539,142.7983856201172,75.59403991699219,199.2364044189453,73.62549591064453,261.1573486328125,70.4103012084961,312.539306640625,79.75130462646484,364.37127685546875,84.73260498046875,0
2555,214.03323364257812,148.08935546875,493.36883544921875,149.4627685546875,105.13540649414062,47.70086669921875,124.49362182617188,86.44055938720703,138.08460998535156,60.3177375793457,121.70891571044922,63.737548828125,136.3955078125,73.43331146240234,192.68101501464844,72.38439178466797,255.06008911132812,69.5169906616211,304.48760986328125,78.86105346679688,358.7973937988281,85.25719451904297,0
2556,214.29525756835938,148.2906494140625,492.9825134277344,149.79920959472656,98.32534790039062,45.12969970703125,113.03457641601562,78.77267456054688,126.04240417480469,54.59453201293945,113.3348617553711,60.71293258666992,125.28691101074219,69.04344940185547,176.59854125976562,74.47235870361328,239.38970947265625,83.7110595703125,285.894775390625,93.19581604003906,326.932861328125,100.9356689453125,0
2557,214.29466247558594,148.2975311279297,492.94061279296875,149.808837890625,98.32684326171875,45.128604888916016,113.03653717041016,78.77139282226562,126.04366302490234,54.599639892578125,113.33207702636719,60.712425231933594,125.2839126586914,69.04132080078125,176.57925415039062,74.46505737304688,239.38824462890625,83.7103042602539,285.90228271484375,93.19467163085938,326.9512023925781,100.94062042236328,0
2558,214.38865661621094,148.61077880859375,492.9951171875,149.69354248046875,94.27616882324219,44.507652282714844,112.00253295898438,80.28060913085938,123.9082260131836,55.64176559448242,110.84170532226562,60.67381286621094,122.75135803222656,69.08199310302734,173.79879760742188,75.9718017578125,234.0374755859375,87.97492218017578,282.50201416015625,100.93462371826172,325.8221130371094,106.80160522460938,0
2559,213.7298583984375,149.15090942382812,493.0366516113281,149.74923706054688,94.02236938476562,46.44662094116211,111.77144622802734,87.24588012695312,128.38546752929688,63.169776916503906,112.2147216796875,66.2059555053711,125.81107330322266,75.6751937866211,174.8024444580078,83.48336791992188,230.2064666748047,93.91388702392578,276.6434631347656,108.0695571899414,321.07958984375,114.83057403564453,0
2560,213.963623046875,148.4040069580078,492.9669494628906,149.656494140625,98.35277557373047,47.40737533569336,116.48954772949219,89.5061264038086,135.7062225341797,65.51253509521484,115.80071258544922,68.75792694091797,129.02557373046875,79.55119323730469,176.74061584472656,87.44082641601562,231.44216918945312,95.35513305664062,277.0102233886719,112.6881103515625,321.0564270019531,120.72901916503906,0
2561,214.4427032470703,148.4561309814453,493.0021057128906,149.69033813476562,113.24717712402344,47.09267044067383,124.39551544189453,91.97309112548828,146.6983184814453,71.60952758789062,125.48177337646484,71.66770935058594,137.42813110351562,85.14641571044922,181.2267608642578,92.9416732788086,235.05963134765625,102.36534118652344,273.9593200683594,126.16127014160156,307.8078918457031,135.4550018310547,0
2562,214.3778076171875,148.46185302734375,492.9482727050781,149.642578125,113.27044677734375,47.11198806762695,124.38117218017578,91.96015930175781,146.702880859375,71.6076431274414,125.47587585449219,71.67665100097656,137.42764282226562,85.1471176147461,181.22154235839844,92.94957733154297,235.0055389404297,102.3699951171875,273.82684326171875,126.07997131347656,307.7511291503906,135.46717834472656,0
2563,214.13294982910156,148.36387634277344,493.035888671875,149.64712524414062,117.1667251586914,45.495826721191406,126.12399291992188,91.36236572265625,150.6918182373047,71.51739501953125,128.5027618408203,70.59015655517578,141.00502014160156,84.73542022705078,182.17225646972656,92.12319946289062,235.21832275390625,101.68026733398438,267.53924560546875,131.00518798828125,307.2099609375,149.97218322753906,0
2564,213.81153869628906,148.23915100097656,493.1064453125,149.7024383544922,118.03716278076172,42.94120788574219,128.39495849609375,90.54057312011719,154.93673706054688,71.03202056884766,131.09725952148438,69.80522155761719,143.13523864746094,84.0476303100586,183.9237823486328,91.48379516601562,234.841064453125,100.60968017578125,264.83734130859375,128.5362091064453,304.5115051269531,147.0221710205078,0
2565,213.6685333251953,148.16384887695312,493.0381164550781,149.75457763671875,121.93087005615234,45.15972137451172,129.1195526123047,90.7182846069336,157.3239288330078,72.83036041259766,133.91456604003906,70.49443817138672,144.74656677246094,84.6675033569336,184.1417999267578,92.67229461669922,233.82481384277344,102.4615707397461,265.3572998046875,134.60879516601562,297.3242492675781,151.72061157226562,0
2566,213.92823791503906,148.4935760498047,493.1182861328125,149.6262969970703,127.40428161621094,44.084808349609375,131.90455627441406,90.73970031738281,162.43075561523438,73.54267120361328,138.20826721191406,70.4540023803711,148.58883666992188,85.32569885253906,185.9913330078125,92.6294937133789,232.17776489257812,101.74713134765625,263.8830871582031,135.4492645263672,298.5376281738281,155.11343383789062,0
2567,214.10690307617188,148.32723999023438,492.9209289550781,149.70169067382812,131.08558654785156,45.25133514404297,133.66282653808594,91.58023834228516,164.64013671875,74.80352020263672,140.9095916748047,71.25959777832031,149.97039794921875,86.117431640625,188.2925567626953,91.34673309326172,232.390380859375,99.74546813964844,265.78662109375,131.1781005859375,302.2874450683594,149.91859436035156,0
2568,214.10841369628906,148.32785034179688,492.943115234375,149.59536743164062,132.00575256347656,48.20845031738281,134.40646362304688,95.74237823486328,166.72337341308594,79.71431732177734,142.40916442871094,74.8424301147461,150.9589385986328,89.73558044433594,188.54063415527344,94.6441650390625,230.02743530273438,99.09741973876953,270.1570129394531,128.9555206298828,314.930419921875,144.5782928466797,0
2569,214.1844024658203,148.4939422607422,492.9466247558594,149.64553833007812,132.7605743408203,48.32937240600586,132.24807739257812,97.59107208251953,167.18777465820312,81.86380004882812,142.29542541503906,76.50504302978516,150.43411254882812,91.17774963378906,187.19712829589844,97.12215423583984,229.05734252929688,99.29590606689453,267.0773620605469,130.68589782714844,307.3811340332031,147.49107360839844,0
2570,214.3485870361328,148.5902862548828,493.0764465332031,149.55868530273438,129.17678833007812,48.44028854370117,129.71749877929688,99.40419006347656,164.5426025390625,84.96202850341797,139.4936981201172,78.9191665649414,148.68606567382812,93.62931060791016,185.2899169921875,100.0052490234375,227.71170043945312,99.23439025878906,272.7538757324219,131.56558227539062,318.4201965332031,155.329345703125,0
2571,214.3460693359375,148.59036254882812,493.06341552734375,149.55572509765625,129.15919494628906,48.336082458496094,129.6876678466797,99.43812561035156,164.53350830078125,84.97423553466797,139.47100830078125,78.92107391357422,148.6627197265625,93.64339447021484,185.29507446289062,99.99893188476562,227.73001098632812,99.2548599243164,272.8460388183594,131.6322021484375,318.45135498046875,155.3190155029297,0
2572,214.22195434570312,148.49459838867188,493.0461120605469,149.50582885742188,128.3258056640625,46.51295471191406,127.25247955322266,98.50281524658203,162.6740264892578,84.49858093261719,137.42886352539062,77.80193328857422,146.78173828125,92.87520599365234,184.3086700439453,100.49501037597656,227.28440856933594,100.87406158447266,279.4716796875,135.51077270507812,330.5555114746094,161.55174255371094,0
2573,214.83187866210938,147.87425231933594,493.2215270996094,149.55029296875,124.50654602050781,44.74375534057617,124.4892578125,95.88507080078125,159.79083251953125,83.23115539550781,133.11585998535156,75.13973236083984,142.1736297607422,90.36357116699219,183.16587829589844,99.91920471191406,224.74807739257812,101.49118041992188,275.3097839355469,136.68994140625,324.5911560058594,162.98355102539062,0
2574,214.13662719726562,149.22189331054688,493.24560546875,149.43019104003906,120.9739761352539,46.51725387573242,123.04564666748047,97.41057586669922,158.7746124267578,84.18728637695312,130.9374542236328,76.74597930908203,140.63157653808594,90.95120239257812,181.16661071777344,99.17160034179688,223.4066162109375,102.36654663085938,272.0175476074219,138.7552490234375,319.6130676269531,167.311279296875,0
2575,213.95492553710938,148.81069946289062,493.2793884277344,149.53810119628906,119.27934265136719,47.22576141357422,115.86278533935547,97.18788146972656,153.33384704589844,85.82545471191406,126.62173461914062,77.04814910888672,135.65310668945312,91.27118682861328,178.8114013671875,98.45699310302734,219.82859802246094,102.35873413085938,271.6655578613281,139.24398803710938,318.2341613769531,170.41783142089844,0
2576,213.97068786621094,148.84156799316406,493.2408447265625,149.56719970703125,119.18981170654297,47.3045654296875,115.86270141601562,97.15910339355469,153.377197265625,85.72679901123047,126.55152130126953,77.12748718261719,135.60069274902344,91.2116470336914,178.97232055664062,98.32817840576172,219.901123046875,102.39301300048828,271.6689147949219,139.26284790039062,318.23736572265625,170.4176025390625,0
2577,213.8577880859375,148.7647705078125,493.30853271484375,149.3805389404297,119.09663391113281,46.78193283081055,115.07896423339844,93.85446166992188,151.83551025390625,87.0776138305664,126.8811264038086,76.55106353759766,132.59141540527344,89.38477325439453,177.66552734375,97.19564056396484,217.7404022216797,101.46493530273438,270.99639892578125,138.2417755126953,318.662353515625,169.7378387451172,0
2578,213.73626708984375,149.28004455566406,493.2138366699219,149.42562866210938,113.54623413085938,48.602725982666016,112.88752746582031,93.85599517822266,150.96218872070312,86.35810852050781,125.12940216064453,76.40726470947266,130.77842712402344,88.61023712158203,173.53988647460938,93.4129638671875,212.5985107421875,102.2920913696289,266.55413818359375,137.8520050048828,311.26995849609375,168.03009033203125,0
2579,213.7161407470703,149.3284149169922,493.32513427734375,149.43743896484375,114.97443389892578,55.159481048583984,111.81563568115234,99.05450439453125,151.6650390625,89.32159423828125,125.04219818115234,80.19985961914062,130.44256591796875,92.12484741210938,173.44065856933594,93.50870513916016,209.69432067871094,102.95757293701172,266.7233581542969,136.3848114013672,310.6581726074219,167.69297790527344,0
2580,213.51805114746094,149.08319091796875,493.1949462890625,149.3701171875,117.75089263916016,62.81193542480469,114.3900375366211,105.80707550048828,155.1149139404297,94.74311065673828,125.17072296142578,85.78093719482422,131.1019287109375,97.53239440917969,168.43380737304688,95.27571105957031,204.7115020751953,103.33808135986328,264.30877685546875,130.51959228515625,308.7695007324219,160.37315368652344,0
2581,213.50741577148438,149.08477783203125,493.1778564453125,149.37120056152344,117.69668579101562,62.6878662109375,114.40821075439453,105.87355041503906,155.17417907714844,94.6372299194336,125.14303588867188,85.26434326171875,131.1451873779297,97.53009796142578,168.4744415283203,95.18600463867188,204.7125701904297,103.33778381347656,264.2819519042969,130.4882049560547,308.7909240722656,160.3865966796875,0
2582,214.61329650878906,147.94073486328125,493.36956787109375,149.41407775878906,98.8994140625,48.918148040771484,114.93914794921875,107.46392059326172,155.90003967285156,96.26588439941406,126.72417449951172,86.2704849243164,132.6377410888672,98.3023910522461,168.8232879638672,88.94442749023438,202.92539978027344,102.94216918945312,261.359619140625,127.8792953491211,304.5508728027344,157.26327514648438,0
2583,214.39512634277344,147.7998809814453,493.42352294921875,149.4083709716797,119.86089324951172,108.06315612792969,117.66483306884766,116.29633331298828,156.65045166015625,102.26187896728516,112.01854705810547,73.90331268310547,140.23141479492188,92.68360137939453,169.60360717773438,87.96109771728516,202.3897705078125,103.38172912597656,260.4438781738281,126.47762298583984,304.37481689453125,156.90740966796875,0
2584,214.48081970214844,147.84930419921875,493.4227294921875,149.37677001953125,122.7149887084961,111.41802978515625,113.98676300048828,87.97745513916016,157.09765625,106.12458038330078,113.56968688964844,76.44561767578125,131.65869140625,92.69194030761719,168.10060119628906,88.64588165283203,202.14947509765625,103.708251953125,260.95977783203125,126.23513793945312,305.6493835449219,157.1287384033203,0
2585,214.38475036621094,147.85287475585938,493.4613342285156,149.34341430664062,93.4371109008789,47.612327575683594,117.6620864868164,115.88358306884766,158.84629821777344,101.12952423095703,132.8271026611328,88.00880432128906,140.5203399658203,96.59895324707031,172.55577087402344,88.53763580322266,203.2576141357422,103.98321533203125,261.88995361328125,126.28682708740234,305.61578369140625,157.46218872070312,0
2586,214.38490295410156,147.85659790039062,493.4783630371094,149.37530517578125,93.44096374511719,47.59764862060547,117.65170288085938,115.87300109863281,158.85775756835938,101.12401580810547,132.82888793945312,88.02548217773438,140.52687072753906,96.597900390625,172.50418090820312,88.53678894042969,203.21292114257812,103.98445892333984,261.8830871582031,126.28388214111328,305.62432861328125,157.47802734375,0
2587,213.77828979492188,148.95619201660156,493.24114990234375,149.49041748046875,90.93254089355469,48.07893371582031,114.3946304321289,108.00245666503906,154.816162109375,95.99591827392578,127.23258209228516,86.85323333740234,132.53590393066406,101.17838287353516,170.84942626953125,91.80366516113281,205.21751403808594,103.86001586914062,263.8985595703125,127.20408630371094,308.43597412109375,158.71873474121094,0
2588,213.77255249023438,148.9808349609375,493.1841735839844,149.49398803710938,90.94856262207031,48.13490295410156,114.5280532836914,108.04804992675781,154.97171020507812,96.1225357055664,127.20111846923828,86.80497741699219,132.6211700439453,101.2314682006836,170.9797821044922,91.82553100585938,205.19236755371094,103.92088317871094,263.8843688964844,127.20539093017578,308.4441223144531,158.7274627685547,0
2589,214.07144165039062,149.0022735595703,493.1725769042969,149.60260009765625,94.74531555175781,47.248355865478516,109.71868896484375,99.1572036743164,146.07371520996094,87.69219207763672,119.70877838134766,78.44243621826172,126.68905639648438,92.42916870117188,168.533447265625,91.85757446289062,205.81121826171875,103.37848663330078,263.0710144042969,127.73040771484375,306.5981140136719,158.08673095703125,0
2590,214.6549835205078,147.9672393798828,493.17962646484375,149.63873291015625,94.0361328125,44.83900451660156,106.33123779296875,93.72380828857422,145.38043212890625,81.58663177490234,114.98055267333984,74.35063171386719,124.31967163085938,88.41476440429688,166.9093780517578,92.55528259277344,205.6046905517578,103.51288604736328,262.46832275390625,127.45323944091797,306.0911560058594,157.56362915039062,0
2591,214.64093017578125,148.3799285888672,493.19146728515625,149.68466186523438,89.06588745117188,44.25233840942383,98.07437896728516,91.50923156738281,138.17440795898438,81.67868041992188,109.26395416259766,72.1883773803711,115.82933807373047,86.71165466308594,164.3875732421875,89.38911437988281,198.99354553222656,101.7249984741211,257.2327880859375,126.04603576660156,301.4834899902344,155.70846557617188,0
2592,214.64295959472656,148.38844299316406,493.17938232421875,149.67938232421875,89.04118347167969,44.24266052246094,98.07290649414062,91.50868225097656,138.1719512939453,81.67577362060547,109.24604797363281,72.20504760742188,115.82835388183594,86.71475982666016,164.40472412109375,89.39678192138672,198.99974060058594,101.72730255126953,257.2294616699219,126.0390625,301.4957580566406,155.71783447265625,0
2593,214.6175994873047,148.43710327148438,493.1365051269531,149.6571044921875,88.88441467285156,45.509307861328125,97.59597778320312,93.57532501220703,138.04808044433594,84.03804016113281,109.36400604248047,72.81552124023438,115.419189453125,88.36459350585938,164.37266540527344,88.22669982910156,198.23985290527344,101.84671783447266,256.46759033203125,125.66177368164062,301.6429443359375,155.8648681640625,0
2594,214.50277709960938,148.1373291015625,493.16845703125,149.7019805908203,86.93203735351562,47.70504379272461,99.84468841552734,101.99872589111328,138.52793884277344,86.04154968261719,112.33655548095703,78.40745544433594,117.60216522216797,90.42039489746094,165.22384643554688,88.59181213378906,198.03834533691406,102.6385269165039,257.1972351074219,125.71442413330078,301.9112548828125,156.893798828125,0
2595,214.5980224609375,148.1656494140625,493.1324462890625,149.7177734375,103.755126953125,64.41744995117188,99.59847259521484,105.46829986572266,139.61239624023438,89.78791046142578,110.07373046875,84.56301879882812,117.32197570800781,92.18028259277344,165.15162658691406,87.50778198242188,198.51144409179688,102.78461456298828,257.4677734375,125.69947814941406,302.48529052734375,157.1968536376953,0
2596,214.68663024902344,148.20758056640625,493.1519775390625,149.681640625,102.40847778320312,64.96676635742188,99.16397094726562,105.97952270507812,138.67381286621094,87.91922760009766,111.77947235107422,85.9100341796875,118.765380859375,93.22053527832031,165.8289794921875,87.12822723388672,197.8029022216797,102.50702667236328,257.32122802734375,125.77793884277344,303.068115234375,157.2959747314453,0
2597,214.5177459716797,148.27838134765625,493.1750793457031,149.62863159179688,86.69709777832031,48.866310119628906,97.46061706542969,105.81095886230469,138.2163543701172,88.74552154541016,109.0361099243164,83.40901947021484,115.28250122070312,94.45194244384766,162.14096069335938,89.0820541381836,196.99087524414062,102.59628295898438,257.1403503417969,124.48616790771484,301.37274169921875,155.87057495117188,0
2598,214.65586853027344,148.38021850585938,493.24176025390625,149.58969116210938,82.12477111816406,42.407466888427734,89.2737808227539,93.2559814453125,126.61177062988281,79.80889892578125,97.85169982910156,73.09193420410156,108.04593658447266,86.97410583496094,159.0300750732422,88.69148254394531,196.1271514892578,102.1336441040039,257.3170166015625,123.8788833618164,301.95123291015625,155.85325622558594,0
2599,214.4068145751953,148.42295837402344,493.272705078125,149.485107421875,79.49665069580078,41.705326080322266,85.21968841552734,92.48638153076172,122.4364013671875,78.64857482910156,94.53677368164062,72.97868347167969,104.12899780273438,86.49893188476562,155.8706817626953,88.65941619873047,193.35276794433594,101.23036193847656,254.99124145507812,122.36141204833984,298.6827392578125,154.2409210205078,0
2600,214.2937469482422,148.2546844482422,493.3543395996094,149.74490356445312,75.52831268310547,43.863197326660156,83.51934051513672,93.4679946899414,121.35050201416016,80.50933074951172,92.8781967163086,72.01789093017578,101.71235656738281,88.16943359375,153.79708862304688,88.45784759521484,191.74346923828125,100.4603271484375,253.9198455810547,121.40877532958984,296.80999755859375,153.42819213867188,0
2601,214.29103088378906,148.25076293945312,493.3501892089844,149.74301147460938,75.52716064453125,43.88246536254883,83.50637817382812,93.4607925415039,121.30299377441406,80.49146270751953,92.82072448730469,72.04190826416016,101.65552520751953,88.15196228027344,153.77728271484375,88.4010009765625,191.75038146972656,100.44723510742188,253.85365295410156,121.33574676513672,296.7324523925781,153.4297637939453,0
2602,214.53143310546875,148.3706512451172,493.26068115234375,149.7976837158203,74.5179214477539,49.1859245300293,81.76052856445312,97.12703704833984,118.84081268310547,81.70130157470703,91.6092529296875,76.42757415771484,101.23553466796875,90.48571014404297,155.31900024414062,88.9579086303711,190.96768188476562,100.84090423583984,253.22862243652344,120.55921936035156,296.5199890136719,153.4290008544922,0
2603,214.80641174316406,148.34666442871094,493.33734130859375,149.90626525878906,68.17857360839844,59.01643753051758,79.61386108398438,102.68174743652344,112.5521240234375,85.6485366821289,86.96697998046875,80.04432678222656,96.39256286621094,92.04825592041016,154.98480224609375,88.87643432617188,191.7005615234375,101.11491394042969,254.22654724121094,121.23776245117188,297.07635498046875,153.5662078857422,0
2604,214.74644470214844,148.4105987548828,493.2184753417969,149.9702911376953,59.80637741088867,57.851837158203125,78.90753173828125,105.85906982421875,110.49783325195312,83.86219024658203,82.7599868774414,82.42646789550781,93.6574935913086,93.82463836669922,150.84951782226562,90.57096862792969,191.98345947265625,100.81324005126953,254.16424560546875,121.31399536132812,296.9162292480469,153.7268524169922,0
2605,214.61285400390625,148.7364044189453,493.2560729980469,149.98883056640625,59.540435791015625,53.19478225708008,76.62696075439453,105.12141418457031,107.80259704589844,84.86439514160156,80.67290496826172,81.52043151855469,92.94062805175781,94.14905548095703,150.59225463867188,90.6759262084961,193.33187866210938,100.00355529785156,246.42913818359375,118.37713623046875,293.7051696777344,150.1882781982422,0
2606,214.62657165527344,148.72059631347656,493.2770690917969,150.0476837158203,59.53649139404297,53.194602966308594,76.61817169189453,105.1316909790039,107.81727600097656,84.85313415527344,80.67186737060547,81.50481414794922,92.9474868774414,94.12130737304688,150.593017578125,90.69345092773438,193.3356170654297,100.00511169433594,246.43922424316406,118.38322448730469,293.7156677246094,150.17568969726562,0
2607,214.6077423095703,148.345947265625,493.2672119140625,150.04298400878906,60.68613052368164,55.774208068847656,79.59334564208984,105.71591186523438,104.66383361816406,85.11409759521484,80.24835205078125,81.98381042480469,94.14386749267578,94.92908477783203,157.04527282714844,91.6268081665039,212.6973114013672,104.18426513671875,247.279296875,126.88717651367188,250.31591796875,127.39946746826172,0
2608,214.98573303222656,147.90428161621094,493.3260192871094,150.03762817382812,71.51013946533203,54.99595642089844,86.20223236083984,102.21954345703125,105.22599792480469,84.86721801757812,88.76923370361328,80.36477661132812,96.59539794921875,92.84037780761719,167.12698364257812,95.25135040283203,231.30722045898438,107.6467056274414,240.19741821289062,61.58735275268555,73.05107116699219,55.77547073364258,0
2609,215.1758575439453,147.90594482421875,493.18011474609375,149.9100799560547,77.9095230102539,56.568870544433594,89.89630126953125,104.64535522460938,109.65021514892578,86.0478286743164,92.24090576171875,83.13666534423828,102.3505859375,98.13944244384766,168.3510284423828,97.95681762695312,234.8770294189453,111.2664794921875,295.6463623046875,137.40403747558594,347.36932373046875,158.47274780273438,0
2610,215.4209747314453,148.1698455810547,493.230712890625,149.82131958007812,95.63972473144531,63.2966423034668,103.0668716430664,110.14253997802734,120.8614730834961,88.44783020019531,104.63162231445312,87.46955871582031,114.6236572265625,101.89295196533203,173.56155395507812,99.7811508178711,235.78758239746094,108.3923110961914,277.01263427734375,152.74488830566406,325.44091796875,183.88290405273438,0
2611,214.39898681640625,149.63917541503906,493.171630859375,149.86111450195312,99.29972839355469,58.67414474487305,106.31121826171875,106.12503051757812,125.70318603515625,83.87830352783203,109.94950103759766,82.93069458007812,118.95807647705078,96.80826568603516,177.38876342773438,98.21330261230469,235.8418731689453,109.3205795288086,280.22540283203125,155.41064453125,325.7777099609375,189.474853515625,0
2612,214.32568359375,149.65347290039062,493.20404052734375,149.83990478515625,99.43301391601562,58.72654342651367,106.33760070800781,106.19837188720703,125.68242645263672,83.804931640625,109.85144805908203,83.0597152709961,118.98374938964844,96.7874755859375,177.51112365722656,98.37965393066406,235.72857666015625,109.4052734375,280.3416442871094,155.45343017578125,326.19683837890625,189.26756286621094,0
2613,215.54737854003906,148.15243530273438,493.1723327636719,149.86611938476562,102.60353088378906,54.827171325683594,107.87725067138672,99.84760284423828,127.65167236328125,79.44992065429688,111.68923950195312,78.09873962402344,121.06159210205078,91.525146484375,176.98428344726562,94.62691497802734,235.7430419921875,108.7927474975586,279.095703125,155.72267150878906,317.77020263671875,192.2817840576172,0
2614,215.5081329345703,148.31954956054688,493.15008544921875,150.0155029296875,99.71895599365234,47.52021026611328,108.0387191772461,95.16007995605469,128.124755859375,74.43380737304688,111.76620483398438,73.13709259033203,120.9646987915039,87.29214477539062,176.18121337890625,91.4402084350586,235.88037109375,107.5540771484375,279.4444580078125,156.42735290527344,316.9288024902344,196.1256561279297,0
2615,214.8148651123047,148.3020477294922,493.21673583984375,149.81951904296875,96.38340759277344,41.20064163208008,101.06501007080078,85.78294372558594,124.16531372070312,68.30668640136719,108.31319427490234,64.46854400634766,114.5841064453125,79.49421691894531,171.88914489746094,90.59181213378906,231.72232055664062,104.59342193603516,280.1560363769531,151.9617156982422,320.8754577636719,189.3391876220703,0
2616,214.98724365234375,148.37606811523438,493.1372985839844,149.74929809570312,93.83158874511719,40.461341857910156,100.13427734375,86.04061126708984,122.64570617675781,68.04041290283203,106.51909637451172,63.90528869628906,112.96617126464844,79.70706939697266,170.47329711914062,90.2821044921875,231.8487091064453,104.7530746459961,280.5343017578125,151.0725555419922,320.486328125,189.01608276367188,0
2617,214.7875518798828,148.28817749023438,493.2457580566406,149.72280883789062,94.39949798583984,42.19061279296875,101.14453125,87.35230255126953,122.48051452636719,68.91482543945312,106.3222427368164,65.73612213134766,113.92969512939453,80.30476379394531,170.77386474609375,90.35797119140625,232.3575897216797,105.20437622070312,280.7286071777344,149.92306518554688,322.32354736328125,187.32191467285156,0
2618,214.86097717285156,148.5553436279297,493.172607421875,149.7786865234375,98.95406341552734,48.07816696166992,102.6644058227539,89.62948608398438,121.26013946533203,67.79518127441406,107.94847869873047,67.18721771240234,114.79966735839844,81.2300796508789,170.61019897460938,89.26570129394531,232.08795166015625,105.07780456542969,280.1761474609375,150.89456176757812,322.04638671875,187.5481719970703,0
2619,215.0005645751953,148.44105529785156,493.1556396484375,149.85739135742188,111.65904235839844,59.31401443481445,108.8302230834961,96.23794555664062,122.81092071533203,69.5818099975586,111.35553741455078,73.13101959228516,119.57911682128906,84.92607116699219,171.64077758789062,90.33779907226562,231.19833374023438,104.8115463256836,278.9496765136719,152.5602569580078,319.6262512207031,189.76730346679688,0
2620,214.9641571044922,148.43862915039062,493.1543273925781,149.8223114013672,111.65126037597656,59.349552154541016,108.8469009399414,96.27289581298828,122.83436584472656,69.51848602294922,111.3472671508789,73.1640396118164,119.62596893310547,84.94796752929688,171.75143432617188,90.24613952636719,231.2944793701172,104.75920104980469,278.9809265136719,152.58267211914062,319.6431579589844,189.7781982421875,0
2621,215.3547821044922,148.45645141601562,493.1202392578125,149.76210021972656,115.30562591552734,59.02480697631836,111.04942321777344,94.33899688720703,125.67447662353516,65.65611267089844,113.74510955810547,74.35830688476562,122.79876708984375,82.97711181640625,172.9596710205078,89.79379272460938,231.61434936523438,105.22844696044922,276.4478454589844,153.25616455078125,312.99951171875,193.64866638183594,0
2622,215.30496215820312,148.6890869140625,493.1305236816406,149.68463134765625,114.16861724853516,61.4888801574707,113.84553527832031,87.90840148925781,125.64720153808594,62.040428161621094,114.6712646484375,73.2786636352539,126.29508209228516,78.689453125,173.42816162109375,87.89289855957031,230.9404754638672,103.46739959716797,274.4213562011719,154.77435302734375,311.24456787109375,200.3035125732422,0
2623,215.3647918701172,148.67750549316406,493.18243408203125,149.57093811035156,112.90884399414062,60.49967575073242,113.43626403808594,87.85150146484375,124.64270782470703,61.058815002441406,113.2708511352539,72.2685546875,124.93059539794922,78.23310852050781,173.30601501464844,86.81002807617188,230.07748413085938,102.7760009765625,273.8915710449219,153.57794189453125,310.93072509765625,199.46458435058594,0
2624,215.37672424316406,148.38221740722656,493.2274169921875,149.65093994140625,111.0845718383789,58.0181770324707,111.0442886352539,88.83891296386719,122.38735961914062,60.60721206665039,111.02874755859375,69.788818359375,121.58932495117188,77.13853454589844,172.26686096191406,87.80821228027344,230.0125274658203,103.25563049316406,274.8853759765625,150.84393310546875,310.2021789550781,192.0029754638672,0
2625,215.39456176757812,148.61196899414062,493.2453308105469,149.60630798339844,108.7944107055664,56.35254669189453,109.90206909179688,88.05718231201172,120.47341918945312,60.74640655517578,110.01587677001953,67.6076431274414,120.04458618164062,76.34969329833984,170.2763671875,88.13294982910156,229.7788543701172,104.63565063476562,276.74298095703125,151.6542205810547,312.4764099121094,194.08963012695312,0
2626,215.61233520507812,148.39260864257812,493.2591857910156,149.60287475585938,104.293701171875,49.249507904052734,106.09624481201172,85.4825439453125,119.55751037597656,62.824581146240234,108.8106460571289,63.912132263183594,118.31575012207031,76.25200653076172,167.7653045654297,86.83686065673828,230.26170349121094,105.28728485107422,276.4646301269531,152.078857421875,311.697265625,195.052001953125,0
2627,215.62620544433594,148.40380859375,493.25347900390625,149.62123107910156,104.28793334960938,49.24066162109375,106.09751892089844,85.48066711425781,119.56842803955078,62.827884674072266,108.82144927978516,63.91227722167969,118.31587219238281,76.26060485839844,167.8037567138672,86.84141540527344,230.27232360839844,105.28659057617188,276.4516906738281,152.06048583984375,311.69244384765625,195.02403259277344,0
2628,215.4920654296875,148.53085327148438,493.28173828125,149.6278839111328,98.40428924560547,45.17568588256836,104.39215087890625,84.8945541381836,119.36165618896484,61.356964111328125,106.07926940917969,62.654170989990234,116.9682388305664,74.48667907714844,169.15284729003906,88.62506866455078,229.92893981933594,104.30989074707031,276.51397705078125,150.93368530273438,312.0271911621094,193.5026397705078,0
2629,214.03048706054688,149.6938018798828,493.2947998046875,149.56671142578125,89.2825927734375,42.90907287597656,98.42512512207031,81.95325469970703,115.73341369628906,58.7943000793457,101.42790985107422,63.179039001464844,111.61077880859375,73.48595428466797,165.1826629638672,84.8807601928711,226.6251220703125,97.28543090820312,274.0788879394531,137.93350219726562,311.2369689941406,177.67205810546875,0
2630,214.1331787109375,149.5048828125,493.2721252441406,149.57826232910156,87.65782165527344,44.45323944091797,96.05227661132812,82.36231994628906,111.96502685546875,59.4940185546875,98.8572006225586,63.35942077636719,109.28679656982422,74.00833892822266,163.63941955566406,82.86485290527344,226.419921875,92.8794937133789,278.0552978515625,128.7238311767578,310.8415832519531,164.04986572265625,0
2631,214.1876678466797,149.09017944335938,493.3207702636719,149.63829040527344,83.64140319824219,46.423946380615234,96.67704772949219,85.27635192871094,114.47667694091797,61.433109283447266,98.50662231445312,65.12752532958984,111.36070251464844,75.00961303710938,162.83006286621094,83.66203308105469,223.03781127929688,92.76595306396484,279.0492858886719,129.61740112304688,317.9582214355469,166.37887573242188,0
2632,214.158447265625,149.06336975097656,493.3072814941406,149.63682556152344,83.64007568359375,46.432403564453125,96.6815185546875,85.27928161621094,114.47695922851562,61.43585968017578,98.51358032226562,65.13584899902344,111.36067199707031,75.00636291503906,162.8100128173828,83.65045166015625,223.0354461669922,92.76657104492188,279.05322265625,129.63467407226562,317.9702453613281,166.37562561035156,0
2633,214.26760864257812,149.37547302246094,493.29095458984375,149.43960571289062,87.35569763183594,63.09251403808594,104.0759048461914,91.37020874023438,116.6740493774414,63.34996795654297,102.41180419921875,71.76355743408203,116.51667022705078,78.39881896972656,166.0100555419922,84.84507751464844,223.82696533203125,93.6988525390625,278.6290588378906,132.6988983154297,317.7100524902344,169.47842407226562,0
2634,214.0253448486328,149.4811553955078,493.28399658203125,149.53834533691406,87.98539733886719,81.49565887451172,115.53606414794922,104.50611877441406,118.91405487060547,72.43002319335938,109.14374542236328,83.97343444824219,121.98334503173828,86.78715515136719,169.75332641601562,82.13481903076172,229.0395050048828,92.2296142578125,281.7024841308594,129.23435974121094,320.58258056640625,166.18975830078125,0
2635,214.24534606933594,149.51878356933594,493.27532958984375,149.43882751464844,87.90789031982422,86.59065246582031,118.19827270507812,106.97747039794922,119.75473022460938,76.84960174560547,109.6494369506836,88.93480682373047,123.09302520751953,90.74070739746094,170.1038055419922,83.39986419677734,230.318115234375,90.3609848022461,283.4526672363281,125.5896987915039,321.3323669433594,164.06655883789062,0
2636,214.1346893310547,149.6004638671875,493.1522216796875,149.5745391845703,86.91635131835938,96.40277862548828,122.21260070800781,111.84356689453125,119.97321319580078,81.06847381591797,109.50260925292969,94.52902221679688,124.76604461669922,94.18901062011719,171.5019989013672,84.09050750732422,230.73788452148438,89.233154296875,284.9169616699219,123.81385040283203,323.2998046875,160.97457885742188,0
2637,214.1444549560547,149.59349060058594,493.1355285644531,149.56500244140625,86.93196868896484,96.427001953125,122.26941680908203,111.81269073486328,119.9620132446289,81.07256317138672,109.55451965332031,94.51895141601562,124.7599105834961,94.18867492675781,171.69735717773438,84.22628784179688,230.72877502441406,89.2596206665039,284.9229736328125,123.81876373291016,323.2974548339844,160.96266174316406,0
2638,214.2907257080078,149.4651641845703,493.12396240234375,149.58531188964844,88.45001220703125,103.02696990966797,124.4012451171875,114.92431640625,119.75247955322266,84.80004119873047,109.85472106933594,99.42427062988281,125.9039306640625,96.56546020507812,171.14170837402344,84.50138854980469,230.46267700195312,88.82566833496094,285.5289001464844,123.61294555664062,326.0845947265625,162.04037475585938,0
2639,214.25241088867188,149.7113494873047,493.1114807128906,149.39573669433594,96.33526611328125,125.0157699584961,132.6603546142578,122.33842468261719,119.03697204589844,96.23035430908203,114.4098129272461,112.63287353515625,128.04495239257812,105.55445861816406,171.4727020263672,86.99030303955078,228.80801391601562,86.94088745117188,282.6485900878906,122.4561767578125,320.2543640136719,160.68728637695312,0
2640,214.29092407226562,149.51666259765625,493.0275573730469,149.6951446533203,100.6377182006836,133.00177001953125,135.30270385742188,126.6444320678711,117.36833190917969,101.61328887939453,115.26179504394531,119.32635498046875,127.11216735839844,111.8453598022461,169.98959350585938,88.23416137695312,228.66384887695312,85.59134674072266,283.3894348144531,120.1694564819336,320.67205810546875,159.79498291015625,0
2641,214.03170776367188,149.27049255371094,493.15338134765625,149.57020568847656,106.57677459716797,138.42420959472656,137.8435516357422,132.76185607910156,115.80738830566406,110.49066925048828,118.3569107055664,126.60287475585938,128.7430877685547,116.01786804199219,168.63027954101562,88.04745483398438,225.9159393310547,80.08988952636719,282.6357116699219,110.35843658447266,319.03106689453125,151.26380920410156,0
2642,214.0077667236328,149.26806640625,493.2043151855469,149.57591247558594,106.57232666015625,138.41087341308594,137.85292053222656,132.7228240966797,115.75335693359375,110.45479583740234,118.35365295410156,126.60832214355469,128.70802307128906,115.99761199951172,168.50233459472656,88.01261901855469,225.91062927246094,80.06990051269531,282.63397216796875,110.3590316772461,319.6539001464844,150.42526245117188,0
2643,215.08570861816406,148.60552978515625,493.2520446777344,149.5142822265625,107.05084991455078,139.8808135986328,137.37660217285156,135.44720458984375,116.59171295166016,112.63648986816406,118.95187377929688,128.83505249023438,129.1943359375,119.19190979003906,166.03973388671875,89.15166473388672,223.9818572998047,73.61432647705078,280.8095397949219,104.75071716308594,317.31329345703125,144.8566436767578,0
2644,214.9992218017578,148.81190490722656,493.28363037109375,149.449951171875,127.00687408447266,152.37191772460938,145.30877685546875,134.29685974121094,114.2372817993164,127.8401870727539,129.14451599121094,137.88058471679688,129.84832763671875,124.90237426757812,160.99594116210938,89.10808563232422,220.0302276611328,68.07878875732422,275.868408203125,92.52719116210938,313.3181457519531,132.24386596679688,0
2645,215.24359130859375,148.97877502441406,493.22210693359375,149.47198486328125,131.91860961914062,157.98228454589844,146.19264221191406,140.3022918701172,114.58145141601562,136.6599884033203,131.33697509765625,143.13351440429688,131.83432006835938,130.4147186279297,157.12423706054688,90.15821075439453,216.0282745361328,66.053466796875,272.9808349609375,88.02262878417969,312.5489501953125,126.59066772460938,0
2646,215.15435791015625,148.9414520263672,493.2157897949219,149.55331420898438,132.3276824951172,163.092529296875,146.20606994628906,147.63319396972656,114.34752655029297,143.53529357910156,129.85987854003906,151.0413055419922,132.287109375,137.3177490234375,153.82614135742188,94.27401733398438,210.70823669433594,64.86128997802734,268.47802734375,82.02124786376953,311.27178955078125,116.66162872314453,0
2647,215.15321350097656,148.94403076171875,493.1734313964844,149.55819702148438,132.32086181640625,163.08924865722656,146.19651794433594,147.6404571533203,114.36071014404297,143.53538513183594,129.86814880371094,151.04446411132812,132.27981567382812,137.3104705810547,153.8402557373047,94.2236099243164,210.73011779785156,64.86284637451172,268.47760009765625,82.02468872070312,311.27227783203125,116.6627197265625,0
2648,215.03981018066406,148.49012756347656,493.1319580078125,149.50881958007812,127.62572479248047,171.4164581298828,143.51719665527344,156.2780303955078,113.06290435791016,153.80638122558594,128.33297729492188,158.89068603515625,129.59640502929688,146.26556396484375,150.74127197265625,99.5321044921875,202.25559997558594,63.45573425292969,260.5809631347656,77.42259979248047,306.8519287109375,111.38773345947266,0
2649,214.1570281982422,148.9029541015625,493.1025085449219,149.60281372070312,116.92733001708984,206.79037475585938,136.67474365234375,188.00387573242188,105.02499389648438,185.51173400878906,120.43128204345703,193.3421173095703,121.90338897705078,180.01327514648438,134.3704833984375,125.97784423828125,169.5049285888672,73.15572357177734,224.0973663330078,65.69068908691406,270.7895202636719,86.33220672607422,0
2650,214.4976806640625,148.55943298339844,493.1240234375,149.61782836914062,110.77423858642578,219.08416748046875,135.48733520507812,201.3655548095703,105.75391387939453,193.44985961914062,116.79060363769531,204.55783081054688,120.72821807861328,190.74256896972656,128.76937866210938,140.35336303710938,158.69810485839844,77.71334838867188,210.9882354736328,60.302490234375,265.5143737792969,72.142333984375,0
2651,214.49607849121094,149.02777099609375,492.9943542480469,149.53390502929688,107.92478942871094,231.2105712890625,137.6807403564453,212.6031951904297,106.9474105834961,201.5397186279297,116.540771484375,215.40142822265625,122.21312713623047,201.60984802246094,128.30421447753906,150.84152221679688,142.829345703125,84.19427490234375,189.82347106933594,61.11467742919922,234.4515838623047,62.072654724121094,0
2652,214.6767120361328,148.80897521972656,492.9873046875,149.529052734375,106.52216339111328,240.96939086914062,136.10935974121094,224.39358520507812,108.75104522705078,213.28131103515625,116.7344970703125,224.7261199951172,123.12510681152344,212.70384216308594,127.71380615234375,160.25363159179688,135.60025024414062,96.05826568603516,168.0182647705078,63.268516540527344,210.97056579589844,54.16306686401367,0
2653,214.55966186523438,148.89598083496094,493.0874328613281,149.5794677734375,111.71617889404297,268.5757141113281,138.88124084472656,246.06292724609375,109.73261260986328,236.32997131347656,119.77759552001953,249.21473693847656,124.4789810180664,235.05743408203125,129.65957641601562,179.5677032470703,141.66397094726562,116.81779479980469,175.30624389648438,74.66619110107422,213.03660583496094,61.53542709350586,0
2654,214.29331970214844,149.08990478515625,493.11920166015625,149.54884338378906,109.21726989746094,279.631591796875,139.41783142089844,258.156494140625,110.1296157836914,247.9784393310547,120.2599105834961,261.7105712890625,126.2554702758789,246.96075439453125,131.8525848388672,192.36416625976562,144.95335388183594,130.52316284179688,171.2633819580078,83.17433166503906,218.63568115234375,62.21937561035156,0
2655,214.3896026611328,149.47158813476562,493.0986328125,149.49302673339844,105.85970306396484,305.27459716796875,139.090576171875,283.4623107910156,111.22223663330078,269.13134765625,118.33784484863281,285.22918701171875,124.85769653320312,270.9869384765625,133.86749267578125,217.1649932861328,148.8911895751953,151.5786590576172,172.11184692382812,115.0460433959961,192.94309997558594,91.51876831054688,0
2656,214.32339477539062,149.46304321289062,493.0405578613281,149.48077392578125,105.85377502441406,305.1753845214844,139.14239501953125,283.2989196777344,111.35456848144531,269.22027587890625,118.35601043701172,285.2496032714844,124.7587890625,271.0680847167969,134.21981811523438,216.80270385742188,148.82554626464844,151.61001586914062,171.99623107910156,115.18909454345703,192.74771118164062,91.704833984375,0
2657,214.1851043701172,149.75132751464844,492.8685607910156,149.45790100097656,94.57572174072266,316.872802734375,135.06719970703125,296.35272216796875,110.12505340576172,282.0585021972656,113.99122619628906,297.0648498535156,123.78047180175781,283.5575866699219,133.71759033203125,229.1199188232422,140.2813262939453,162.41082763671875,168.509033203125,116.59104919433594,207.48193359375,90.73550415039062,0
2658,214.15713500976562,149.02999877929688,492.9042663574219,149.48182678222656,82.39881896972656,340.7167663574219,126.23609924316406,323.7380676269531,104.18067932128906,304.01568603515625,103.23554229736328,320.5809631347656,114.8187026977539,309.76141357421875,125.24290466308594,254.44281005859375,124.0927505493164,189.30238342285156,134.07107543945312,137.3202667236328,165.42681884765625,97.4222412109375,0
2659,214.2879180908203,148.9530792236328,493.0169982910156,149.33067321777344,80.74393463134766,351.4627685546875,122.29613494873047,334.0732116699219,97.85376739501953,313.9574279785156,100.02487182617188,330.9382629394531,110.38861083984375,319.00128173828125,123.63288116455078,267.9160461425781,130.57669067382812,199.3322296142578,130.45159912109375,145.70437622070312,159.14047241210938,100.47355651855469,0
2660,214.2395477294922,149.30076599121094,493.1347961425781,149.26544189453125,73.13387298583984,366.2705993652344,114.68128204345703,354.9223327636719,94.19631958007812,331.69744873046875,94.29096984863281,349.0461120605469,105.08023834228516,338.8565368652344,126.6346435546875,286.7928161621094,149.66983032226562,225.53646850585938,157.34312438964844,185.32595825195312,161.09486389160156,149.9036865234375,0
2661,214.2364501953125,149.300537109375,493.13446044921875,149.2662353515625,73.13390350341797,366.27056884765625,114.68208312988281,354.9209899902344,94.1983413696289,331.6968994140625,94.29139709472656,349.0455322265625,105.08385467529297,338.85302734375,126.6617431640625,286.742919921875,149.66856384277344,225.5411376953125,157.34075927734375,185.32708740234375,161.09835815429688,149.9042205810547,0
2662,214.611083984375,149.22518920898438,493.0309143066406,149.236083984375,74.2166976928711,374.62188720703125,116.46592712402344,362.12884521484375,95.090576171875,339.218505859375,94.3487777709961,357.1936340332031,106.77316284179688,346.4400634765625,130.17984008789062,300.20697021484375,157.9622039794922,235.0835418701172,170.8538818359375,201.1118621826172,176.24136352539062,171.11399841308594,0
2663,215.2312774658203,148.82431030273438,493.1056213378906,149.26324462890625,76.27037048339844,389.82281494140625,118.25029754638672,375.46331787109375,97.78315734863281,352.39617919921875,96.77079010009766,369.8304138183594,109.49020385742188,358.9097595214844,133.87998962402344,309.61260986328125,155.65011596679688,245.92251586914062,179.17430114746094,209.50238037109375,193.428466796875,176.322998046875,0
2664,214.6688232421875,148.53219604492188,493.08441162109375,149.29286193847656,77.49197387695312,395.7742614746094,118.57491302490234,380.3454284667969,97.9091567993164,359.1822814941406,95.6917953491211,377.3256530761719,109.87793731689453,365.43353271484375,129.4336700439453,315.4931640625,148.81338500976562,251.68641662597656,168.01145935058594,216.2264862060547,179.19032287597656,187.4973907470703,0
2665,214.33657836914062,148.7996063232422,493.20849609375,149.26121520996094,72.35010528564453,413.2199401855469,114.5088119506836,393.296142578125,90.32870483398438,372.4618835449219,92.32955932617188,390.63958740234375,103.0762710571289,377.67279052734375,118.89598083496094,330.1817626953125,136.7825927734375,265.0948181152344,141.2199249267578,227.2396240234375,140.9246368408203,183.6063690185547,0
2666,214.3404541015625,148.79815673828125,493.20916748046875,149.24803161621094,72.38363647460938,413.1914367675781,114.53042602539062,393.11016845703125,90.6784896850586,372.460693359375,92.50818634033203,390.6152648925781,103.24099731445312,377.7355041503906,119.09751892089844,329.85089111328125,136.90792846679688,265.1436462402344,141.22299194335938,227.1959228515625,140.9339141845703,183.61505126953125,0
2667,214.4219970703125,148.94497680664062,493.16119384765625,149.22280883789062,69.5510482788086,416.1728210449219,112.31712341308594,394.8890075683594,89.18658447265625,374.92462158203125,90.2874984741211,392.1473083496094,100.83197021484375,379.90863037109375,117.49647521972656,334.46990966796875,139.4977569580078,270.5451354980469,141.87559509277344,225.42051696777344,133.52903747558594,172.22854614257812,0
2668,214.3658905029297,148.82249450683594,493.1447448730469,149.32772827148438,77.82514953613281,417.4410400390625,116.13175964355469,395.3013000488281,91.72624206542969,376.8216247558594,94.76521301269531,394.2633972167969,104.39513397216797,381.0124206542969,122.1955795288086,338.24139404296875,155.48536682128906,283.8317565917969,169.95071411132812,254.72109985351562,179.00131225585938,224.0438690185547,0
2669,214.36962890625,148.75538635253906,493.1824035644531,149.27944946289062,81.4740982055664,417.8877868652344,120.49662780761719,394.2649841308594,96.46176147460938,376.35992431640625,99.16910552978516,393.19854736328125,109.47978973388672,380.8728942871094,128.60934448242188,336.62066650390625,160.56622314453125,284.3657531738281,188.60089111328125,255.44232177734375,204.1047821044922,217.13592529296875,0
2670,214.33645629882812,148.65054321289062,493.1972961425781,149.296875,93.27086639404297,418.75909423828125,127.3924560546875,394.9483642578125,99.86691284179688,377.50872802734375,107.7186508178711,393.59259033203125,113.33903503417969,380.8189392089844,131.4737091064453,336.8642272949219,162.1370849609375,285.79608154296875,196.58901977539062,258.867431640625,210.6521759033203,221.0858917236328,0
2671,214.335205078125,148.64927673339844,493.1913146972656,149.30984497070312,93.27080535888672,418.7556457519531,127.37586212158203,394.9571228027344,99.88076782226562,377.5182189941406,107.72607421875,393.6022033691406,113.31844329833984,380.8157958984375,131.5989532470703,336.9373474121094,162.10462951660156,285.7922668457031,196.58578491210938,258.8789978027344,210.65298461914062,221.0821533203125,0
2672,214.23678588867188,148.62847900390625,493.1359558105469,149.27581787109375,104.4953842163086,416.1462097167969,133.45989990234375,390.8045654296875,103.75768280029297,379.3901062011719,113.39952850341797,393.1252136230469,117.72341918945312,379.8399963378906,130.96646118164062,335.6647644042969,160.85891723632812,284.7893371582031,193.84947204589844,257.2947692871094,205.9966278076172,219.4352569580078,0
2673,214.2253875732422,148.6352081298828,493.15496826171875,149.30882263183594,120.1473388671875,413.7734375,141.47096252441406,385.8520812988281,108.6337890625,383.9570617675781,123.28746795654297,391.83099365234375,124.37549591064453,378.6044616699219,129.7560272216797,332.21099853515625,162.19793701171875,282.6024475097656,198.18670654296875,253.58279418945312,213.78384399414062,212.9167022705078,0
2674,214.0528106689453,148.5179443359375,493.1137390136719,149.33779907226562,123.19051361083984,417.7509460449219,144.36204528808594,385.5679626464844,112.39082336425781,384.81805419921875,125.81015014648438,393.10968017578125,127.88670349121094,378.6928405761719,130.96983337402344,331.6925048828125,161.84022521972656,281.17767333984375,201.34329223632812,250.6748046875,218.52688598632812,213.94033813476562,0
2675,214.15963745117188,148.36537170410156,493.13934326171875,149.3090057373047,128.19448852539062,425.85467529296875,147.8950653076172,393.5614318847656,117.45551300048828,394.06591796875,130.17105102539062,402.42724609375,131.9481658935547,386.5937805175781,134.0595703125,337.2125549316406,158.1811065673828,281.8864440917969,202.7605743408203,247.57229614257812,235.65802001953125,216.47467041015625,0
2676,214.13046264648438,148.31678771972656,493.1607360839844,149.38223266601562,128.19424438476562,425.85223388671875,147.9111328125,393.531005859375,117.42500305175781,394.0373840332031,130.16015625,402.4065246582031,131.9395294189453,386.6336364746094,133.96286010742188,337.2527770996094,158.1782684326172,281.8944091796875,202.66172790527344,247.62664794921875,235.51931762695312,216.54531860351562,0
2677,214.1392364501953,148.35691833496094,493.1488342285156,149.26805114746094,129.89208984375,433.6952209472656,148.9583282470703,397.4901123046875,117.64659881591797,396.917236328125,131.31478881835938,407.4212341308594,132.8099822998047,391.7198181152344,133.37109375,339.6883239746094,157.18380737304688,282.8543395996094,209.29493713378906,241.3731689453125,253.72694396972656,204.4846649169922,0
2678,214.1312713623047,148.6841583251953,493.2311706542969,149.3008270263672,131.34652709960938,449.8182678222656,151.22103881835938,407.85498046875,119.45903778076172,409.7284851074219,133.97750854492188,420.5605163574219,134.99468994140625,403.5564880371094,131.76651000976562,350.62457275390625,150.07171630859375,290.0224914550781,198.3793182373047,255.5705108642578,243.29254150390625,228.21095275878906,0
2679,214.14915466308594,148.56922912597656,493.2529296875,149.23863220214844,131.55015563964844,453.6265563964844,152.272705078125,410.3739318847656,119.52832794189453,411.4654235839844,134.64718627929688,422.9696350097656,136.18234252929688,406.05108642578125,132.15003967285156,355.5988464355469,140.63037109375,297.89794921875,185.87448120117188,263.26007080078125,231.9681396484375,235.55113220214844,0
2680,214.1302947998047,148.55026245117188,493.1949462890625,149.33644104003906,133.82774353027344,456.4403381347656,153.51547241210938,411.0863952636719,120.36212158203125,412.34600830078125,136.17335510253906,423.82403564453125,137.57235717773438,407.295654296875,129.6504669189453,356.94854736328125,128.43531799316406,300.0003356933594,155.226318359375,264.6512451171875,195.99075317382812,232.11280822753906,0
2681,214.13258361816406,148.5277557373047,493.2335205078125,149.39234924316406,134.5653533935547,453.8761291503906,154.2978057861328,409.373046875,120.22624206542969,410.89117431640625,135.94268798828125,422.9544982910156,137.32481384277344,405.1846923828125,127.60289764404297,354.7433776855469,125.94747924804688,295.9731140136719,156.5111541748047,255.9061737060547,200.15037536621094,221.43380737304688,0
2682,214.0663299560547,148.5835418701172,493.1830139160156,149.44461059570312,130.36170959472656,453.86041259765625,152.7965850830078,410.7012023925781,120.24502563476562,410.5738830566406,135.23487854003906,423.7116394042969,137.03347778320312,406.49859619140625,128.37722778320312,355.2795715332031,123.5691146850586,294.8509826660156,146.8074951171875,256.1285095214844,197.70753479003906,215.76116943359375,0
2683,214.07066345214844,148.58506774902344,493.1797180175781,149.44769287109375,130.37252807617188,453.8572692871094,152.76922607421875,410.6153259277344,120.2015380859375,410.54351806640625,135.23081970214844,423.634521484375,136.9563751220703,406.44036865234375,128.1372528076172,355.1142272949219,123.57463836669922,294.85003662109375,146.696044921875,256.25067138671875,197.8290252685547,215.6306915283203,0
2684,213.92825317382812,148.51165771484375,493.1569519042969,149.42515563964844,130.85842895507812,455.5783996582031,152.0953826904297,411.2095947265625,119.94966888427734,412.6729736328125,134.9168701171875,424.3194580078125,136.13311767578125,407.67950439453125,127.98433685302734,355.7134704589844,123.48663330078125,295.7037353515625,149.71792602539062,251.13519287109375,192.3304443359375,213.068603515625,0
2685,214.0628204345703,148.53587341308594,493.19085693359375,149.52342224121094,131.23623657226562,455.3503112792969,151.707763671875,410.5724182128906,119.5194091796875,412.27789306640625,134.63697814941406,423.8162841796875,135.96807861328125,407.3304748535156,128.069091796875,355.67333984375,123.26776123046875,297.6376037597656,147.8972930908203,258.7008972167969,194.46923828125,221.99728393554688,0
2686,214.05799865722656,148.53570556640625,493.1867370605469,149.52320861816406,131.23155212402344,455.34918212890625,151.64529418945312,410.5185852050781,119.52131652832031,412.23443603515625,134.64747619628906,423.7896728515625,135.91665649414062,407.2294006347656,127.99908447265625,355.4725646972656,123.26893615722656,297.6338195800781,147.77316284179688,258.7823181152344,194.53933715820312,222.1732177734375,0
2687,214.1266632080078,148.5694580078125,493.23150634765625,149.55380249023438,133.07968139648438,451.5702819824219,150.78541564941406,410.4437255859375,117.99491882324219,413.0340576171875,134.05323791503906,423.3216857910156,134.64492797851562,407.0087585449219,127.06891632080078,355.5191650390625,122.99046325683594,297.9700012207031,153.29776000976562,254.88026428222656,198.68551635742188,220.4854278564453,0
2688,214.15428161621094,148.55447387695312,493.3004150390625,149.52264404296875,126.44098663330078,452.9580993652344,148.73464965820312,411.1592712402344,115.5335464477539,411.33526611328125,130.6184844970703,422.9540710449219,132.1411590576172,406.0832824707031,127.38981628417969,354.80322265625,123.48209381103516,297.48614501953125,151.93312072753906,254.53118896484375,196.2891082763672,219.94552612304688,0
2689,214.17584228515625,148.4730682373047,493.2655029296875,149.57286071777344,124.1163558959961,453.8091125488281,147.57437133789062,410.8882141113281,113.37340545654297,411.5457763671875,128.9810791015625,423.3598937988281,130.2617645263672,406.17156982421875,126.83167266845703,354.52008056640625,124.5108413696289,297.0074462890625,153.0239715576172,254.0017547607422,197.79978942871094,220.626708984375,0
2690,214.0861053466797,148.4459991455078,493.1794128417969,149.5393829345703,116.92112731933594,458.02386474609375,144.19297790527344,415.06048583984375,109.5131607055664,410.8160400390625,124.21367645263672,426.178466796875,127.2633285522461,409.0523376464844,125.70681762695312,357.612060546875,124.06446075439453,299.32275390625,152.1966552734375,257.79833984375,198.71893310546875,225.44061279296875,0
2691,214.08798217773438,148.44705200195312,493.16717529296875,149.5498504638672,116.92188262939453,458.0230712890625,144.18820190429688,415.0594787597656,109.52275085449219,410.812744140625,124.21722412109375,426.1793212890625,127.26194763183594,409.04461669921875,125.71113586425781,357.61773681640625,124.05753326416016,299.32769775390625,152.1764678955078,257.8200988769531,198.62442016601562,225.51341247558594,0
2692,214.2257080078125,148.522216796875,493.1552734375,149.4743194580078,111.7718276977539,468.8005676269531,143.44203186035156,422.3755187988281,106.88251495361328,416.3385925292969,119.94246673583984,434.0469055175781,125.25457763671875,415.72479248046875,125.52677917480469,367.75201416015625,127.90186309814453,311.8832702636719,146.28541564941406,270.6218566894531,180.81646728515625,242.3966522216797,0
2693,214.26373291015625,148.537841796875,493.0798645019531,149.47789001464844,111.79256439208984,468.7763671875,143.4779052734375,422.3492431640625,106.84932708740234,416.2117004394531,119.97318267822266,434.00177001953125,125.2835922241211,415.68853759765625,125.53768157958984,367.7447509765625,127.8934555053711,311.85858154296875,146.32550048828125,270.56610107421875,180.83656311035156,242.39476013183594,0
2694,214.3345489501953,148.74044799804688,492.99591064453125,149.4728546142578,109.5364990234375,467.6199035644531,143.54586791992188,424.3195495605469,108.82062530517578,415.854248046875,120.16266632080078,434.358642578125,124.7978286743164,416.6114807128906,133.80633544921875,373.2675476074219,144.5200958251953,317.46539306640625,154.29795837402344,278.23614501953125,174.0552978515625,248.91444396972656,0
2695,214.24142456054688,148.68060302734375,493.05108642578125,149.47486877441406,108.59252166748047,472.41943359375,143.43545532226562,427.44964599609375,108.53080749511719,417.055419921875,119.98336029052734,436.3389892578125,125.75139617919922,419.3028564453125,135.82330322265625,373.879150390625,147.1002655029297,318.3022155761719,165.5646209716797,271.2674255371094,199.96463012695312,223.88401794433594,0
2696,214.008544921875,148.74209594726562,493.2581481933594,149.5138397216797,110.26594543457031,482.5989990234375,142.07550048828125,436.1225280761719,107.59211730957031,425.6593933105469,119.40797424316406,447.0133972167969,124.28699493408203,427.75732421875,134.8849639892578,381.037353515625,147.85018920898438,321.84356689453125,172.3221893310547,265.550537109375,210.4855194091797,211.55897521972656,0
2697,214.0093536376953,148.7398223876953,493.258056640625,149.51402282714844,110.26337432861328,482.60430908203125,142.07786560058594,436.1147766113281,107.66163635253906,425.5604248046875,119.44157409667969,446.96673583984375,124.282470703125,427.745849609375,134.8815155029297,381.0072021484375,147.85018920898438,321.8427429199219,172.32261657714844,265.54913330078125,210.49542236328125,211.55160522460938,0
2698,214.24151611328125,148.55322265625,493.13153076171875,149.58953857421875,109.73707580566406,486.4671630859375,143.3074493408203,438.7205505371094,107.61356353759766,429.1097717285156,120.080322265625,448.5126953125,124.92765045166016,430.6918640136719,133.90005493164062,384.0744323730469,145.8211212158203,324.98480224609375,170.98756408691406,267.2164611816406,209.6751251220703,215.13156127929688,0
2699,214.30990600585938,148.5113983154297,493.0932312011719,149.6001434326172,109.98250579833984,493.65045166015625,141.74778747558594,442.2627258300781,104.24117279052734,435.876708984375,119.75477600097656,457.25006103515625,123.60490417480469,438.156494140625,133.676025390625,387.59503173828125,144.45782470703125,329.9244689941406,165.75839233398438,272.8713073730469,200.31069946289062,217.1861114501953,0
2700,214.19512939453125,148.5619659423828,493.04833984375,149.5439453125,108.71929931640625,494.03863525390625,143.35133361816406,444.5466613769531,105.89620971679688,435.83880615234375,118.68951416015625,457.7171936035156,124.2256851196289,439.61602783203125,135.17669677734375,390.674560546875,144.80970764160156,333.6568908691406,167.00653076171875,279.1448669433594,200.40699768066406,219.1008758544922,0
2701,214.20907592773438,148.63172912597656,493.0718994140625,149.56942749023438,108.20486450195312,495.3223571777344,142.64923095703125,446.1943664550781,105.82293701171875,436.517333984375,119.00164794921875,459.3326721191406,124.01480865478516,440.3807067871094,136.31686401367188,391.9549560546875,144.52218627929688,336.068115234375,168.435546875,279.72503662109375,200.821044921875,224.52337646484375,0
2702,214.23809814453125,148.59158325195312,493.046875,149.52992248535156,108.19414520263672,495.3246154785156,143.75901794433594,445.3343200683594,105.81732177734375,436.52032470703125,119.01544189453125,459.3622741699219,124.02314758300781,440.4403381347656,136.2872314453125,391.97540283203125,144.5277099609375,336.06402587890625,168.43931579589844,279.7217102050781,200.82408142089844,224.5142822265625,0
2703,214.1897430419922,148.5458526611328,492.9696350097656,149.49359130859375,103.86225891113281,491.6824645996094,137.16375732421875,443.0792236328125,103.92317199707031,433.7184143066406,113.3565444946289,456.5699157714844,120.90959930419922,440.0052185058594,137.263916015625,391.79083251953125,145.17947387695312,336.4542236328125,168.69618225097656,279.35052490234375,196.6928253173828,218.20657348632812,0
2704,214.26800537109375,148.66116333007812,493.0998229980469,149.4053497314453,99.4394760131836,497.73016357421875,137.15054321289062,448.9527893066406,101.35588073730469,438.0426330566406,110.49768829345703,462.75439453125,117.97998809814453,444.1189880371094,133.86378479003906,396.279541015625,146.47010803222656,341.3343505859375,172.22216796875,282.5484924316406,199.19400024414062,220.19900512695312,0
2705,214.30218505859375,148.7701873779297,493.1411437988281,149.43267822265625,102.15316772460938,503.82818603515625,135.74581909179688,451.1612243652344,100.1063003540039,444.3387451171875,110.85891723632812,465.6282043457031,118.07089233398438,447.31134033203125,132.62600708007812,398.0306701660156,146.00938415527344,343.2099609375,172.5270233154297,284.9654846191406,199.22128295898438,222.65008544921875,0
2706,214.316650390625,148.62667846679688,493.099609375,149.38394165039062,103.10646057128906,510.0087890625,134.31016540527344,458.89654541015625,100.48533630371094,450.02227783203125,112.69093322753906,472.17047119140625,117.5712890625,455.3460998535156,132.4275360107422,400.78839111328125,144.211181640625,344.71710205078125,170.0581817626953,285.8927917480469,200.2411651611328,227.76107788085938,0
2707,214.30276489257812,148.6174774169922,493.1306457519531,149.37567138671875,102.9645767211914,509.9263000488281,134.4365997314453,458.8900451660156,100.54964447021484,449.8635559082031,112.5867919921875,472.0816650390625,117.65857696533203,455.06793212890625,132.35302734375,400.7432861328125,144.23313903808594,344.69244384765625,170.06507873535156,285.9085998535156,200.2490997314453,227.7632598876953,0
2708,214.32936096191406,148.5289764404297,493.1971740722656,149.62974548339844,104.25906372070312,510.8345031738281,134.781982421875,459.3824157714844,100.7327651977539,450.2225036621094,111.71044921875,473.544677734375,117.92170715332031,454.6627502441406,133.01708984375,400.41748046875,143.5883026123047,348.2642822265625,168.5930938720703,288.581787109375,199.6055450439453,229.51646423339844,0
2709,214.34950256347656,148.73178100585938,493.25274658203125,149.37603759765625,107.46666717529297,504.3770751953125,141.05926513671875,452.4193115234375,103.99050903320312,446.7251281738281,117.99645233154297,469.48150634765625,121.56597900390625,450.5687561035156,135.0707550048828,401.907470703125,143.85128784179688,351.0966491699219,167.44589233398438,292.4173278808594,200.23675537109375,231.78192138671875,0
2710,214.23931884765625,148.5934600830078,493.1988525390625,149.5774688720703,107.9548110961914,501.3404541015625,144.7047882080078,451.38336181640625,105.42456817626953,444.1144714355469,118.85740661621094,466.07135009765625,122.8020248413086,446.49853515625,136.73582458496094,401.2308654785156,145.43096923828125,349.3495178222656,168.156982421875,289.8258361816406,200.66131591796875,229.89450073242188,0
2711,214.22410583496094,148.60147094726562,493.38751220703125,149.4571075439453,111.44768524169922,495.3584899902344,145.9305877685547,444.5075378417969,105.62291717529297,438.4197692871094,121.02362060546875,458.8265686035156,125.65019989013672,439.8354187011719,136.71435546875,393.19171142578125,147.97821044921875,343.0268859863281,175.4510498046875,283.559326171875,203.14486694335938,224.4264373779297,0
2712,214.32315063476562,148.6042022705078,493.3460388183594,149.40521240234375,111.45663452148438,495.3570251464844,145.90444946289062,444.4715881347656,105.66455841064453,438.3529052734375,120.98391723632812,458.8765563964844,125.61384582519531,439.82745361328125,136.74691772460938,393.0638427734375,147.98155212402344,343.0316467285156,175.37319946289062,283.67938232421875,203.18182373046875,224.5436248779297,0
2713,214.3188018798828,148.55796813964844,493.3143005371094,149.3387451171875,115.0638656616211,492.7555847167969,146.93344116210938,441.3607177734375,107.37451171875,436.0155334472656,122.38398742675781,456.5777893066406,126.85150909423828,437.74578857421875,136.6120147705078,390.05279541015625,148.713623046875,332.68896484375,176.8428497314453,275.55706787109375,206.7678985595703,216.65164184570312,0
2714,214.2023162841797,148.5466766357422,493.288818359375,149.35699462890625,131.63600158691406,478.0096740722656,151.13731384277344,424.51153564453125,114.60689544677734,429.15301513671875,131.686279296875,442.807861328125,132.3946075439453,425.5975646972656,132.020263671875,372.3344421386719,146.4394073486328,315.4632873535156,172.9867706298828,264.42767333984375,201.17933654785156,211.7991943359375,0
2715,214.17674255371094,148.2708282470703,493.19854736328125,149.4256591796875,135.43093872070312,469.94500732421875,151.52151489257812,413.73919677734375,115.93344116210938,422.7030029296875,134.31594848632812,432.9840393066406,132.6318817138672,415.6526794433594,129.4647216796875,361.134521484375,148.78936767578125,307.9657287597656,176.98165893554688,253.57398986816406,206.553955078125,198.94053649902344,0
2716,214.4446258544922,148.48959350585938,493.1376037597656,149.32061767578125,137.39544677734375,442.0220031738281,149.97531127929688,393.0958251953125,117.42626953125,399.22589111328125,134.2930450439453,407.957763671875,131.8527374267578,391.3026428222656,129.73318481445312,346.21966552734375,156.81288146972656,298.4339294433594,193.092041015625,251.72946166992188,217.95240783691406,203.8052520751953,0
2717,214.44497680664062,148.4898223876953,493.1376953125,149.32057189941406,137.39974975585938,441.991943359375,150.00941467285156,392.9455261230469,117.41397857666016,399.1832275390625,134.26412963867188,407.9903564453125,131.86624145507812,391.3229064941406,129.40362548828125,345.9451904296875,156.81396484375,298.4642333984375,193.0914306640625,251.72702026367188,217.95193481445312,203.80528259277344,0
2718,214.33123779296875,148.48971557617188,493.1233825683594,149.29464721679688,136.24913024902344,430.37493896484375,151.55252075195312,385.8524475097656,119.46410369873047,389.50396728515625,135.04074096679688,398.93658447265625,133.6463623046875,383.51202392578125,131.0862579345703,334.9139709472656,153.8829345703125,285.4598083496094,200.26235961914062,240.0563507080078,226.98526000976562,198.16477966308594,0
2719,214.1581573486328,148.32931518554688,493.135498046875,149.47267150878906,148.767578125,418.13031005859375,156.44122314453125,380.1580505371094,123.96188354492188,388.6760559082031,142.01283264160156,391.96075439453125,139.38865661621094,378.18096923828125,136.36573791503906,329.6319274902344,157.82835388183594,275.9209899902344,204.29006958007812,229.37509155273438,241.7833251953125,187.18853759765625,0
2720,214.18594360351562,148.33090209960938,493.1003112792969,149.3733367919922,148.77088928222656,418.1452331542969,156.4585418701172,380.1475524902344,123.96328735351562,388.65533447265625,142.01429748535156,391.94696044921875,139.438720703125,378.0596923828125,136.5458221435547,328.9977722167969,157.9406280517578,275.8126525878906,204.31088256835938,229.40818786621094,241.81185913085938,187.22412109375,0
2721,214.36434936523438,148.54217529296875,493.1545104980469,149.35403442382812,152.78526306152344,417.1642761230469,157.83975219726562,379.1736755371094,125.98362731933594,391.08551025390625,144.43045043945312,392.702392578125,142.0692596435547,377.96087646484375,136.6902618408203,329.4683532714844,155.98287963867188,276.23284912109375,199.4961700439453,229.2174072265625,238.8755645751953,187.50518798828125,0
2722,214.14952087402344,148.48199462890625,493.302001953125,149.31539916992188,161.98731994628906,408.10186767578125,166.86451721191406,382.1878967285156,138.25827026367188,396.1589660644531,155.88926696777344,391.8743591308594,151.52041625976562,383.4308166503906,138.90606689453125,336.6193542480469,146.9815216064453,276.9637756347656,178.87721252441406,229.35879516601562,212.42735290527344,196.4619598388672,0
2723,214.13731384277344,148.40135192871094,493.17449951171875,149.49708557128906,159.85879516601562,402.1062316894531,170.6527099609375,383.8413391113281,140.38442993164062,397.0013427734375,157.2279052734375,393.49615478515625,153.46221923828125,383.9472351074219,139.6746826171875,338.7087097167969,144.9193878173828,277.88848876953125,175.91244506835938,232.3861541748047,210.23199462890625,198.67930603027344,0
2724,214.22410583496094,148.52407836914062,493.3681335449219,149.586669921875,163.45849609375,400.5001525878906,171.42945861816406,383.9645690917969,142.96865844726562,397.6152038574219,158.30474853515625,392.3077087402344,153.31182861328125,383.54364013671875,139.4728240966797,340.6036376953125,140.8637237548828,279.8540344238281,173.2108917236328,235.77853393554688,209.7834014892578,202.03785705566406,0
2725,214.13511657714844,148.65621948242188,493.3145446777344,149.513916015625,168.4143524169922,409.3623352050781,172.9122314453125,385.8097839355469,143.65768432617188,400.4796142578125,160.44944763183594,396.46038818359375,155.6262969970703,385.9137878417969,138.20050048828125,342.983154296875,137.77301025390625,281.5747375488281,167.32284545898438,237.44754028320312,212.4291229248047,204.05624389648438,0
2726,214.08131408691406,148.69041442871094,493.3730163574219,149.6588134765625,170.47479248046875,418.0014343261719,176.5780792236328,396.546630859375,147.7510223388672,409.86639404296875,166.38902282714844,407.3972473144531,159.67279052734375,396.81707763671875,141.00515747070312,347.05987548828125,134.5591583251953,287.37139892578125,164.09754943847656,242.03900146484375,206.8218231201172,204.6152801513672,0
2727,214.08534240722656,148.69004821777344,493.3848571777344,149.66366577148438,170.3890838623047,417.9776611328125,176.57778930664062,396.4476623535156,147.68138122558594,409.7195739746094,166.3278350830078,407.306884765625,159.60902404785156,396.5775146484375,140.90872192382812,346.7809753417969,134.56346130371094,287.35357666015625,164.10806274414062,241.98709106445312,206.82192993164062,204.60658264160156,0
2728,214.05409240722656,148.56161499023438,493.2919921875,149.61532592773438,175.5470733642578,418.60504150390625,177.43646240234375,396.9007873535156,150.557373046875,412.68560791015625,168.67501831054688,408.6960144042969,162.4334716796875,398.4679870605469,142.06240844726562,349.48846435546875,131.92446899414062,291.1788330078125,162.0291290283203,243.8963165283203,209.20208740234375,207.7962646484375,0
2729,214.2078399658203,148.51174926757812,493.23016357421875,149.57528686523438,182.2256622314453,423.0027160644531,181.80152893066406,393.9478454589844,155.7621612548828,410.686279296875,172.58982849121094,406.5295715332031,166.7439727783203,395.9783630371094,142.8560028076172,349.2711181640625,126.11170196533203,294.7588806152344,149.941650390625,246.5958251953125,195.94143676757812,208.39491271972656,0
2730,214.14329528808594,148.56744384765625,493.2823181152344,149.56216430664062,184.0579071044922,423.8858337402344,180.96969604492188,392.4529113769531,155.11795043945312,409.91668701171875,172.5830535888672,405.85662841796875,166.23008728027344,394.4998779296875,142.3753662109375,348.5527038574219,125.98516845703125,294.3521423339844,150.24359130859375,242.71458435058594,195.10861206054688,203.87376403808594,0
2731,214.2865753173828,148.6359405517578,493.2762756347656,149.46743774414062,191.18838500976562,403.0301513671875,181.34730529785156,381.2414855957031,158.5018768310547,407.4713439941406,176.60386657714844,395.4766540527344,167.7177276611328,389.1907653808594,142.45521545410156,348.7026062011719,127.89868927001953,293.40557861328125,152.24517822265625,246.86318969726562,198.3319854736328,212.998291015625,0
2732,214.13699340820312,148.47747802734375,493.2432861328125,149.39295959472656,198.74542236328125,394.59222412109375,183.32911682128906,377.57244873046875,166.5868682861328,405.06903076171875,183.92129516601562,392.638916015625,171.87680053710938,386.4104919433594,142.6322479248047,347.1315612792969,125.88771057128906,292.5558776855469,155.89739990234375,244.80340576171875,208.3912353515625,213.69384765625,0
2733,214.1727294921875,148.5091094970703,493.19580078125,149.4043426513672,198.75674438476562,394.5946350097656,183.33148193359375,377.646484375,166.5900421142578,405.0656433105469,183.95635986328125,392.669921875,171.954345703125,386.4522399902344,142.0100555419922,347.8063049316406,125.89312744140625,292.589111328125,155.86972045898438,244.8192901611328,208.42127990722656,213.67591857910156,0
2734,214.2405242919922,148.42147827148438,493.1905822753906,149.57872009277344,202.353515625,388.2223815917969,186.15798950195312,373.2068786621094,169.3822479248047,402.54541015625,185.65054321289062,387.188720703125,174.7066192626953,381.5268249511719,141.3341064453125,344.9840087890625,124.96381378173828,292.8437805175781,155.2351837158203,244.63790893554688,208.36419677734375,216.07089233398438,0
2735,214.180419921875,148.2810821533203,493.3298645019531,149.50765991210938,210.38031005859375,377.806640625,187.6134033203125,365.7639465332031,177.88624572753906,396.0240478515625,191.65618896484375,380.1743469238281,178.78622436523438,376.2170104980469,138.7913360595703,345.83392333984375,118.98595428466797,295.6446838378906,145.31350708007812,250.16294860839844,194.54827880859375,226.80050659179688,0
2736,214.21595764160156,148.45045471191406,493.3780822753906,149.4768524169922,220.78868103027344,371.1102600097656,194.31295776367188,358.22589111328125,187.85760498046875,390.6072692871094,199.57887268066406,372.65875244140625,185.06854248046875,370.9393005371094,139.25680541992188,348.1782531738281,116.92991638183594,301.7234802246094,139.40672302246094,261.5218811035156,181.8878631591797,243.8342742919922,0
2737,214.21168518066406,148.4538116455078,493.3735656738281,149.45887756347656,220.7746124267578,371.099609375,194.22503662109375,358.1880798339844,187.8045654296875,390.5110168457031,199.44503784179688,372.612548828125,184.85455322265625,370.8670349121094,139.07778930664062,348.1976623535156,116.92391204833984,301.71429443359375,139.35800170898438,261.54205322265625,181.8291778564453,244.05796813964844,0
2738,214.4089813232422,148.6687774658203,493.2405090332031,149.39694213867188,231.08787536621094,367.0306091308594,201.59532165527344,353.0340270996094,198.7581787109375,387.0499267578125,207.44020080566406,367.8197021484375,191.2568817138672,368.6980895996094,142.92247009277344,347.90875244140625,116.92736053466797,303.0737609863281,145.7748260498047,265.68927001953125,189.3147430419922,249.09231567382812,0
2739,214.3509521484375,148.63868713378906,493.2156677246094,149.36752319335938,256.64105224609375,363.5676574707031,225.057861328125,350.8715515136719,221.24456787109375,382.9811706542969,232.03475952148438,365.0550842285156,216.5836944580078,364.4465026855469,164.10963439941406,352.9858703613281,121.41561889648438,322.6200866699219,142.68553161621094,276.0354919433594,187.3004608154297,248.88711547851562,0
2740,214.4189910888672,148.75572204589844,493.1591796875,149.2547607421875,272.6134338378906,365.1749267578125,241.3975067138672,352.2252502441406,238.10931396484375,384.9029235839844,248.16940307617188,366.8439636230469,233.1529998779297,367.805908203125,179.50625610351562,357.913818359375,128.32835388183594,332.85601806640625,138.26390075683594,281.3238830566406,179.77281188964844,248.60267639160156,0
2741,214.40040588378906,148.7117462158203,493.2079162597656,149.41404724121094,302.97784423828125,366.83966064453125,274.4822692871094,350.8185119628906,270.1842041015625,384.9674987792969,279.44696044921875,366.3160095214844,264.1358337402344,365.0119934082031,215.68736267089844,362.17730712890625,159.04156494140625,352.7312927246094,150.64447021484375,294.88873291015625,182.04226684570312,242.84068298339844,0
2742,214.4132843017578,148.71031188964844,493.1248779296875,149.3872833251953,302.9861145019531,366.8455810546875,274.4739074707031,350.8326110839844,270.2262878417969,384.96685791015625,279.4546813964844,366.3470764160156,264.2005920410156,365.1072692871094,215.26771545410156,362.06561279296875,159.0325927734375,352.8139953613281,150.60562133789062,294.8888854980469,182.04884338378906,242.8423614501953,0
2743,214.4271697998047,148.61749267578125,493.16796875,149.4325714111328,318.1072082519531,365.5591735839844,286.80352783203125,352.1788330078125,285.1273498535156,383.89849853515625,293.6111145019531,366.0860290527344,278.23626708984375,366.724609375,229.52301025390625,361.8890686035156,174.1197509765625,350.4620056152344,152.9258270263672,308.1907958984375,173.68756103515625,259.6258239746094,0
2744,214.4022216796875,148.67901611328125,493.1922912597656,149.56138610839844,343.9790344238281,373.0085144042969,312.5118408203125,359.7640380859375,311.4949645996094,392.1205749511719,319.9681701660156,373.38372802734375,304.28790283203125,373.765380859375,252.3391876220703,365.7881774902344,200.24029541015625,344.74749755859375,176.882080078125,311.38043212890625,197.8192138671875,274.97259521484375,0
2745,214.5336151123047,148.77435302734375,493.1654357910156,149.4448699951172,357.8536376953125,378.54864501953125,326.69085693359375,359.99005126953125,322.3604736328125,393.84051513671875,331.7377014160156,374.9449157714844,315.95245361328125,374.4032287597656,262.6894226074219,363.4994201660156,209.93775939941406,344.8656311035156,185.77114868164062,309.73406982421875,207.96519470214844,269.356201171875,0
2746,214.5484161376953,148.6173858642578,493.2030029296875,149.5458526611328,368.5966796875,382.1416931152344,336.389892578125,359.8467102050781,328.9927673339844,393.9713439941406,342.267578125,376.0482482910156,326.0321350097656,374.6334228515625,272.55804443359375,363.8962707519531,216.68630981445312,351.26055908203125,188.27313232421875,318.0575866699219,202.12399291992188,272.7967224121094,0
2747,214.54620361328125,148.61871337890625,493.1695556640625,149.54786682128906,368.5937194824219,382.1798400878906,336.57501220703125,359.80914306640625,329.0906677246094,393.9672546386719,342.33612060546875,376.0806579589844,326.20758056640625,374.576904296875,272.85711669921875,363.85321044921875,216.67967224121094,351.260986328125,188.27490234375,318.0611267089844,202.12440490722656,272.7957763671875,0
2748,214.47598266601562,148.66207885742188,493.0517578125,149.4964599609375,385.7637634277344,383.35003662109375,353.03558349609375,361.21160888671875,345.0235595703125,395.3288269042969,358.2515563964844,377.390380859375,342.44219970703125,376.55828857421875,290.4525146484375,370.2664489746094,234.12564086914062,365.79534912109375,190.77406311035156,347.1800842285156,184.45494079589844,289.7771911621094,0
2749,214.33853149414062,148.7733612060547,492.9827575683594,149.40599060058594,403.1578369140625,381.21929931640625,368.354248046875,362.2142639160156,365.0206604003906,395.6023254394531,375.7342834472656,377.38714599609375,359.9254455566406,377.9776916503906,308.474853515625,374.18804931640625,250.24435424804688,368.68035888671875,202.86927795410156,353.3936767578125,189.39718627929688,296.47064208984375,0
2750,214.307373046875,148.80189514160156,493.0057678222656,149.3083038330078,411.3434143066406,374.52239990234375,379.1767883300781,360.83282470703125,377.46612548828125,393.53143310546875,387.3549499511719,374.4920349121094,370.5810546875,375.78668212890625,320.80865478515625,372.14691162109375,262.4897155761719,361.3253173828125,222.7454071044922,350.5787353515625,205.5382537841797,291.2588195800781,0
2751,214.5432586669922,148.67897033691406,492.9553527832031,149.32675170898438,435.9519958496094,368.98809814453125,405.5064392089844,353.58367919921875,405.5281066894531,388.079345703125,412.1009216308594,367.8117980957031,395.86346435546875,368.903564453125,342.7098693847656,365.3153076171875,288.183837890625,349.9574279785156,246.85403442382812,327.64599609375,232.05662536621094,273.0335998535156,0
2752,214.53269958496094,148.69021606445312,492.91876220703125,149.28213500976562,435.93524169921875,369.00927734375,405.75775146484375,353.7232666015625,405.5521240234375,388.01800537109375,412.2994079589844,367.8506774902344,396.5252380371094,369.28411865234375,342.63116455078125,365.0849304199219,288.2052307128906,349.8606872558594,246.8297882080078,327.635009765625,232.1024932861328,273.06829833984375,0
2753,214.4970245361328,148.63861083984375,492.8719177246094,149.31207275390625,448.9322814941406,370.325927734375,419.4604797363281,354.1838684082031,417.3043212890625,388.63165283203125,425.2854919433594,368.6622314453125,410.07623291015625,368.7457580566406,356.8248596191406,363.7306823730469,297.1923522949219,354.9464416503906,262.4945373535156,335.8426513671875,247.277099609375,283.7845458984375,0
2754,214.45040893554688,148.6041717529297,492.8251037597656,149.28468322753906,468.8802795410156,374.56878662109375,439.30865478515625,360.4202880859375,439.045166015625,393.9892578125,445.7771911621094,374.1654357910156,430.75048828125,375.080078125,376.93585205078125,372.9575500488281,319.0162048339844,371.32958984375,270.5235595703125,365.3367919921875,229.72552490234375,325.4094543457031,0
2755,214.41064453125,148.53465270996094,492.94818115234375,149.2985382080078,477.7186279296875,377.62371826171875,448.08001708984375,363.56671142578125,446.34600830078125,397.5487060546875,455.1126403808594,377.63336181640625,440.0551452636719,376.80950927734375,385.20648193359375,377.39642333984375,327.6902770996094,380.64312744140625,275.9656982421875,376.89410400390625,234.8531494140625,335.3598937988281,0
2756,214.46519470214844,148.54835510253906,493.095947265625,149.2539520263672,492.1118469238281,365.0165100097656,461.64776611328125,359.2041931152344,468.427734375,393.119384765625,471.7232971191406,372.0037536621094,456.25299072265625,375.50555419921875,405.0864562988281,379.394775390625,346.2784729003906,376.5632629394531,314.34375,376.2541198730469,277.92425537109375,366.38372802734375,0
2757,214.46603393554688,148.5486297607422,493.0793762207031,149.25852966308594,492.1399230957031,365.028076171875,461.7503356933594,359.18695068359375,468.4231262207031,393.1167297363281,471.7596740722656,371.9889831542969,456.31256103515625,375.4543151855469,405.078369140625,379.3516845703125,346.2737121582031,376.5624084472656,314.34844970703125,376.2560119628906,277.925048828125,366.3899230957031,0
2758,214.34072875976562,148.72528076171875,493.0877380371094,149.26528930664062,498.3429870605469,356.8787536621094,469.52825927734375,352.38751220703125,475.72308349609375,385.5359191894531,478.02191162109375,362.21868896484375,463.977294921875,367.35821533203125,415.1393127441406,377.0263366699219,356.2998352050781,376.4658203125,322.3033142089844,374.49285888671875,282.4868469238281,325.69720458984375,0
2759,214.45907592773438,148.78372192382812,493.0345153808594,149.1643524169922,513.578857421875,345.35064697265625,480.66973876953125,340.724365234375,489.71319580078125,373.79547119140625,492.3422546386719,351.6302185058594,476.77911376953125,358.57159423828125,426.1387634277344,367.4537048339844,371.17376708984375,370.5591735839844,334.83660888671875,366.5548095703125,301.1729736328125,345.09228515625,0
2760,214.38818359375,148.92071533203125,492.89727783203125,149.31875610351562,514.407958984375,343.1733093261719,485.81976318359375,337.6572265625,492.71014404296875,369.9753723144531,494.4056701660156,348.58209228515625,480.4114685058594,354.7651672363281,434.60858154296875,365.5234069824219,377.711181640625,376.03955078125,335.1831970214844,367.1327819824219,304.5497131347656,321.1767578125,0
2761,214.4076690673828,148.844970703125,492.9770202636719,149.3899688720703,521.5436401367188,339.40234375,497.22528076171875,336.4426574707031,506.3604736328125,366.1219482421875,505.9963684082031,345.9608154296875,493.4499206542969,351.6216735839844,448.196533203125,365.108154296875,391.6754455566406,383.4537658691406,340.6622619628906,383.37884521484375,296.72467041015625,340.774169921875,0
2762,214.4015655517578,148.8741912841797,492.9721374511719,149.4077606201172,521.5513305664062,339.399169921875,497.25146484375,336.4262390136719,506.3860168457031,366.144287109375,506.02496337890625,345.97198486328125,493.53021240234375,351.605712890625,448.3327331542969,365.0726013183594,391.68890380859375,383.4471130371094,340.6596374511719,383.3783264160156,296.7132263183594,340.77301025390625,0
2763,214.4581298828125,148.81842041015625,493.0298156738281,149.1981201171875,526.1905517578125,341.944091796875,504.7349548339844,337.716796875,515.0792846679688,369.62603759765625,512.9772338867188,348.6585693359375,500.2759094238281,354.7453918457031,455.5942687988281,367.58642578125,398.3373107910156,386.5312805175781,345.8489685058594,390.17510986328125,302.43658447265625,347.95770263671875,0
2764,214.4636993408203,148.81173706054688,493.016845703125,149.5105438232422,542.8772583007812,342.1210021972656,519.9637451171875,339.81829833984375,529.244140625,371.3512878417969,528.1167602539062,350.5244140625,514.7957153320312,356.896240234375,469.4909973144531,371.840576171875,411.92999267578125,395.1308288574219,364.07476806640625,405.5080261230469,317.1577453613281,368.3039245605469,0
2765,214.4866180419922,148.77267456054688,493.0024719238281,149.4722137451172,546.1229858398438,340.6804504394531,523.162841796875,337.3852233886719,535.3375854492188,369.8481140136719,534.204833984375,347.4893798828125,520.2655639648438,354.24652099609375,473.86639404296875,369.16326904296875,417.4782409667969,388.9006652832031,380.1669006347656,403.68707275390625,336.7643737792969,378.1786193847656,0
2766,214.61537170410156,148.76971435546875,492.9337158203125,149.4569091796875,564.2299194335938,336.3143615722656,535.8670043945312,334.32080078125,545.7980346679688,364.0080261230469,546.7554931640625,344.13690185546875,532.0455932617188,349.7690734863281,484.9655456542969,363.42706298828125,425.1441345214844,374.7854309082031,376.4472961425781,376.54144287109375,334.9248046875,332.4362487792969,0
2767,214.62359619140625,148.6585235595703,492.8855285644531,149.4642791748047,566.3079223632812,336.6705322265625,541.538818359375,332.02117919921875,549.6112060546875,363.789306640625,551.0595703125,343.0963439941406,537.4703979492188,346.44500732421875,488.2357177734375,358.04296875,428.14404296875,367.474365234375,380.99078369140625,366.6150817871094,338.063232421875,322.0260009765625,0
2768,214.6641845703125,148.7022705078125,492.8746337890625,149.655029296875,570.4462890625,339.0184631347656,545.2623291015625,331.0229797363281,552.639404296875,363.1380920410156,554.1702270507812,342.5870056152344,540.4595947265625,345.05810546875,490.4750061035156,354.17694091796875,432.75537109375,364.6370849609375,392.68682861328125,359.8831787109375,359.86346435546875,335.2405090332031,0
2769,214.63766479492188,148.70062255859375,492.9346923828125,149.4131622314453,579.0420532226562,341.1139221191406,551.4652099609375,333.58587646484375,556.7257690429688,364.9427490234375,559.58837890625,344.1122741699219,545.8822021484375,347.7398376464844,496.4150390625,352.8990783691406,436.0552062988281,364.7815246582031,391.1907958984375,354.7201232910156,355.8540344238281,302.3286437988281,0
2770,214.62110900878906,148.77220153808594,493.0494689941406,149.31094360351562,593.0111694335938,357.22698974609375,563.7386474609375,339.37615966796875,564.7007446289062,372.859130859375,570.40234375,353.2698059082031,555.8982543945312,354.4817199707031,507.2704772949219,356.5074768066406,451.4521484375,372.78289794921875,405.5653076171875,374.7854919433594,367.42108154296875,336.3609313964844,0
2771,214.70396423339844,148.6907958984375,492.9971923828125,149.53701782226562,604.133544921875,362.3697509765625,570.192138671875,343.9953918457031,568.4063110351562,377.1269836425781,578.53564453125,358.2027893066406,562.2638549804688,359.20672607421875,514.238037109375,360.4576110839844,458.8398132324219,379.0474853515625,408.8349914550781,384.2916564941406,368.99884033203125,351.28094482421875,0
2772,214.75009155273438,148.73948669433594,492.9827575683594,149.48023986816406,604.1483154296875,362.376708984375,570.1640014648438,343.9884338378906,568.4151000976562,377.16607666015625,578.4764404296875,358.2328186035156,562.1715087890625,359.2290954589844,514.0992431640625,360.60455322265625,458.84075927734375,379.0182800292969,409.16424560546875,384.3500061035156,369.64398193359375,351.9105529785156,0
2773,214.57644653320312,148.65330505371094,493.07440185546875,149.32568359375,610.1564331054688,364.233154296875,575.3460083007812,345.1192321777344,574.3722534179688,379.392578125,583.468994140625,360.0399475097656,568.060546875,361.6990966796875,519.9395141601562,363.91943359375,463.4776916503906,381.50799560546875,413.45660400390625,392.61419677734375,366.44476318359375,356.0559997558594,0
2774,214.49658203125,148.66920471191406,493.0506896972656,149.39520263671875,621.1519775390625,367.2734069824219,585.0186157226562,346.1772766113281,582.925537109375,380.2229309082031,593.3538818359375,361.60711669921875,577.9527587890625,361.53125,525.9974975585938,360.0917663574219,470.484375,365.947265625,421.0140075683594,371.2342529296875,625.7603149414062,369.4397277832031,0
2775,214.5033721923828,148.75730895996094,493.0469665527344,149.41578674316406,634.7777709960938,366.39105224609375,599.32373046875,343.3813171386719,597.09033203125,377.029296875,605.6111450195312,359.36175537109375,591.20361328125,358.0213317871094,538.0493774414062,350.413330078125,480.5777587890625,352.5250244140625,435.83544921875,343.41717529296875,393.33221435546875,297.96527099609375,0
2776,214.4999542236328,148.75485229492188,493.04736328125,149.4243621826172,634.7930908203125,366.3855895996094,599.2922973632812,343.3650207519531,597.0731201171875,377.0376281738281,605.5994262695312,359.3132629394531,591.1848754882812,358.0231018066406,538.0410766601562,350.41632080078125,480.5787048339844,352.5238952636719,435.8398132324219,343.41845703125,393.32940673828125,297.9678955078125,0
2777,214.49102783203125,148.60748291015625,493.0394592285156,149.44952392578125,641.7407836914062,365.98809814453125,607.641845703125,342.826904296875,602.4810791015625,376.9331359863281,614.5618896484375,359.22149658203125,599.2550048828125,357.1411437988281,542.5804443359375,350.7492980957031,487.0868835449219,353.375732421875,437.4041442871094,344.14434814453125,392.7362976074219,295.9805603027344,0
2778,214.46078491210938,148.70849609375,493.03497314453125,149.35728454589844,647.291748046875,367.6558837890625,609.7752075195312,343.3075256347656,606.5857543945312,378.4410705566406,616.9595336914062,359.8260498046875,603.3627319335938,359.23992919921875,553.537109375,354.75701904296875,497.45166015625,365.9637756347656,451.1766357421875,370.5326232910156,415.0881042480469,346.0592956542969,0
2779,214.48667907714844,148.67860412597656,493.157470703125,149.45436096191406,646.71826171875,367.31500244140625,608.3080444335938,343.697265625,604.5488891601562,378.5936279296875,617.0994262695312,360.0225524902344,602.5296020507812,359.7949523925781,553.3766479492188,356.7080993652344,498.8879089355469,367.0876770019531,450.2176513671875,376.57196044921875,392.9891662597656,354.9161376953125,0
2780,214.48062133789062,148.70611572265625,493.2049865722656,149.5019989013672,645.3834838867188,373.5937194824219,605.24560546875,347.7609558105469,601.8820190429688,381.893310546875,614.2755126953125,363.9545593261719,598.74462890625,363.5345764160156,552.69091796875,357.99652099609375,496.530029296875,367.21551513671875,443.0784606933594,372.0419006347656,389.38433837890625,340.3678894042969,0
2781,214.48558044433594,148.68026733398438,493.20404052734375,149.48416137695312,645.38037109375,373.60382080078125,605.0964965820312,347.78607177734375,601.900390625,381.91265869140625,614.2384643554688,364.00799560546875,598.8740844726562,363.5517578125,552.4296264648438,357.968994140625,496.56640625,367.2559509277344,443.1018981933594,372.04425048828125,389.3994140625,340.4034118652344,0
2782,214.56365966796875,148.69117736816406,493.23260498046875,149.43064880371094,645.508056640625,376.4557189941406,604.2953491210938,349.7203369140625,600.4609375,384.57476806640625,612.6189575195312,366.5826110839844,598.0681762695312,365.8394470214844,551.5350952148438,358.5072326660156,495.1101379394531,366.2661437988281,442.23046875,370.6112060546875,389.6681823730469,339.0160217285156,0
2783,214.4509735107422,148.81495666503906,493.044677734375,149.3855438232422,645.9736328125,385.8457336425781,608.803955078125,357.48822021484375,600.3544311523438,392.33856201171875,614.2242431640625,375.7981872558594,599.3692016601562,372.4209289550781,551.7678833007812,362.1490173339844,497.3391418457031,365.22540283203125,445.2845458984375,364.9234619140625,393.0618591308594,331.21197509765625,0
2784,214.4949188232422,148.7395782470703,493.1203308105469,149.476318359375,647.5457153320312,387.4712219238281,609.226806640625,358.1005859375,600.59228515625,392.4820251464844,615.0729370117188,376.43310546875,600.1347045898438,373.0555419921875,551.15771484375,361.4407653808594,496.0884094238281,359.9347229003906,444.3418273925781,360.19970703125,395.1210632324219,330.9954833984375,0
2785,214.4537811279297,148.69325256347656,493.1252746582031,149.61160278320312,649.2263793945312,386.2745361328125,611.2359619140625,354.1907043457031,600.9834594726562,389.0075988769531,617.5825805664062,374.5534973144531,600.6300048828125,369.39935302734375,553.8062744140625,355.97235107421875,498.6877136230469,353.1934509277344,446.4996032714844,344.474853515625,397.318359375,309.1565246582031,0
2786,214.4547882080078,148.6938934326172,493.1222229003906,149.606201171875,649.2437133789062,386.2882385253906,611.2400512695312,354.17999267578125,600.979248046875,389.006103515625,617.5830688476562,374.53045654296875,600.6172485351562,369.38775634765625,553.8103637695312,355.9650573730469,498.691650390625,353.18902587890625,446.5006103515625,344.4743347167969,397.3183898925781,309.15966796875,0
2787,214.50543212890625,148.77381896972656,493.07525634765625,149.4130096435547,648.601806640625,384.9030456542969,610.1824340820312,351.8392333984375,598.628662109375,387.6560974121094,615.977783203125,372.3412170410156,599.0482788085938,367.7350158691406,554.0087890625,354.98284912109375,499.95556640625,352.673583984375,450.4483947753906,345.7281188964844,403.0865478515625,313.6650695800781,0
2788,214.51290893554688,148.7288360595703,493.17095947265625,149.4166717529297,638.8895263671875,381.9955139160156,601.0630493164062,346.5374450683594,589.6387939453125,384.2933044433594,604.2449340820312,365.7816467285156,591.0147094726562,362.1016845703125,548.5737915039062,355.6116027832031,498.5237121582031,356.1078186035156,450.8331298828125,354.1769104003906,406.08917236328125,334.5527038574219,0
2789,214.4132080078125,148.67794799804688,493.0376892089844,149.31561279296875,634.8086547851562,382.3166198730469,595.2311401367188,345.4858093261719,583.9933471679688,384.797607421875,600.8284301757812,367.04718017578125,584.498291015625,363.63104248046875,546.3125610351562,355.9108581542969,498.68212890625,355.6474609375,446.6376953125,356.0856628417969,395.1009826660156,337.1606140136719,0
2790,214.40670776367188,148.82676696777344,493.1401062011719,149.50027465820312,629.1519165039062,376.6172180175781,586.1047973632812,345.6892395019531,580.9908447265625,384.4727478027344,594.273681640625,365.1180114746094,579.5030517578125,363.82421875,541.538330078125,355.28668212890625,498.79034423828125,353.4260559082031,440.55633544921875,350.6954650878906,385.24761962890625,340.3109436035156,0
2791,214.4121551513672,148.82821655273438,493.19256591796875,149.51063537597656,629.2528686523438,376.6424560546875,586.23876953125,345.67413330078125,580.9771118164062,384.4196472167969,594.4251708984375,365.25921630859375,579.6375732421875,363.78497314453125,541.5691528320312,355.2060241699219,498.795654296875,353.4173889160156,440.53912353515625,350.69512939453125,385.1852111816406,340.2945556640625,0
2792,214.3170623779297,148.64797973632812,493.1513671875,149.57435607910156,628.413330078125,375.3751525878906,585.8087768554688,344.788330078125,579.8884887695312,383.78204345703125,593.3359375,364.7098693847656,578.8536987304688,362.8861999511719,540.7427978515625,354.16192626953125,498.6388854980469,352.9044494628906,442.90533447265625,348.2337951660156,387.03106689453125,338.003173828125,0
2793,214.1976318359375,148.54676818847656,493.1898498535156,149.3719482421875,623.696044921875,369.3996887207031,577.4114379882812,341.34271240234375,574.9356079101562,381.6929016113281,588.8261108398438,360.3565979003906,573.8065185546875,360.2079162597656,537.8242797851562,355.64251708984375,497.9700622558594,352.4078369140625,441.6058654785156,345.3580017089844,372.6683044433594,330.910888671875,0
2794,214.32037353515625,148.56838989257812,493.07281494140625,149.4339141845703,623.66259765625,368.9606018066406,578.2354125976562,341.6322937011719,575.8706665039062,381.74102783203125,589.3732299804688,360.30792236328125,573.9322509765625,360.44366455078125,537.7283325195312,356.42926025390625,497.638916015625,352.69952392578125,441.2015686035156,344.86090087890625,378.9836730957031,329.1223449707031,0
2795,214.51638793945312,148.46298217773438,492.9888916015625,149.51539611816406,623.3424682617188,370.0097961425781,577.792236328125,342.0655517578125,575.3538818359375,382.35943603515625,589.294677734375,360.84185791015625,574.1497802734375,360.57562255859375,537.704345703125,356.346923828125,497.4378356933594,352.59246826171875,440.0100402832031,342.9677429199219,375.4333801269531,321.75775146484375,0
2796,214.41221618652344,148.43211364746094,493.1415710449219,149.58546447753906,623.5346069335938,372.6109313964844,577.656005859375,341.8249206542969,574.7386474609375,382.7281799316406,588.9417724609375,361.1352233886719,573.8685913085938,360.4049072265625,537.6036987304688,355.82733154296875,498.1737060546875,352.119140625,439.3599853515625,342.9906005859375,375.0718078613281,321.51885986328125,0
2797,214.39288330078125,148.44122314453125,493.1380920410156,149.58505249023438,623.5186157226562,372.7071838378906,577.641845703125,341.7935791015625,574.4124145507812,382.9012145996094,588.74755859375,361.3597717285156,573.6416625976562,360.46636962890625,537.605224609375,356.0835876464844,498.2031555175781,352.11932373046875,439.3769226074219,342.978759765625,374.91180419921875,321.6682434082031,0
2798,214.34555053710938,148.39785766601562,493.1689453125,149.58291625976562,627.21728515625,375.8621826171875,581.3895874023438,344.2763977050781,576.8930053710938,383.38214111328125,590.6415405273438,362.7043762207031,576.2290649414062,361.7119140625,538.3790893554688,355.3822326660156,498.0679931640625,352.3420104980469,439.62994384765625,341.9224548339844,374.61810302734375,320.6247863769531,0
2799,214.27371215820312,148.2303924560547,492.9881286621094,149.5995330810547,626.3897705078125,376.56341552734375,581.9754638671875,344.7462158203125,576.5008544921875,383.5539855957031,590.3626098632812,363.3197937011719,576.1608276367188,361.9479675292969,538.057373046875,355.7432556152344,497.166748046875,352.499267578125,439.0449523925781,341.9124450683594,374.5784606933594,319.2140808105469,0
2800,214.5426483154297,148.41342163085938,493.1583251953125,149.5447998046875,622.9681396484375,371.7859191894531,577.1527709960938,343.5509338378906,573.9423828125,382.31536865234375,587.5868530273438,361.9139404296875,572.0738525390625,361.0329895019531,536.4945068359375,357.99603271484375,492.16851806640625,352.475341796875,433.64202880859375,341.17242431640625,370.4960632324219,316.50927734375,0
2801,214.47837829589844,148.56906127929688,493.1874694824219,149.5145263671875,621.719970703125,364.94140625,576.2459716796875,341.294677734375,574.70703125,380.141845703125,586.5889282226562,359.2276916503906,571.7057495117188,359.2964172363281,534.5813598632812,359.34307861328125,488.9671936035156,353.84881591796875,428.4285583496094,342.5996398925781,366.575927734375,314.85772705078125,0
2802,214.4664764404297,148.54673767089844,493.17498779296875,149.5133514404297,621.7147827148438,364.939453125,576.2457885742188,341.3061828613281,574.6723022460938,380.1516418457031,586.565673828125,359.2493896484375,571.6748657226562,359.3080749511719,534.5791625976562,359.41748046875,488.968017578125,353.8421630859375,428.397216796875,342.5947265625,366.5069580078125,314.88427734375,0
2803,214.53973388671875,148.66307067871094,493.220703125,149.45169067382812,614.8544921875,356.2890625,572.619140625,341.0347900390625,576.7193603515625,376.62457275390625,584.20849609375,356.3642272949219,569.3070068359375,358.6473083496094,531.967041015625,360.84173583984375,485.7245788574219,353.8176574707031,425.60968017578125,343.99725341796875,366.71600341796875,315.1432189941406,0
2804,214.655517578125,148.52432250976562,493.2712707519531,149.3262176513672,609.2544555664062,343.8452453613281,566.6901245117188,341.36322021484375,579.9700317382812,373.6176452636719,581.9443969726562,353.0198669433594,565.6010131835938,358.779541015625,529.7595825195312,361.1103515625,485.21484375,354.40087890625,425.4000244140625,343.4766540527344,366.7587890625,314.622802734375,0
2805,214.4557342529297,148.481689453125,493.1440734863281,149.3546600341797,600.4238891601562,316.71075439453125,563.2861328125,327.4528503417969,583.7814331054688,355.19952392578125,579.378662109375,334.67486572265625,566.193115234375,345.6821594238281,534.301025390625,360.6783752441406,485.5923156738281,357.1225891113281,427.2467041015625,343.2060546875,367.7301330566406,315.2415771484375,0
2806,214.45468139648438,148.4819793701172,493.077880859375,149.40309143066406,600.4296875,316.7200012207031,563.3012084960938,327.353271484375,583.8157958984375,355.2294921875,579.4193725585938,334.55767822265625,566.2322998046875,345.6153869628906,534.2979125976562,360.6083679199219,485.5683288574219,357.1149597167969,427.2730712890625,343.20648193359375,367.7606201171875,315.2436218261719,0
2807,214.5406494140625,148.49212646484375,493.0915832519531,149.44351196289062,600.1534423828125,312.052978515625,563.9426879882812,323.7685546875,585.8341674804688,349.862548828125,580.8129272460938,328.5772705078125,567.86328125,340.8927917480469,537.236083984375,360.4137268066406,487.8977355957031,359.1535949707031,428.9930725097656,344.4571838378906,368.2838439941406,315.1484375,0
2808,214.63624572753906,148.5980682373047,493.1519470214844,149.39471435546875,604.2471923828125,303.0313415527344,564.0851440429688,318.7422790527344,586.3751831054688,346.0543212890625,581.5465087890625,324.3019104003906,568.009765625,335.5853271484375,537.671875,358.75140380859375,489.3829345703125,364.5655517578125,431.1072692871094,349.6376647949219,374.9297180175781,314.2425537109375,0
2809,214.59091186523438,148.5182647705078,493.1311340332031,149.38267517089844,602.4165649414062,300.6900634765625,563.3145141601562,317.1606140136719,585.1190795898438,343.85626220703125,580.4404907226562,322.63299560546875,567.1914672851562,333.79852294921875,539.1063842773438,358.15020751953125,490.376220703125,367.4134521484375,432.7237548828125,354.5572204589844,378.623779296875,315.8265686035156,0
2810,214.61245727539062,148.4633026123047,493.1940002441406,149.46646118164062,599.9493408203125,299.6130676269531,559.7982788085938,315.9282531738281,583.2559814453125,343.4112243652344,577.627685546875,322.23828125,564.5621337890625,332.4849548339844,539.2794189453125,359.2217712402344,492.3329162597656,372.44183349609375,434.2245788574219,362.1490173339844,381.704833984375,318.467529296875,0
2811,214.61456298828125,148.52220153808594,493.1913757324219,149.44651794433594,595.0187377929688,298.6666259765625,557.0858154296875,318.183837890625,582.2836303710938,342.7349548339844,574.4315795898438,320.63262939453125,562.8995971679688,333.2705383300781,539.33154296875,360.46875,495.1076354980469,374.56982421875,437.8331298828125,365.4038391113281,387.27838134765625,322.9033203125,0
2812,214.61907958984375,148.37196350097656,493.16253662109375,149.40843200683594,584.9050903320312,296.3248291015625,553.2301025390625,321.9804992675781,581.8060302734375,341.27325439453125,571.6486206054688,320.7008056640625,562.943603515625,335.962158203125,540.13134765625,362.52508544921875,494.2701110839844,374.2485656738281,436.3807678222656,363.4556579589844,381.0787353515625,320.391357421875,0
2813,214.5689697265625,148.4368896484375,493.0669860839844,149.4756622314453,582.1721801757812,297.8313903808594,550.5916137695312,322.8968505859375,579.4993896484375,341.8252868652344,569.4822387695312,321.37188720703125,560.2875366210938,337.6857604980469,537.6674194335938,364.4388427734375,493.3659973144531,374.6470947265625,435.8902587890625,362.6711120605469,381.41546630859375,320.6996765136719,0
2814,214.4899139404297,148.64659118652344,493.1163635253906,149.5930633544922,571.6213989257812,296.8515319824219,543.3068237304688,323.5013732910156,572.8329467773438,339.0993957519531,560.8204956054688,321.7181396484375,554.5311279296875,335.2883605957031,535.5184326171875,366.7599182128906,493.5603332519531,376.7598876953125,438.9585266113281,360.5402526855469,383.7206115722656,321.4656677246094,0
2815,214.45411682128906,148.6696319580078,493.02154541015625,149.57115173339844,564.0172729492188,294.9309997558594,536.7361450195312,320.8102111816406,566.8926391601562,333.5141906738281,554.3711547851562,317.7054443359375,548.4597778320312,331.80377197265625,531.718505859375,365.9944763183594,489.24127197265625,380.9999694824219,436.76971435546875,363.2748107910156,385.4221496582031,323.04638671875,0
2816,214.44517517089844,148.58468627929688,493.027099609375,149.5779266357422,564.0142822265625,294.9736328125,536.7384033203125,320.8136291503906,566.888916015625,333.5139465332031,554.3644409179688,317.7149353027344,548.4609375,331.80010986328125,531.7163696289062,365.9908142089844,489.2362365722656,380.99658203125,436.75006103515625,363.2503967285156,385.4112243652344,323.0084228515625,0
2817,214.63522338867188,148.7183074951172,493.1542663574219,149.52732849121094,550.4462890625,290.9680480957031,528.6942749023438,318.31878662109375,560.7154541015625,327.1955261230469,545.6442260742188,313.59942626953125,543.0617065429688,327.6941833496094,529.61962890625,363.8290710449219,490.2364501953125,386.3009033203125,438.2420654296875,375.22430419921875,391.33038330078125,327.95074462890625,0
2818,214.305419921875,148.94570922851562,493.2524719238281,149.5686492919922,520.1192016601562,283.4317321777344,511.1120300292969,317.7197570800781,540.1061401367188,313.1280212402344,524.4080810546875,305.5797119140625,526.9255981445312,319.9173889160156,531.1456909179688,358.82257080078125,496.52593994140625,399.235595703125,444.3706970214844,402.85406494140625,400.8507995605469,376.7530517578125,0
2819,214.24920654296875,148.83238220214844,493.1728210449219,149.45303344726562,505.8394470214844,276.4107360839844,501.8152160644531,314.85308837890625,530.1476440429688,305.5964660644531,511.8073425292969,299.9208984375,517.221435546875,315.2970275878906,528.6441650390625,353.47979736328125,508.953857421875,404.5097961425781,452.5700378417969,418.5334167480469,393.3756408691406,391.50665283203125,0
2820,214.2480010986328,148.83251953125,493.17340087890625,149.45350646972656,505.831787109375,276.4145812988281,501.78857421875,314.7672119140625,530.1429443359375,305.5527648925781,511.7997131347656,299.8756408691406,517.1762084960938,315.25830078125,528.5964965820312,353.4154052734375,508.94598388671875,404.4989929199219,452.6004333496094,418.5415344238281,393.3889465332031,391.4974670410156,0
2821,214.46188354492188,148.72767639160156,493.2336120605469,149.4372100830078,502.9277648925781,273.3194885253906,497.9361267089844,311.9331970214844,526.9523315429688,301.1905212402344,509.0096435546875,295.83984375,514.4495239257812,312.2763977050781,528.2637329101562,350.0865173339844,517.3499145507812,407.19122314453125,465.5150451660156,424.0396423339844,407.00738525390625,396.9513244628906,0
2822,214.53756713867188,148.7779998779297,493.1619873046875,149.541748046875,497.7647705078125,272.6265563964844,496.0816650390625,313.4393005371094,523.5382080078125,299.9517517089844,506.140869140625,296.421142578125,512.5848388671875,311.3465881347656,530.3167724609375,347.36724853515625,536.932861328125,403.45367431640625,498.6640319824219,431.6643371582031,436.1968688964844,406.1364440917969,0
2823,214.368408203125,148.7550048828125,493.3526611328125,149.41026306152344,494.4621887207031,279.05279541015625,496.2378234863281,320.9116516113281,524.5540161132812,304.0557556152344,504.264892578125,302.7146911621094,513.33837890625,317.92144775390625,534.8167114257812,350.7579650878906,545.4280395507812,401.7101745605469,518.000732421875,436.4210510253906,446.915771484375,421.3292541503906,0
2824,214.41836547851562,148.58079528808594,493.3426208496094,149.35162353515625,495.1676025390625,282.0635070800781,496.3199768066406,326.6449890136719,525.833984375,311.63531494140625,505.13775634765625,307.50616455078125,513.6405639648438,323.6108703613281,537.0120239257812,354.80181884765625,549.843994140625,399.91143798828125,532.1372680664062,435.0285949707031,452.60748291015625,415.6568603515625,0
2825,214.36138916015625,148.61785888671875,493.3502502441406,149.36843872070312,495.16656494140625,282.0679931640625,496.3243408203125,326.6427917480469,525.8663330078125,311.66461181640625,505.14459228515625,307.5390625,513.6625366210938,323.66888427734375,537.1710205078125,354.7400207519531,549.8192749023438,399.91510009765625,532.1387939453125,435.0174255371094,452.6158447265625,415.6463928222656,0
2826,214.43138122558594,148.41046142578125,493.44207763671875,149.279296875,491.9226989746094,293.3939514160156,499.7348327636719,332.9868469238281,524.8419799804688,314.2729187011719,504.728271484375,313.6881103515625,515.8328247070312,327.86907958984375,538.83544921875,356.79339599609375,549.0348510742188,401.4886779785156,529.2889404296875,436.7248229980469,453.62054443359375,413.41473388671875,0
2827,214.5078582763672,148.69552612304688,493.44970703125,149.35845947265625,495.2257080078125,293.8628234863281,497.4963684082031,334.1980895996094,523.3067016601562,315.79083251953125,503.7969970703125,314.7247314453125,514.30126953125,330.2338562011719,539.2527465820312,358.21295166015625,551.6917114257812,401.0943603515625,536.5343627929688,436.4587097167969,458.79010009765625,419.6935729980469,0
2828,214.54505920410156,148.54510498046875,493.3945007324219,149.3763427734375,503.4342346191406,290.5197448730469,496.5655822753906,327.2759094238281,524.572021484375,313.77734375,507.5773620605469,310.879638671875,514.7252807617188,326.3433837890625,536.5025024414062,357.70526123046875,550.1019287109375,404.1687316894531,531.939697265625,441.0602111816406,453.5441589355469,416.9151916503906,0
2829,214.49937438964844,148.76318359375,493.3662109375,149.2969970703125,505.681640625,287.2396545410156,499.03912353515625,324.1993103027344,526.6839599609375,312.68853759765625,510.5088195800781,308.4875793457031,516.1818237304688,324.0790710449219,535.4242553710938,358.218017578125,545.7249145507812,406.5657043457031,524.552734375,441.22210693359375,447.8195495605469,414.4307556152344,0
2830,214.55313110351562,148.6931915283203,493.30859375,149.35247802734375,508.6457824707031,286.3033142089844,500.7746887207031,325.0577697753906,529.9173583984375,314.0805358886719,512.4625854492188,310.5290832519531,517.5919799804688,325.363037109375,535.4338989257812,359.84796142578125,543.45849609375,406.4841003417969,522.4133911132812,441.0467529296875,446.4479675292969,413.095458984375,0
2831,214.46044921875,148.5196075439453,493.28228759765625,149.28416442871094,514.263916015625,279.8597106933594,502.71075439453125,322.3326110839844,535.4733276367188,315.1361999511719,516.3662719726562,307.8839416503906,519.7717895507812,324.9010314941406,536.608642578125,360.4029846191406,541.34814453125,404.2981262207031,522.15234375,442.1940612792969,444.8465881347656,417.468505859375,0
2832,214.4628143310547,148.51995849609375,493.2054748535156,149.31588745117188,514.2635498046875,279.8597412109375,502.70892333984375,322.3319091796875,535.4717407226562,315.1358947753906,516.3643188476562,307.8853759765625,519.7758178710938,324.90203857421875,536.607666015625,360.3860778808594,541.3463745117188,404.30029296875,522.1509399414062,442.194580078125,444.8743896484375,417.49639892578125,0
2833,214.55751037597656,148.54002380371094,493.2088928222656,149.3572540283203,517.8040161132812,279.9414978027344,503.1231689453125,320.7702331542969,535.7731323242188,314.727783203125,517.8622436523438,306.7629699707031,520.4597778320312,323.3367004394531,536.0165405273438,358.37933349609375,541.61376953125,403.7846374511719,522.67578125,440.1119079589844,445.35418701171875,418.7558288574219,0
2834,214.54653930664062,148.63766479492188,493.10498046875,149.42056274414062,524.363525390625,273.4342041015625,504.7809753417969,315.10235595703125,535.0936279296875,313.3949279785156,521.1460571289062,301.32586669921875,520.323486328125,319.2679748535156,534.245849609375,357.2332458496094,540.1544189453125,404.06719970703125,521.0785522460938,440.7890930175781,444.08404541015625,421.0968933105469,0
2835,214.4756622314453,148.8221893310547,493.224365234375,149.36651611328125,523.3700561523438,272.9521179199219,505.5888671875,315.0633850097656,535.4073486328125,312.5919494628906,521.4556884765625,300.9065856933594,521.1315307617188,318.46148681640625,534.3648681640625,356.32659912109375,540.04931640625,403.4888610839844,521.4400634765625,440.3229675292969,472.6664123535156,443.28387451171875,0
2836,214.3991241455078,148.72854614257812,493.18109130859375,149.4782257080078,519.8869018554688,269.8673400878906,505.86279296875,315.6492614746094,535.830078125,310.7397766113281,520.80224609375,299.8216552734375,522.4522094726562,318.2715148925781,535.7694702148438,355.8278503417969,541.159423828125,402.7684326171875,523.314697265625,441.2866516113281,456.23736572265625,435.49761962890625,0
2837,214.37741088867188,148.74383544921875,493.2050476074219,149.4991455078125,515.7097778320312,271.4450378417969,506.2713928222656,316.79388427734375,535.6937866210938,309.5107421875,518.4681396484375,300.9694519042969,522.8784790039062,317.59051513671875,536.8431396484375,354.48724365234375,542.8123168945312,402.39984130859375,525.369384765625,440.2259216308594,455.4999694824219,433.0155029296875,0
2838,214.488525390625,148.74127197265625,493.23284912109375,149.38824462890625,508.6156005859375,274.7447204589844,504.543701171875,317.9930114746094,534.8165893554688,308.2724304199219,514.905029296875,301.4541320800781,521.2467041015625,317.72100830078125,536.4609985351562,352.8811340332031,542.378173828125,401.0730285644531,526.1961669921875,439.6454772949219,460.5067138671875,435.8551330566406,0
2839,214.4599151611328,148.67599487304688,493.214599609375,149.47164916992188,502.6998596191406,276.5679626464844,500.1634826660156,319.04119873046875,530.4567260742188,308.2416687011719,510.34405517578125,302.7790222167969,517.2568969726562,318.9953308105469,535.6146850585938,353.0420227050781,541.2071533203125,400.45068359375,523.9491577148438,438.1519775390625,453.0934753417969,429.4302673339844,0
2840,214.5699005126953,148.8623504638672,493.13153076171875,149.49681091308594,494.98736572265625,281.141357421875,496.2804260253906,325.1656188964844,526.613037109375,310.55841064453125,505.38446044921875,305.7884826660156,513.7263793945312,321.5225524902344,535.5143432617188,353.8416748046875,543.9466552734375,398.6802673339844,528.5921020507812,437.27880859375,453.0711364746094,429.6145935058594,0
2841,214.56163024902344,148.815185546875,493.1266784667969,149.51345825195312,494.9998779296875,281.1496887207031,496.2883605957031,325.1946105957031,526.6204223632812,310.5684814453125,505.3966064453125,305.8160095214844,513.7325439453125,321.53973388671875,535.5011596679688,353.84210205078125,543.9633178710938,398.7310485839844,528.5726928710938,437.2928161621094,453.10009765625,429.628173828125,0
2842,214.595458984375,148.60641479492188,493.1859130859375,149.49014282226562,485.2055358886719,283.56048583984375,495.1026306152344,330.07562255859375,523.0745239257812,311.1563720703125,500.8099670410156,309.68792724609375,511.1131591796875,323.98358154296875,534.7173461914062,354.04962158203125,543.627197265625,397.7865905761719,529.5277099609375,437.030029296875,461.31585693359375,435.89422607421875,0
2843,214.4214630126953,148.75399780273438,493.0518798828125,149.5107879638672,476.9423522949219,285.1042785644531,486.7640380859375,331.85595703125,515.1290283203125,312.92364501953125,492.719482421875,310.58349609375,503.16168212890625,326.38665771484375,530.2631225585938,354.8946228027344,543.9273681640625,395.6573486328125,532.0626220703125,435.91436767578125,460.2398376464844,437.8173828125,0
2844,214.53427124023438,148.7738800048828,493.0539855957031,149.46697998046875,470.2432556152344,287.59417724609375,483.9508972167969,333.12103271484375,510.2961730957031,312.2768859863281,487.5994567871094,311.3320007324219,500.1400146484375,326.3924560546875,527.9937133789062,354.53790283203125,543.8081665039062,395.29571533203125,531.9930419921875,435.5545349121094,459.6834411621094,439.7197570800781,0
2845,214.4204559326172,148.7372589111328,493.04583740234375,149.44464111328125,465.5885009765625,287.31707763671875,478.0788879394531,334.7353515625,503.1999816894531,313.6983947753906,481.5955810546875,312.4862060546875,495.1439514160156,327.7922058105469,524.7267456054688,352.5721435546875,545.8945922851562,393.1080627441406,536.3063354492188,432.5555419921875,462.3556823730469,437.02960205078125,0
2846,214.47520446777344,148.6103515625,492.95867919921875,149.49513244628906,461.080810546875,284.5766296386719,475.2340393066406,330.7794189453125,499.80072021484375,310.0345153808594,477.08251953125,309.68646240234375,490.3702087402344,323.8804626464844,521.4896850585938,347.97564697265625,544.73681640625,390.1368713378906,536.4834594726562,430.8091125488281,468.1990966796875,438.72601318359375,0
2847,214.4146728515625,148.56556701660156,493.0284118652344,149.48489379882812,461.0745544433594,284.5211181640625,475.2261047363281,330.63238525390625,499.8498840332031,310.0279235839844,477.12408447265625,309.6030578613281,490.3544006347656,323.82379150390625,521.458984375,348.0688781738281,544.860107421875,390.2065124511719,536.409912109375,430.86395263671875,468.14910888671875,438.7330322265625,0
2848,214.36920166015625,148.6822967529297,493.0243225097656,149.47068786621094,454.5883483886719,279.5495910644531,467.53057861328125,325.7973327636719,491.08642578125,303.01275634765625,471.179931640625,304.7922668457031,483.54571533203125,318.9033508300781,519.39697265625,344.3876037597656,546.1197509765625,385.1656799316406,538.6594848632812,427.68316650390625,467.35467529296875,439.05865478515625,0
2849,214.64923095703125,148.53114318847656,493.1878356933594,149.6866455078125,445.92156982421875,272.3440246582031,458.19573974609375,317.8771057128906,482.99676513671875,298.2308654785156,462.7240905761719,295.81109619140625,472.8912048339844,311.4397277832031,512.4630737304688,338.1560974121094,546.042236328125,380.79803466796875,543.6810302734375,421.7519836425781,499.87347412109375,446.281982421875,0
2850,214.63156127929688,148.6868896484375,493.2868347167969,149.7987518310547,415.7954406738281,249.163330078125,427.52398681640625,291.6869812011719,450.4298095703125,271.6347961425781,431.2294006347656,271.72955322265625,442.4977722167969,285.7625732421875,481.74102783203125,315.86871337890625,532.00439453125,357.0613708496094,540.449951171875,403.869384765625,508.19708251953125,440.6213684082031,0
2851,214.53292846679688,148.78404235839844,493.3468933105469,149.87742614746094,407.50946044921875,240.54690551757812,414.550048828125,280.209716796875,438.2191467285156,262.5565490722656,419.88763427734375,261.97509765625,430.150146484375,275.3686218261719,470.41326904296875,306.841796875,522.5303344726562,349.2428894042969,534.7003784179688,396.80712890625,508.7652587890625,437.5819396972656,0
2852,214.34613037109375,148.8592987060547,493.35968017578125,150.00001525878906,400.9088439941406,235.4266815185547,404.4952392578125,273.76275634765625,428.8191833496094,254.35696411132812,411.3622131347656,254.95758056640625,420.8407287597656,270.54205322265625,458.3505554199219,300.5316162109375,512.2481079101562,338.5777587890625,527.7164916992188,388.1709899902344,508.8226318359375,431.45623779296875,0
2853,214.360107421875,148.8141632080078,493.21966552734375,149.85255432128906,392.735595703125,236.04696655273438,399.6707458496094,271.18817138671875,421.8526611328125,248.27577209472656,405.57672119140625,253.51708984375,416.27862548828125,265.3338623046875,455.01971435546875,294.7160339355469,501.9533996582031,334.11029052734375,524.1402587890625,385.222412109375,510.4944763183594,429.36785888671875,0
2854,214.44747924804688,148.6645050048828,493.3196105957031,150.0657958984375,388.77716064453125,234.74920654296875,397.0899353027344,271.554443359375,419.5878601074219,249.25546264648438,402.5824279785156,253.5082244873047,413.00714111328125,265.385009765625,448.387451171875,295.5645446777344,493.4005432128906,335.0939636230469,512.7933959960938,383.8442687988281,503.0648498535156,428.17822265625,0
2855,214.44375610351562,148.6701202392578,493.3418273925781,150.07826232910156,388.7754211425781,234.7499542236328,397.0812683105469,271.57452392578125,419.59027099609375,249.2597198486328,402.57623291015625,253.50975036621094,413.0005187988281,265.3883972167969,448.3716735839844,295.5472717285156,493.38275146484375,335.09112548828125,512.790771484375,383.8336486816406,503.06817626953125,428.1718444824219,0
2856,214.2942657470703,148.7587890625,493.2376403808594,149.93267822265625,385.17431640625,234.23361206054688,396.9935607910156,274.7546081542969,419.46783447265625,252.05966186523438,400.86199951171875,255.21005249023438,412.307373046875,266.8671569824219,447.71673583984375,297.9684143066406,490.76507568359375,338.27899169921875,509.9355163574219,386.6357727050781,503.9918212890625,431.74591064453125,0
2857,214.25936889648438,148.83091735839844,493.2939453125,149.96783447265625,385.67266845703125,233.2818145751953,398.033935546875,276.0317687988281,421.3173828125,254.1408233642578,402.30322265625,256.1484069824219,413.9170837402344,269.0082092285156,447.7568664550781,298.68841552734375,488.4527587890625,338.6100158691406,504.2892761230469,388.8299560546875,497.22808837890625,432.0823059082031,0
2858,214.3605194091797,148.7091064453125,493.1792297363281,149.96678161621094,383.8701171875,230.06405639648438,397.92303466796875,275.30706787109375,422.5844421386719,251.8437957763672,401.2044372558594,253.5128936767578,413.4117736816406,266.796142578125,447.2182312011719,296.6279296875,486.1500244140625,335.7138366699219,501.0664978027344,386.37469482421875,494.24737548828125,430.2369079589844,0
2859,214.40773010253906,148.62318420410156,493.1930847167969,150.01004028320312,392.8275451660156,215.82061767578125,395.1932678222656,263.3312072753906,423.07733154296875,246.292724609375,403.06451416015625,243.52761840820312,411.4348449707031,257.9512023925781,440.43389892578125,289.6736755371094,476.4964904785156,331.1822814941406,492.75390625,385.02044677734375,483.8786315917969,429.3092041015625,0
2860,214.41299438476562,148.6054229736328,493.18841552734375,149.97384643554688,392.8277893066406,215.82032775878906,395.1936950683594,263.3306884765625,423.0774230957031,246.29266357421875,403.0638122558594,243.52792358398438,411.4359436035156,257.9523010253906,440.4300537109375,289.6783142089844,476.5033264160156,331.19097900390625,492.7535400390625,385.0446472167969,483.8809509277344,429.2911682128906,0
2861,214.39202880859375,148.71054077148438,493.0950622558594,149.92393493652344,394.1749267578125,208.8634490966797,393.1627502441406,256.723388671875,423.9815368652344,242.5855712890625,403.2862854003906,237.63365173339844,411.06488037109375,253.6188507080078,437.7368469238281,287.3548889160156,474.1620178222656,329.6750183105469,488.7772521972656,384.3408508300781,479.2130432128906,427.75018310546875,0
2862,214.45986938476562,148.78758239746094,493.1759338378906,150.05238342285156,398.9651184082031,201.36659240722656,396.6859436035156,250.39866638183594,426.19525146484375,237.23980712890625,407.2306213378906,232.0070037841797,413.41845703125,248.00103759765625,440.2779235839844,280.95849609375,475.5595703125,320.0071716308594,497.53692626953125,364.12451171875,504.7346496582031,406.01177978515625,0
2863,214.54147338867188,148.64199829101562,493.1328430175781,149.90277099609375,398.1125183105469,198.31422424316406,395.8680725097656,247.69589233398438,426.9292907714844,234.9754180908203,406.720703125,228.44886779785156,413.4705810546875,244.8472900390625,440.3571472167969,279.3798522949219,473.6079406738281,318.6932373046875,501.4892578125,370.6619873046875,502.3912353515625,429.9694519042969,0
2864,214.55722045898438,148.77761840820312,493.218994140625,149.80880737304688,398.6683654785156,190.7289276123047,391.29034423828125,240.45591735839844,424.8806457519531,229.8209686279297,404.2920837402344,222.0165557861328,410.2923583984375,239.63876342773438,429.67926025390625,274.55841064453125,455.0870361328125,319.02593994140625,469.8727722167969,365.280029296875,398.6161193847656,191.27955627441406,0
2865,214.57041931152344,148.81387329101562,493.2149963378906,149.79641723632812,398.6651306152344,190.7289581298828,391.25897216796875,240.4432373046875,424.91119384765625,229.7268524169922,404.26995849609375,221.9506072998047,410.3177490234375,239.50865173339844,429.76348876953125,274.3804931640625,455.0729064941406,319.0413818359375,469.88470458984375,365.2894592285156,398.62237548828125,191.28306579589844,0
2866,214.4910125732422,148.67263793945312,493.134765625,149.88180541992188,393.1199035644531,187.9669189453125,387.63714599609375,236.98492431640625,421.9800109863281,227.97132873535156,399.9020080566406,219.03326416015625,405.2922668457031,236.13671875,424.4688720703125,272.7054138183594,443.5997009277344,318.9530944824219,450.875244140625,361.2395324707031,460.30633544921875,392.250244140625,0
2867,214.4098663330078,148.62953186035156,493.1029357910156,150.0505828857422,388.5287780761719,182.711669921875,382.0352478027344,231.3956756591797,418.3748474121094,221.47561645507812,395.6568908691406,213.55995178222656,399.29290771484375,230.6995086669922,418.9634094238281,267.66259765625,440.7657165527344,315.4093933105469,442.3566589355469,370.7260437011719,432.8897399902344,428.3211975097656,0
2868,214.413330078125,148.83926391601562,493.0473327636719,150.10386657714844,390.9689025878906,182.76168823242188,381.0953063964844,230.6932373046875,419.2720642089844,221.0205841064453,395.9163513183594,212.94900512695312,399.29351806640625,229.97750854492188,419.7664489746094,263.073974609375,442.7790832519531,306.5312194824219,446.5267639160156,357.2378845214844,444.6023254394531,400.7659606933594,0
2869,214.55157470703125,148.7893829345703,493.1913757324219,150.1622772216797,398.3001403808594,181.20635986328125,382.2696533203125,226.966796875,421.9830017089844,221.62718200683594,398.408935546875,211.68099975585938,400.7539978027344,228.38763427734375,418.4246826171875,257.9452819824219,433.9884033203125,296.5852966308594,460.2191467285156,348.5392150878906,483.21136474609375,396.9017028808594,0
2870,214.56716918945312,148.82177734375,493.1755065917969,150.20468139648438,398.3040466308594,181.1923065185547,382.2781066894531,226.96734619140625,422.004150390625,221.5736541748047,398.4156494140625,211.6644287109375,400.7349853515625,228.36207580566406,418.1977844238281,257.9981994628906,433.94952392578125,296.5249938964844,460.2042541503906,348.5175476074219,483.2170104980469,396.9219665527344,0
2871,214.47300720214844,148.674560546875,493.2984313964844,150.0947265625,404.9282531738281,181.8117218017578,382.1737976074219,226.19595336914062,421.7915344238281,227.51112365722656,400.3748474121094,213.75839233398438,400.16400146484375,230.69187927246094,411.9978942871094,257.7437438964844,424.76861572265625,296.68023681640625,439.4985046386719,342.2568664550781,476.0235290527344,383.7815246582031,0
2872,214.30169677734375,148.68910217285156,493.4313659667969,149.9989776611328,429.007568359375,192.5884246826172,390.34478759765625,221.80780029296875,423.8091735839844,237.31683349609375,411.260986328125,218.3551788330078,402.2454528808594,233.13552856445312,401.7997131347656,261.5098876953125,412.4564514160156,296.939697265625,408.28131103515625,333.3353576660156,410.09710693359375,371.3670654296875,0
2873,214.3615264892578,148.75462341308594,493.3969421386719,149.85914611816406,436.6309509277344,193.62258911132812,396.93084716796875,220.20767211914062,427.0637512207031,237.56417846679688,416.596923828125,219.32493591308594,406.8721618652344,233.64878845214844,401.5047607421875,264.3018798828125,408.2307434082031,299.4103698730469,400.8678894042969,347.1514892578125,395.32080078125,393.9912109375,0
2874,214.29405212402344,148.7857666015625,493.36346435546875,149.91722106933594,448.2887878417969,190.08396911621094,408.5663757324219,212.83258056640625,436.42584228515625,231.64108276367188,427.93170166015625,212.81088256835938,417.5975341796875,226.644775390625,407.2667236328125,260.59149169921875,409.0621337890625,300.1632995605469,401.885986328125,347.4824523925781,395.8983459472656,392.9349060058594,-1
2875,214.32984924316406,148.7657012939453,493.36895751953125,149.91676330566406,448.284423828125,190.0877227783203,408.5624694824219,212.84210205078125,436.4079284667969,231.63479614257812,427.91204833984375,212.79380798339844,417.59625244140625,226.62782287597656,407.31060791015625,260.4980773925781,409.0570373535156,300.1742858886719,401.8962097167969,347.4677734375,395.9024658203125,392.9403076171875,-1
2876,214.4053955078125,148.6418914794922,493.4852294921875,149.74293518066406,453.70782470703125,185.98800659179688,414.07611083984375,208.46774291992188,440.8881530761719,228.47055053710938,432.9793395996094,209.3684539794922,422.48870849609375,221.68417358398438,408.4702453613281,257.1905517578125,409.49761962890625,299.97967529296875,401.836669921875,346.6700134277344,396.8138732910156,391.5936279296875,-1
2877,214.3769073486328,148.4804229736328,494.0176696777344,149.5316619873047,464.52557373046875,176.67868041992188,424.1835021972656,194.86744689941406,449.3125305175781,217.09808349609375,442.11328125,196.59286499023438,430.6482238769531,209.7082061767578,411.0562438964844,248.4657745361328,409.36114501953125,298.8361511230469,404.04437255859375,347.16473388671875,405.6391296386719,390.0191955566406,-1
2878,214.6851348876953,148.52890014648438,494.5683898925781,149.24105834960938,468.4026794433594,172.946533203125,427.8396911621094,190.89935302734375,454.12774658203125,213.95899963378906,446.6116943359375,192.49876403808594,435.25146484375,204.94432067871094,414.424072265625,241.8180389404297,408.15240478515625,296.4473876953125,404.6686706542969,349.6002197265625,408.98577880859375,392.5279541015625,-1
2879,214.63372802734375,148.57794189453125,494.7323303222656,149.1406707763672,469.4376220703125,171.32322692871094,428.2954406738281,186.78128051757812,452.8475341796875,208.86077880859375,446.51446533203125,189.0483856201172,435.1228332519531,202.1870574951172,415.5316467285156,238.18820190429688,407.47222900390625,292.9665832519531,399.6161804199219,344.48162841796875,397.3895568847656,387.9231872558594,-1
2880,214.60299682617188,148.65090942382812,494.58984375,149.103759765625,470.882080078125,171.2691650390625,428.58447265625,184.657470703125,453.507568359375,207.5283966064453,447.19866943359375,187.00433349609375,435.7832946777344,200.0890655517578,415.6114501953125,236.0435791015625,407.1330871582031,291.5147705078125,397.82073974609375,343.5428161621094,393.1925354003906,386.783447265625,-1
2881,214.6615447998047,148.51341247558594,494.4383239746094,149.07508850097656,470.6222839355469,171.54197692871094,428.62481689453125,184.63905334472656,453.41290283203125,207.45999145507812,447.3781433105469,187.68736267089844,435.75146484375,200.07215881347656,415.7585754394531,236.01185607910156,407.09356689453125,291.5303955078125,397.80548095703125,343.5965881347656,393.1839294433594,386.7890930175781,-1
2882,214.7064666748047,148.61534118652344,494.44879150390625,149.1050567626953,470.72052001953125,171.47189331054688,428.63201904296875,184.6492919921875,453.4209899902344,207.3779296875,447.2063903808594,187.135009765625,435.8419494628906,199.98898315429688,415.8716125488281,235.8091583251953,407.10089111328125,291.56414794921875,397.7943420410156,343.6993103027344,393.15301513671875,387.0578308105469,-1
2883,214.6756591796875,148.66265869140625,493.0140686035156,149.62484741210938,477.6661071777344,167.89707946777344,435.4047546386719,183.43399047851562,460.6073913574219,206.438720703125,455.4045104980469,186.82608032226562,442.21990966796875,199.02403259277344,418.46209716796875,233.94866943359375,405.8628845214844,287.808837890625,394.2740478515625,336.635009765625,391.6614990234375,381.6100769042969,-1
2884,214.73106384277344,148.7334442138672,494.8859558105469,148.86599731445312,488.5809326171875,165.90594482421875,448.05645751953125,178.51458740234375,472.7798156738281,201.62191772460938,468.2602233886719,180.49169921875,455.1844787597656,193.3377685546875,425.91937255859375,225.91856384277344,405.5072937011719,282.15631103515625,390.3247375488281,333.24005126953125,386.8012390136719,377.37127685546875,-1
2885,214.53965759277344,148.72955322265625,498.65802001953125,149.8731231689453,496.6291198730469,146.35780334472656,464.0730895996094,162.9011688232422,488.3671569824219,186.64642333984375,484.7935485839844,163.89976501464844,470.8605041503906,178.75787353515625,438.77520751953125,210.9152374267578,399.2599182128906,257.1287841796875,373.7225341796875,296.07525634765625,362.01214599609375,337.7223205566406,-1
2886,214.5952606201172,148.56814575195312,497.896484375,145.48812866210938,503.834228515625,144.25587463378906,471.21075439453125,159.42095947265625,495.6139831542969,180.16700744628906,490.84954833984375,157.3275146484375,477.8564758300781,170.95074462890625,439.8667907714844,202.06869506835938,400.2037658691406,252.1006317138672,369.7480163574219,295.9798583984375,345.1768493652344,367.59381103515625,-1
2887,214.69195556640625,148.4760284423828,498.2456359863281,146.99411010742188,507.5687561035156,137.9795684814453,476.6149597167969,153.9471893310547,498.5152587890625,175.15406799316406,494.9752197265625,156.40882873535156,481.49603271484375,169.47344970703125,442.35736083984375,197.4560546875,401.264892578125,245.97286987304688,366.9158630371094,282.4450988769531,345.7365417480469,355.90887451171875,-1
2888,214.67752075195312,148.5420379638672,499.47369384765625,147.95733642578125,507.4279479980469,134.53884887695312,478.1043701171875,152.2008056640625,501.6080322265625,173.73500061035156,494.8633117675781,153.1533203125,483.46710205078125,167.70030212402344,446.310302734375,192.91734313964844,408.91400146484375,241.86184692382812,371.12518310546875,277.5832824707031,343.2217712402344,330.7181396484375,-1
2889,214.4907989501953,148.5054168701172,502.751220703125,146.19265747070312,512.3876953125,130.6339874267578,483.8604431152344,146.10853576660156,508.6933898925781,168.5727996826172,501.49530029296875,149.62586975097656,488.6305236816406,162.9742431640625,455.78668212890625,190.599365234375,419.0056457519531,239.85452270507812,389.3828430175781,278.3529968261719,368.65655517578125,318.7096862792969,-1
2890,214.50210571289062,148.52781677246094,502.71142578125,146.93252563476562,520.5718994140625,121.8324966430664,488.2954406738281,144.568115234375,514.67578125,165.0235595703125,505.63812255859375,145.0094451904297,495.0010986328125,159.04713439941406,460.6933288574219,190.3482208251953,422.7981262207031,237.76637268066406,386.35382080078125,284.750244140625,362.7101745605469,355.17486572265625,-1
2891,214.5653839111328,148.516845703125,502.701171875,146.9385986328125,520.5729370117188,121.85069274902344,488.30987548828125,144.57420349121094,514.7174072265625,165.0078125,505.65020751953125,144.9920654296875,494.9988098144531,159.0537567138672,460.728515625,190.33770751953125,422.7995300292969,237.7718048095703,386.3460388183594,284.73565673828125,362.72662353515625,355.1551818847656,-1
2892,214.6124725341797,148.4375457763672,213.07052612304688,149.26763916015625,525.5513916015625,120.7265396118164,493.1529541015625,142.6065216064453,523.1728515625,161.1759796142578,511.93408203125,142.61575317382812,499.8022155761719,157.88731384277344,465.7563781738281,191.62213134765625,425.898193359375,234.80824279785156,391.9830322265625,275.3900146484375,364.0091857910156,345.2944641113281,-1
2893,214.65199279785156,148.44679260253906,213.08901977539062,149.28733825683594,530.8873291015625,112.2341079711914,503.062255859375,129.31256103515625,531.2842407226562,148.7338104248047,519.8803100585938,129.60733032226562,509.8395690917969,145.3807830810547,477.4078674316406,183.09226989746094,431.97021484375,227.76292419433594,394.7665100097656,270.3941650390625,362.1256408691406,333.30010986328125,-1
2894,214.59767150878906,148.43862915039062,213.03851318359375,149.2098388671875,535.8565673828125,95.13438415527344,511.71307373046875,107.22602844238281,537.6511840820312,128.56109619140625,527.57861328125,111.31067657470703,517.0718994140625,123.70803833007812,485.5851745605469,162.39942932128906,441.4759521484375,211.93130493164062,405.5325012207031,237.41897583007812,379.7132568359375,270.7173156738281,-1
2895,214.6187744140625,148.43051147460938,213.04855346679688,149.2010498046875,535.8603515625,95.1407241821289,511.7543640136719,107.21305847167969,537.6568603515625,128.52232360839844,527.6129760742188,111.3017349243164,517.092529296875,123.65753936767578,485.764404296875,161.93748474121094,441.4764404296875,211.93421936035156,405.5283508300781,237.42160034179688,379.7127380371094,270.71624755859375,-1
2896,214.63067626953125,148.5722198486328,496.33392333984375,154.37403869628906,532.0052490234375,89.02511596679688,511.5474853515625,99.45600891113281,537.2177124023438,120.47936248779297,526.259033203125,103.4635238647461,518.4475708007812,117.14958190917969,490.11309814453125,155.74290466308594,448.761962890625,212.6685028076172,408.1604919433594,235.39962768554688,349.5194091796875,284.02960205078125,-1
2897,214.60565185546875,148.69912719726562,483.86181640625,152.62289428710938,522.2197875976562,89.04097747802734,510.01812744140625,91.48709869384766,533.9434814453125,108.51636505126953,520.9583129882812,102.61264038085938,515.7320556640625,107.37581634521484,490.0276794433594,152.58767700195312,464.7777404785156,212.94395446777344,439.8187255859375,239.4156951904297,409.7728271484375,263.6036682128906,-1
2898,214.57081604003906,148.667236328125,482.8621520996094,152.29824829101562,517.9617919921875,89.1993408203125,508.7175598144531,90.93730926513672,531.7319946289062,104.624755859375,515.9979248046875,103.1090087890625,512.74609375,106.38956451416016,489.3387451171875,149.65338134765625,469.5939636230469,214.4175567626953,437.9622497558594,249.63052368164062,387.8490905761719,297.74481201171875,-1
2899,214.52110290527344,148.72903442382812,496.0021667480469,142.78729248046875,506.74517822265625,86.82719421386719,499.6822814941406,85.67916107177734,528.8152465820312,97.93766784667969,507.84698486328125,97.96959686279297,506.6282653808594,100.84292602539062,492.0649108886719,143.33285522460938,478.4146728515625,215.03970336914062,446.2051696777344,253.94300842285156,389.22247314453125,304.477783203125,-1
2900,214.5190887451172,148.73672485351562,495.48077392578125,144.27777099609375,506.9682922363281,86.88585662841797,499.675048828125,85.72545623779297,528.465576171875,97.97334289550781,507.35205078125,99.09143829345703,506.3536682128906,101.55015563964844,491.7456970214844,145.7371368408203,478.4207763671875,215.0242156982422,446.1833190917969,253.9600830078125,389.2188720703125,304.4687805175781,-1
2901,214.51278686523438,148.52468872070312,496.2593994140625,142.56248474121094,510.1285400390625,82.86660766601562,499.9184265136719,84.26263427734375,528.1148071289062,94.62590789794922,512.0630493164062,90.9603271484375,509.1097106933594,96.66896057128906,494.9856872558594,142.50648498535156,483.6542663574219,213.96058654785156,460.5335388183594,248.60763549804688,423.5423583984375,278.0762939453125,-1
2902,214.38145446777344,148.73049926757812,496.12969970703125,140.40525817871094,506.3077087402344,79.2330093383789,500.6632995605469,77.79752349853516,529.583984375,87.82588195800781,511.2564697265625,88.87882995605469,509.8728332519531,94.41443634033203,496.9569396972656,140.0732421875,486.9286804199219,211.91433715820312,466.8414611816406,256.37445068359375,412.442626953125,313.94659423828125,-1
2903,214.38427734375,148.59725952148438,507.4898376464844,125.54118347167969,513.04150390625,68.34767150878906,501.2680358886719,72.13134002685547,529.6080322265625,83.66363525390625,512.8523559570312,81.91937255859375,511.7875061035156,86.69374084472656,500.8973388671875,134.74520874023438,489.30999755859375,206.84136962890625,473.29522705078125,248.16436767578125,446.1876220703125,281.8362121582031,0
2904,214.4630889892578,148.53045654296875,497.6502990722656,126.48343658447266,525.7051391601562,44.66221237182617,504.2257385253906,58.440025329589844,532.4140625,72.61737823486328,520.6253051757812,58.86054992675781,514.4363403320312,72.52984619140625,502.3265075683594,124.32105255126953,491.8328552246094,183.20399475097656,485.9234313964844,213.33087158203125,470.6953430175781,243.5040740966797,0
2905,214.4608917236328,148.5513458251953,497.6509094238281,126.48324584960938,525.7051391601562,44.66220474243164,504.22576904296875,58.44004440307617,532.4140014648438,72.61715698242188,520.6253662109375,58.86050796508789,514.4364624023438,72.5296630859375,502.3265686035156,124.32003021240234,491.8324890136719,183.20474243164062,485.90966796875,213.3472442626953,470.6480407714844,243.53067016601562,0
2906,214.56405639648438,148.59046936035156,509.8876953125,76.28740692138672,528.9505004882812,36.28286361694336,506.6140441894531,55.38230895996094,537.4386596679688,69.31068420410156,524.4993286132812,54.00798797607422,517.8746337890625,67.41279602050781,505.8035888671875,114.87667846679688,490.6631164550781,177.94334411621094,480.996826171875,205.00115966796875,465.18218994140625,234.92657470703125,0
2907,214.42958068847656,148.7068328857422,512.8394165039062,78.80789947509766,535.2555541992188,37.12608337402344,510.7780456542969,64.42091369628906,542.7825927734375,73.82386016845703,527.7523193359375,59.35348129272461,523.5121459960938,73.75080108642578,506.5574951171875,116.47721099853516,487.9561767578125,178.6277618408203,468.6459655761719,198.43685913085938,424.0018005371094,234.60281372070312,0
2908,214.42498779296875,148.72789001464844,512.3653564453125,82.05937194824219,539.1408081054688,37.15814971923828,509.7901306152344,66.41059112548828,543.5685424804688,76.24076080322266,528.9749145507812,61.858367919921875,522.6135864257812,75.69729614257812,507.0458679199219,119.82211303710938,488.5937805175781,181.9819793701172,459.64794921875,203.57814025878906,409.9337158203125,241.41880798339844,0
2909,214.23416137695312,148.68731689453125,514.4454345703125,83.40037536621094,536.8484497070312,38.53403091430664,508.31695556640625,70.82362365722656,541.3245239257812,81.66207122802734,526.1871948242188,65.82073211669922,522.2647705078125,82.0633544921875,506.0035400390625,127.68333435058594,490.6465759277344,186.43478393554688,472.4278564453125,213.3623809814453,441.411865234375,240.85476684570312,0
2910,214.24905395507812,148.6767578125,514.4591064453125,83.42300415039062,536.8446655273438,38.54316329956055,508.2822265625,70.87245178222656,541.331298828125,81.65428161621094,526.1928100585938,65.83763885498047,522.2671508789062,82.11126708984375,506.2547302246094,127.64263153076172,490.6545104980469,186.39422607421875,472.43707275390625,213.3560333251953,441.4080810546875,240.85255432128906,0
2911,214.335205078125,148.7278594970703,512.9891967773438,84.85308837890625,533.7796630859375,39.493404388427734,504.3316650390625,72.54171752929688,539.2611083984375,83.31929779052734,524.208740234375,65.97311401367188,518.4349975585938,83.5865478515625,506.86529541015625,130.53375244140625,490.22528076171875,190.59417724609375,471.63751220703125,223.0100555419922,443.4311218261719,250.4888153076172,0
2912,214.41690063476562,148.5426025390625,513.1038818359375,85.05093383789062,532.3585205078125,42.49113464355469,501.6338195800781,74.4517593383789,534.196533203125,86.40684509277344,521.6403198242188,69.13871765136719,513.481689453125,86.3354263305664,503.4367370605469,134.67970275878906,488.82196044921875,200.2827911376953,469.1704406738281,241.09523010253906,439.76239013671875,274.7884521484375,0
2913,214.55728149414062,148.626708984375,495.9569396972656,142.55918884277344,530.2086181640625,48.14426040649414,499.370361328125,76.14925384521484,531.4026489257812,88.72427368164062,518.5236206054688,71.31131744384766,511.212646484375,88.6963882446289,498.9522705078125,139.26051330566406,488.874755859375,208.1287384033203,469.3703308105469,248.5531463623047,441.1794738769531,280.3867492675781,0
2914,214.44993591308594,148.4390869140625,495.0713806152344,141.71405029296875,506.41717529296875,68.06607055664062,486.4681701660156,84.06491088867188,519.8888549804688,89.69046783447266,504.290771484375,79.89739990234375,501.4244384765625,93.82675170898438,493.628173828125,142.73866271972656,488.81494140625,214.1826171875,473.1824035644531,260.54437255859375,451.0340881347656,301.8497009277344,0
2915,214.46652221679688,148.44427490234375,495.0538024902344,141.7661895751953,506.4198303222656,68.06957244873047,486.47491455078125,84.05947875976562,519.8914184570312,89.69578552246094,504.2932434082031,79.90145111083984,501.42266845703125,93.83248901367188,493.6476135253906,142.84503173828125,488.81011962890625,214.20713806152344,473.1780700683594,260.52423095703125,451.02056884765625,301.8766174316406,0
2916,214.4024200439453,148.41802978515625,494.12884521484375,140.3719940185547,501.119140625,78.59026336669922,479.7109375,89.39876556396484,513.8270263671875,94.61935424804688,498.17205810546875,86.82047271728516,496.5730285644531,99.32968139648438,491.80926513671875,143.65774536132812,490.74261474609375,214.71255493164062,473.4101257324219,263.12725830078125,450.1152648925781,303.9325256347656,0
2917,214.33644104003906,148.31007385253906,495.9901123046875,150.5855712890625,485.8546142578125,88.24942016601562,480.28350830078125,97.85145568847656,512.1279296875,97.92505645751953,492.4713134765625,99.25853729248047,495.0310974121094,106.41783142089844,492.31781005859375,146.16323852539062,491.44781494140625,215.98944091796875,471.7072448730469,263.76336669921875,428.6254577636719,331.7735290527344,-1
2918,214.30259704589844,148.36532592773438,494.40228271484375,141.6102752685547,489.4440002441406,92.22627258300781,481.170654296875,98.052734375,513.544677734375,98.1885757446289,493.443359375,99.67559814453125,495.7737731933594,107.28206634521484,491.71270751953125,144.4731903076172,490.8715515136719,215.18943786621094,471.6829528808594,262.1925964355469,429.4265441894531,332.04925537109375,-1
2919,214.32948303222656,148.44265747070312,494.3564453125,140.2836151123047,491.5914001464844,88.70037841796875,482.3752746582031,97.05451202392578,514.9088745117188,96.72463989257812,494.96978759765625,99.79650115966797,495.2763671875,107.20863342285156,491.7489318847656,142.76963806152344,488.5115966796875,214.50961303710938,468.3327941894531,260.6643981933594,427.63763427734375,329.6156921386719,-1
2920,214.3711395263672,148.46315002441406,494.3540344238281,140.35525512695312,491.71710205078125,88.77125549316406,482.2485656738281,97.04210662841797,514.9215698242188,96.69851684570312,494.99755859375,99.88484954833984,495.2723083496094,107.28936767578125,491.7558898925781,142.89614868164062,488.512939453125,214.50497436523438,468.32843017578125,260.67779541015625,427.6650695800781,329.5604248046875,-1
2921,214.4031524658203,148.42518615722656,494.2890930175781,141.15634155273438,491.52276611328125,89.13572692871094,484.1932678222656,97.18431854248047,515.1605224609375,98.15614318847656,497.8221435546875,102.06999206542969,495.4724426269531,107.72026824951172,491.1913146972656,143.8622589111328,487.9359130859375,214.38951110839844,468.06494140625,260.97088623046875,425.8265075683594,328.96453857421875,-1
2922,214.43450927734375,148.4701385498047,493.4258728027344,111.45576477050781,503.36346435546875,85.82621765136719,481.0221252441406,96.78958129882812,515.1171264648438,103.3013687133789,498.3497009277344,95.18511962890625,496.74945068359375,106.38215637207031,490.64532470703125,146.47840881347656,488.5507507324219,215.37294006347656,469.2659606933594,263.1597900390625,428.3881530761719,330.1202087402344,-1
2923,214.47735595703125,148.28375244140625,495.027099609375,150.53530883789062,504.2926940917969,85.9897689819336,481.8185119628906,98.37496948242188,514.9330444335938,104.52301788330078,499.43975830078125,95.59488677978516,496.731201171875,107.83013153076172,491.007568359375,148.19569396972656,488.6679382324219,215.12205505371094,471.3047180175781,263.2864990234375,448.150390625,303.9983215332031,-1
2924,214.4397430419922,148.43397521972656,495.37823486328125,150.99301147460938,493.4861145019531,94.37232971191406,482.126220703125,101.8489990234375,516.6930541992188,102.71319580078125,498.4089050292969,101.45475006103516,498.2552185058594,109.18296813964844,491.6676940917969,147.83226013183594,488.2504577636719,213.87435913085938,472.70440673828125,261.22723388671875,450.6239013671875,303.5030822753906,-1
2925,214.45550537109375,148.431884765625,495.3762512207031,151.01072692871094,493.4244079589844,94.41980743408203,482.0226745605469,101.9371109008789,516.6832275390625,102.72224426269531,498.35235595703125,101.48948669433594,498.20843505859375,109.27227783203125,491.6677551269531,147.85951232910156,488.2432556152344,213.869140625,472.6744079589844,261.2103271484375,450.6210632324219,303.386962890625,-1
2926,214.3680419921875,148.28439331054688,495.69036865234375,150.8529510498047,492.10638427734375,94.72822570800781,482.38897705078125,101.40128326416016,515.0074462890625,100.95988464355469,497.6903076171875,102.2845458984375,497.3653869628906,108.52168273925781,492.0565490722656,147.63609313964844,488.725830078125,213.68264770507812,474.9892578125,257.9343566894531,453.85223388671875,299.5469665527344,-1
2927,214.54092407226562,148.42303466796875,496.709716796875,150.20326232910156,492.25860595703125,92.39090728759766,483.13897705078125,99.6712875366211,514.220947265625,98.0394058227539,497.6173400878906,102.058349609375,496.0580139160156,107.29503631591797,493.5414733886719,146.1707763671875,490.3679504394531,211.2025146484375,478.820556640625,250.07423400878906,462.8357238769531,283.93170166015625,-1
2928,214.44187927246094,148.74623107910156,494.9189453125,141.47454833984375,491.9969177246094,90.64566040039062,482.7899475097656,98.88654327392578,513.728759765625,95.79608154296875,498.4216003417969,101.52426147460938,494.6292724609375,106.23828887939453,493.5504150390625,144.78480529785156,489.33258056640625,211.99598693847656,477.3079528808594,250.90745544433594,460.5635070800781,285.1213684082031,-1
2929,214.40443420410156,148.80348205566406,496.9521179199219,150.26185607910156,493.0974426269531,90.65992736816406,482.7741394042969,98.58209228515625,512.9419555664062,96.1587905883789,498.81500244140625,100.9263916015625,494.7476501464844,106.56505584716797,497.22955322265625,146.0696563720703,488.8417053222656,213.24578857421875,474.4183654785156,254.03805541992188,453.1353454589844,291.75286865234375,-1
2930,214.40615844726562,148.8054962158203,496.8743591308594,150.25486755371094,492.99957275390625,90.81575775146484,482.75201416015625,98.53120422363281,512.953125,96.15434265136719,498.80609130859375,100.98656463623047,494.65216064453125,106.65836334228516,497.1598815917969,146.1134796142578,488.846435546875,213.2353057861328,474.4090270996094,253.99383544921875,453.176513671875,291.73052978515625,-1
2931,214.4125213623047,148.6044158935547,496.9012145996094,150.38433837890625,493.57958984375,87.7698745727539,484.5794372558594,97.92279815673828,514.4208984375,94.83802795410156,497.75531005859375,102.34593200683594,494.2908020019531,106.43055725097656,498.07574462890625,145.0017547607422,490.72216796875,213.24884033203125,477.1465148925781,252.57150268554688,459.7064514160156,286.8327331542969,-1
2932,214.3861846923828,148.50796508789062,495.77764892578125,139.2547607421875,512.7047729492188,92.4167251586914,514.1934814453125,83.85575866699219,515.310791015625,85.67300415039062,491.8902893066406,120.0153579711914,492.2246398925781,130.61810302734375,496.0043640136719,140.3766632080078,491.91888427734375,211.7512664794922,480.0378723144531,251.4981231689453,466.7267761230469,287.3154602050781,-1
2933,214.56980895996094,148.41673278808594,495.47967529296875,138.390625,495.0193786621094,85.6406021118164,486.50335693359375,85.3810806274414,515.4132080078125,85.76583099365234,499.1414489746094,101.47095489501953,491.9003601074219,122.64598083496094,496.552734375,138.090087890625,491.6450500488281,210.57418823242188,479.9176330566406,259.2297668457031,466.4881286621094,301.716552734375,-1
2934,214.47357177734375,148.4737091064453,495.3089599609375,136.1605682373047,480.18023681640625,69.59220886230469,476.7059020996094,85.10852813720703,503.3808898925781,79.74342346191406,487.64776611328125,80.17533111572266,489.0528564453125,89.45321655273438,494.865478515625,134.6056671142578,491.1561584472656,208.9160919189453,476.9272766113281,256.1849365234375,460.1648254394531,299.9471740722656,0
2935,214.56117248535156,148.53195190429688,496.727783203125,135.63925170898438,473.0235290527344,65.66056060791016,470.9960632324219,82.17369842529297,498.63336181640625,74.12955474853516,480.62158203125,72.32295227050781,486.0474853515625,83.28882598876953,493.609375,131.6259307861328,492.5529479980469,207.36920166015625,477.0556335449219,255.4628448486328,456.01751708984375,306.5981140136719,0
2936,214.6370391845703,148.49603271484375,487.9190979003906,80.45606994628906,466.8779296875,63.733516693115234,467.6233825683594,82.1719970703125,492.9229431152344,69.28025817871094,477.3547668457031,70.4561996459961,483.418212890625,81.34410095214844,495.211181640625,129.51573181152344,496.5026550292969,202.9921417236328,480.86041259765625,250.43409729003906,458.1877746582031,307.5784606933594,0
2937,214.63320922851562,148.49887084960938,487.86492919921875,80.39784240722656,466.8744201660156,63.79037857055664,467.6551513671875,82.04495239257812,492.9853820800781,69.19696044921875,477.3089904785156,70.32575988769531,483.45458984375,81.1842269897461,495.25164794921875,129.0733642578125,496.4906921386719,202.98292541503906,480.862060546875,250.4523468017578,458.1933898925781,307.5331115722656,0
2938,214.50726318359375,148.55355834960938,486.4247131347656,78.62608337402344,463.938232421875,58.91761779785156,465.24456787109375,80.33329010009766,491.2304992675781,66.37765502929688,474.53167724609375,67.31855773925781,480.7489318847656,79.32099151611328,497.30682373046875,127.52806091308594,499.6120910644531,198.29151916503906,487.135498046875,247.75128173828125,465.7613830566406,299.98016357421875,0
2939,214.5494842529297,148.77255249023438,484.3551940917969,162.27377319335938,462.9120788574219,48.336055755615234,464.8218994140625,75.34162139892578,489.2823486328125,61.477516174316406,474.2906799316406,61.74312973022461,479.84417724609375,73.29208374023438,502.96856689453125,120.25677490234375,510.17803955078125,183.27285766601562,502.7825622558594,227.6817626953125,488.45721435546875,275.8248291015625,0
2940,214.53858947753906,148.59877014160156,482.29693603515625,76.9503402709961,459.95599365234375,46.64799880981445,463.1687316894531,74.17713928222656,488.9671936035156,59.05970001220703,472.6415100097656,60.91393280029297,480.56475830078125,73.18273162841797,503.3700256347656,118.38450622558594,514.4132080078125,179.4923095703125,508.0034484863281,228.13027954101562,490.6380615234375,280.8137512207031,0
2941,214.6446075439453,148.49085998535156,483.1621398925781,159.2802734375,450.013671875,50.51715850830078,456.4728698730469,77.20549774169922,479.8657531738281,55.607425689697266,463.0663146972656,61.51847839355469,473.0357666015625,72.1752700805664,501.3128967285156,113.51715850830078,522.1112670898438,172.53939819335938,525.2561645507812,215.7203826904297,522.9928588867188,261.4410095214844,0
2942,214.64601135253906,148.49671936035156,483.4168701171875,159.46908569335938,450.0007629394531,50.49137878417969,456.4462890625,77.23672485351562,479.8678894042969,55.58729553222656,463.064453125,61.508296966552734,473.0365905761719,72.20524597167969,501.1163024902344,113.26741027832031,522.1823120117188,172.38633728027344,525.2655029296875,215.89999389648438,523.019287109375,261.4117126464844,0
2943,214.43238830566406,148.49664306640625,485.3468933105469,152.27366638183594,437.96978759765625,57.54497146606445,452.8155822753906,80.23082733154297,472.2742919921875,52.36626052856445,454.6844177246094,62.27666473388672,467.73583984375,70.62508392333984,500.165771484375,109.2559814453125,522.7542724609375,168.68792724609375,527.7806396484375,216.52159118652344,524.9014282226562,293.2142028808594,0
2944,214.42958068847656,148.2768096923828,492.9096374511719,152.91421508789062,423.1424865722656,63.44886779785156,442.365966796875,85.11759948730469,455.94415283203125,55.2619743347168,441.73260498046875,66.39434051513672,455.070556640625,72.70745086669922,499.8218078613281,103.71565246582031,529.0023193359375,152.79275512695312,529.1310424804688,203.30520629882812,519.2069702148438,277.09051513671875,0
2945,214.3084716796875,148.45303344726562,492.82403564453125,155.5498809814453,420.0050048828125,66.79026794433594,436.73590087890625,87.04740905761719,446.72674560546875,55.169586181640625,434.876708984375,68.29290771484375,447.77130126953125,74.16697692871094,495.55560302734375,99.01311492919922,536.7491455078125,139.18373107910156,538.4947509765625,190.83187866210938,528.457275390625,239.02853393554688,0
2946,214.33055114746094,148.31422424316406,494.1712646484375,152.34063720703125,402.135986328125,72.96238708496094,424.6620788574219,91.89346313476562,431.3730773925781,59.00645446777344,419.9552307128906,73.7574691772461,433.6626892089844,77.02312469482422,487.22613525390625,84.3777084350586,540.9774780273438,105.60768127441406,564.6815795898438,147.82373046875,564.6173706054688,193.265380859375,0
2947,214.32855224609375,148.31369018554688,494.1531066894531,152.34939575195312,402.13568115234375,72.96196746826172,424.65887451171875,91.8921890258789,431.3730163574219,59.00592803955078,419.9555969238281,73.7572021484375,433.6630859375,77.02181243896484,487.22210693359375,84.3795166015625,540.9776000976562,105.6080093383789,564.6824951171875,147.81924438476562,564.6185302734375,193.2638702392578,0
2948,214.347900390625,148.45492553710938,494.6564636230469,150.35482788085938,394.0473327636719,76.5654067993164,419.38525390625,95.94725036621094,424.35357666015625,64.6722412109375,415.404541015625,76.51390075683594,427.8231201171875,78.97478485107422,480.7237243652344,78.83863830566406,537.8796997070312,95.60295104980469,566.7892456054688,134.11904907226562,572.7919921875,184.18763732910156,0
2949,214.4013671875,148.69271850585938,494.0541687011719,149.39231872558594,378.3677978515625,85.87914276123047,409.1939392089844,103.71923828125,410.4559326171875,72.67692565917969,400.0320129394531,85.5467758178711,416.7164611816406,86.16146850585938,470.6233215332031,76.31370544433594,529.8312377929688,84.3735580444336,564.0343017578125,120.51187896728516,573.7613525390625,183.0392608642578,0
2950,214.3735809326172,148.63137817382812,493.7088928222656,149.4744415283203,370.7513427734375,88.84794616699219,402.12579345703125,105.62376403808594,401.81976318359375,75.15735626220703,391.84228515625,87.10958099365234,406.38006591796875,89.36602783203125,458.7691345214844,77.03856658935547,521.8416748046875,82.73765563964844,563.1959228515625,119.99698638916016,580.7059936523438,181.96788024902344,0
2951,214.4946746826172,148.5697784423828,493.3842468261719,149.8347625732422,353.0114440917969,89.81366729736328,383.4788513183594,109.45626068115234,386.4253845214844,78.00967407226562,376.7433776855469,89.74138641357422,391.0324401855469,93.1714859008789,441.8019714355469,84.51398468017578,504.9779968261719,90.40632629394531,543.285888671875,118.5418930053711,557.5238037109375,152.4700164794922,0
2952,214.50131225585938,148.5691680908203,493.3578796386719,149.82205200195312,353.0132751464844,89.81410217285156,383.4888000488281,109.44367218017578,386.4293518066406,77.98992156982422,376.7421875,89.73699188232422,391.040771484375,93.16626739501953,441.858642578125,84.54297637939453,504.9911804199219,90.45958709716797,543.3004150390625,118.54869079589844,557.51611328125,152.4659881591797,0
2953,214.41941833496094,148.4684600830078,493.33221435546875,150.625732421875,347.3704528808594,90.62136840820312,379.4647521972656,112.90067291259766,384.0778503417969,79.81749725341797,371.2226257324219,92.63462829589844,386.4797058105469,95.7049560546875,437.8611145019531,86.78581237792969,497.48858642578125,86.39828491210938,532.6463623046875,116.3432846069336,542.4404907226562,155.59625244140625,0
2954,214.41949462890625,148.38316345214844,493.4032897949219,150.27093505859375,339.9794006347656,98.37147521972656,372.8158264160156,118.5644760131836,375.76531982421875,85.55619812011719,364.2141418457031,98.04568481445312,379.7717590332031,100.30196380615234,427.5903015136719,86.80982208251953,487.90289306640625,78.5076675415039,528.480224609375,104.39945220947266,543.6370849609375,145.6171875,0
2955,214.38873291015625,148.4923858642578,493.3619079589844,150.1776580810547,336.1636047363281,100.10345458984375,371.3124084472656,120.70893096923828,374.81060791015625,87.30704498291016,362.3399963378906,100.01399993896484,377.96649169921875,101.38323211669922,424.9281311035156,85.55123138427734,484.5613708496094,71.26565551757812,527.4970092773438,95.22981262207031,545.9119262695312,131.37637329101562,0
2956,214.4583740234375,148.6186981201172,493.2892761230469,149.99771118164062,336.0403137207031,92.20340728759766,368.4058532714844,120.52210235595703,375.62579345703125,87.60693359375,361.5458984375,99.31597137451172,376.74017333984375,102.00292205810547,422.462158203125,85.93388366699219,476.3728332519531,65.4676742553711,529.6824951171875,83.81244659423828,569.428955078125,133.3084259033203,0
2957,214.4580841064453,148.6203155517578,493.2638854980469,150.016357421875,336.04498291015625,92.21363830566406,368.3428039550781,120.56092834472656,375.5690612792969,87.68492889404297,361.47503662109375,99.38065338134766,376.6814880371094,102.04871368408203,422.4641418457031,85.94035339355469,476.3642578125,65.47057342529297,529.7022705078125,83.790771484375,569.321533203125,133.30580139160156,0
2958,214.52658081054688,148.5797882080078,493.1360168457031,149.99168395996094,331.3280944824219,85.29751586914062,361.2855529785156,116.72737121582031,373.11480712890625,84.7029800415039,357.10357666015625,93.99879455566406,372.29681396484375,98.68926239013672,417.9933166503906,84.92305755615234,471.0868835449219,64.19584655761719,524.288818359375,78.361328125,565.904052734375,127.18126678466797,0
2959,214.4814453125,148.49427795410156,493.17388916015625,150.0443572998047,325.1465759277344,74.61177825927734,352.9502258300781,111.01162719726562,369.519287109375,80.75439453125,350.3543395996094,89.48958587646484,365.62200927734375,96.56626892089844,409.1070861816406,88.94271087646484,463.4641418457031,78.16549682617188,517.0993041992188,89.27894592285156,547.2976684570312,116.56736755371094,0
2960,214.5467987060547,148.5553436279297,493.06475830078125,149.53573608398438,324.2566223144531,73.17656707763672,350.0684509277344,110.8731689453125,366.90850830078125,81.3247299194336,347.5998229980469,88.4355697631836,362.7613830566406,97.72139739990234,409.1104736328125,96.10897064208984,462.107666015625,87.33099365234375,495.9890441894531,98.64393615722656,324.54119873046875,72.75345611572266,0
2961,214.57623291015625,148.65231323242188,490.8494567871094,149.46421813964844,323.2218933105469,73.3138656616211,347.3861083984375,111.54461669921875,366.7779235839844,82.4264144897461,346.2494812011719,88.68860626220703,361.5714416503906,98.69873809814453,407.5535888671875,100.9771728515625,459.08843994140625,95.2940444946289,488.8057861328125,110.3609619140625,468.11798095703125,114.32044219970703,0
2962,214.56065368652344,148.7107391357422,490.8951416015625,149.41294860839844,323.1817626953125,73.29967498779297,347.38409423828125,111.62100219726562,366.78857421875,82.47817993164062,346.2076110839844,88.7326431274414,361.5848083496094,98.739990234375,407.76959228515625,100.8609619140625,458.9938049316406,94.69935607910156,488.8591003417969,110.37289428710938,468.15032958984375,114.36515045166016,0
2963,214.51736450195312,148.6696319580078,491.36224365234375,150.17083740234375,324.6920471191406,75.7525405883789,350.40838623046875,113.66265106201172,370.0251159667969,85.80020904541016,349.91400146484375,91.38835906982422,364.3223571777344,100.54596710205078,407.2385559082031,102.50439453125,457.9302978515625,95.68099975585938,487.1205139160156,110.1983413696289,468.5176696777344,114.53044891357422,0
2964,214.68539428710938,148.59197998046875,490.99737548828125,150.10374450683594,330.46844482421875,83.32100677490234,359.3203125,118.272705078125,376.2642517089844,88.37883758544922,356.29217529296875,95.90092468261719,370.70703125,103.95420837402344,411.57391357421875,101.24860382080078,460.9947814941406,98.36943054199219,485.5864562988281,114.0633316040039,469.0368347167969,114.7202377319336,0
2965,214.51832580566406,148.6545867919922,490.99774169921875,149.736572265625,338.5770263671875,79.42790222167969,363.88372802734375,119.10023498535156,381.98162841796875,90.25646209716797,361.7687683105469,96.13758850097656,376.30889892578125,105.39012908935547,414.4005432128906,101.56884002685547,460.1683349609375,96.4066162109375,487.0701904296875,111.73621368408203,468.7227783203125,114.7310562133789,0
2966,214.3800506591797,148.6076202392578,491.5060729980469,149.69004821777344,352.7728271484375,66.2439956665039,366.987060546875,114.23139953613281,392.5321350097656,93.06714630126953,368.0234375,92.69609832763672,380.5208435058594,105.93035125732422,417.41961669921875,106.85924530029297,460.3760681152344,97.1705093383789,489.2508850097656,112.38224792480469,468.4246826171875,115.07872772216797,0
2967,214.37913513183594,148.60830688476562,491.505126953125,149.68698120117188,352.7846374511719,66.24441528320312,366.9961853027344,114.23243713378906,392.5289611816406,93.06745910644531,368.0203857421875,92.69400024414062,380.519775390625,105.92736053466797,417.41168212890625,106.84064483642578,460.4022521972656,97.16006469726562,489.23968505859375,112.38541412353516,468.41839599609375,115.09110260009766,0
2968,214.33018493652344,148.6268768310547,491.32208251953125,149.36920166015625,357.4139099121094,62.43625259399414,366.60491943359375,109.23039245605469,395.38800048828125,92.2465591430664,370.6147766113281,89.00850677490234,383.231201171875,103.73365020751953,419.04150390625,108.64844512939453,460.0596923828125,98.08572387695312,486.118896484375,113.51402282714844,468.0037841796875,115.30866241455078,0
2969,214.3966064453125,148.69073486328125,491.37445068359375,149.8791961669922,362.28692626953125,58.89246368408203,370.89251708984375,108.64897918701172,400.48773193359375,92.11974334716797,376.68133544921875,87.51993560791016,386.5175476074219,103.17058563232422,420.9523010253906,109.73971557617188,459.83709716796875,97.87004852294922,485.9664306640625,113.06978607177734,468.8123779296875,115.018310546875,0
2970,214.37057495117188,148.59054565429688,491.7952880859375,149.3954620361328,364.0319519042969,63.145145416259766,371.66339111328125,110.17230224609375,402.154052734375,94.25806427001953,378.1867370605469,88.60575103759766,387.8854064941406,104.57584381103516,421.6500549316406,110.23592376708984,458.94573974609375,98.62096405029297,485.454345703125,112.33838653564453,468.2079772949219,115.35445404052734,0
2971,214.33815002441406,148.74444580078125,493.6191101074219,150.13265991210938,364.2828674316406,67.75769805908203,372.6736145019531,114.51731872558594,403.68206787109375,95.0140609741211,379.4750061035156,92.94322204589844,390.414794921875,107.24214935302734,422.8728942871094,110.57173919677734,456.4112548828125,102.45909118652344,502.8158264160156,111.4462890625,573.7959594726562,144.38320922851562,0
2972,214.3383331298828,148.74423217773438,493.6194152832031,150.1322479248047,364.2828674316406,67.75769805908203,372.6735534667969,114.51725769042969,403.68206787109375,95.01408386230469,379.4749755859375,92.94318389892578,390.4148254394531,107.24220275878906,422.8728942871094,110.57192993164062,456.4112243652344,102.45904541015625,502.8157043457031,111.44619750976562,573.7944946289062,144.38299560546875,0
2973,214.4806365966797,148.68753051757812,493.70556640625,150.24009704589844,367.25115966796875,70.91447448730469,374.09417724609375,116.0551986694336,405.9095764160156,96.4450454711914,381.5942687988281,95.21951293945312,391.8529968261719,109.00748443603516,424.4724426269531,111.32256317138672,455.6381530761719,102.37399291992188,508.5738830566406,110.96959686279297,571.9927978515625,143.72677612304688,0
2974,214.4323272705078,148.6971893310547,494.2875061035156,150.22515869140625,375.36328125,76.2034683227539,374.8924560546875,116.7983627319336,409.0837097167969,102.16585540771484,385.11944580078125,97.51556396484375,393.74847412109375,110.77754974365234,427.8736877441406,108.54368591308594,455.6356201171875,103.62322998046875,494.6915588378906,114.55277252197266,572.9971313476562,140.58499145507812,0
2975,214.5307159423828,148.7069854736328,494.2953796386719,150.22120666503906,377.84747314453125,74.26470947265625,376.4217834472656,115.20718383789062,412.3913269042969,102.21456909179688,386.5450439453125,96.41265869140625,395.4707946777344,108.80747985839844,429.6091003417969,108.16106414794922,455.6891174316406,103.69082641601562,493.37835693359375,114.19721221923828,574.5040283203125,142.43373107910156,0
2976,214.44969177246094,148.78973388671875,494.3267517089844,150.2375946044922,381.7703857421875,75.09120178222656,378.23419189453125,114.95538330078125,414.2099609375,100.8798828125,388.86297607421875,96.25885772705078,396.8658447265625,108.53540802001953,430.2894592285156,108.2340087890625,456.8410339355469,104.32935333251953,545.6793823242188,122.63365936279297,576.0376586914062,143.85183715820312,0
2977,214.52911376953125,148.90264892578125,494.3348693847656,150.3951873779297,386.5545349121094,74.78925323486328,381.9463806152344,115.66461944580078,420.0796813964844,102.552001953125,393.5576477050781,96.54442596435547,399.75457763671875,108.41725158691406,430.04437255859375,108.25646209716797,455.6902770996094,104.29954528808594,546.3405151367188,123.02314758300781,576.6453857421875,142.93353271484375,0
2978,214.55946350097656,148.8448944091797,494.2467041015625,150.43263244628906,389.6861267089844,78.44014739990234,382.9237976074219,115.66114044189453,421.2558288574219,104.47476196289062,394.5544128417969,97.35084533691406,401.0791015625,109.37810516357422,430.8797912597656,107.87882995605469,454.98077392578125,103.71681213378906,546.5671997070312,123.10282897949219,576.8180541992188,142.9662628173828,0
2979,214.49844360351562,148.94781494140625,494.1520690917969,150.40809631347656,396.1311340332031,80.01271057128906,386.4923400878906,118.8986587524414,423.7078857421875,104.69182586669922,398.7677001953125,99.82398223876953,404.2044982910156,110.52133178710938,421.23883056640625,115.8707046508789,454.24395751953125,103.334228515625,493.79766845703125,113.9946517944336,576.8993530273438,142.7247314453125,0
2980,214.4515838623047,148.781005859375,494.0557861328125,150.58856201171875,394.1903991699219,77.76758575439453,384.93145751953125,116.42999267578125,423.294677734375,104.7018814086914,397.55615234375,98.26576232910156,403.1096496582031,109.96487426757812,418.3228759765625,117.23146057128906,454.255859375,104.02442932128906,545.58154296875,121.85704040527344,574.8289794921875,141.92665100097656,0
2981,214.4188232421875,148.86341857910156,494.0408630371094,150.67501831054688,394.9141845703125,78.36126708984375,386.1786804199219,118.18939208984375,424.02557373046875,104.69209289550781,398.5395202636719,99.10277557373047,404.1744384765625,110.10484313964844,419.08917236328125,117.61349487304688,453.93853759765625,103.81922912597656,545.4442749023438,121.82118225097656,575.0606689453125,142.35693359375,0
2982,214.39865112304688,148.8767852783203,494.04522705078125,150.60638427734375,394.9178466796875,78.4781494140625,386.1944274902344,118.17947387695312,423.9778747558594,104.70309448242188,398.46990966796875,99.16658782958984,404.1434631347656,110.14776611328125,419.0685119628906,117.67798614501953,453.9678039550781,103.77391815185547,545.4525756835938,121.84400939941406,575.0652465820312,142.35682678222656,0
2983,214.2756805419922,148.73944091796875,494.2919616699219,150.51055908203125,395.70440673828125,79.6334457397461,386.22186279296875,118.58209991455078,425.5791015625,105.24242401123047,399.0884704589844,99.53482818603516,404.2578125,110.4266128540039,420.07244873046875,116.6203842163086,454.4227294921875,104.23979187011719,546.3007202148438,121.90626525878906,576.9520263671875,142.63345336914062,0
2984,214.3521270751953,148.7891387939453,493.8576965332031,150.28619384765625,396.9238586425781,79.79004669189453,385.8426513671875,118.70508575439453,425.33966064453125,105.55327606201172,399.1960144042969,99.99578857421875,403.6639404296875,110.24519348144531,420.09820556640625,116.18580627441406,454.1344299316406,104.6496810913086,545.612548828125,121.84638977050781,574.3377685546875,142.46534729003906,0
2985,214.53614807128906,148.69540405273438,494.083984375,150.43252563476562,396.7419128417969,79.68785858154297,384.80426025390625,117.6375732421875,423.8271179199219,105.5804443359375,398.77685546875,99.51701354980469,403.45611572265625,110.35444641113281,418.4173278808594,117.42171478271484,453.8857421875,104.5540542602539,545.6185302734375,121.78700256347656,574.7821044921875,142.04507446289062,0
2986,214.55560302734375,148.72035217285156,494.09075927734375,150.49853515625,396.7106018066406,79.67938232421875,384.7933654785156,117.58085632324219,423.6871032714844,105.54449462890625,398.65472412109375,99.50479125976562,403.326416015625,110.30624389648438,418.3824768066406,117.48458862304688,453.88177490234375,104.54505157470703,545.657470703125,121.79290008544922,574.7783813476562,142.03468322753906,0
2987,214.49417114257812,148.58644104003906,494.1162414550781,150.344482421875,395.1906433105469,77.74028015136719,382.81536865234375,116.14668273925781,422.3478698730469,105.26102447509766,396.6299743652344,98.48262023925781,401.7051696777344,109.73126220703125,429.36431884765625,107.68633270263672,454.02593994140625,104.751220703125,544.2835693359375,120.79611206054688,574.0947265625,141.77455139160156,0
2988,214.39755249023438,148.556884765625,494.1478271484375,150.3721923828125,391.52294921875,80.62052917480469,382.0356140136719,118.27055358886719,421.2752685546875,106.50263977050781,394.72418212890625,99.71065521240234,399.541748046875,109.97472381591797,430.5495910644531,103.27278900146484,453.7223815917969,104.71578979492188,545.2008666992188,121.33897399902344,574.7232666015625,142.0807647705078,0
2989,214.44969177246094,148.76559448242188,494.0633239746094,150.3669891357422,397.01983642578125,81.97785186767578,382.2894592285156,118.35787200927734,421.4949035644531,106.94547271728516,395.4136047363281,99.60982513427734,399.7243347167969,110.19871520996094,430.3954772949219,103.54358673095703,453.8923645019531,104.77458953857422,546.17578125,122.02688598632812,576.193603515625,142.9717254638672,0
2990,214.48385620117188,148.75892639160156,494.0970764160156,150.253662109375,389.4231872558594,79.59383392333984,381.7379150390625,118.42174530029297,420.5865478515625,105.53584289550781,393.6378479003906,99.22395324707031,399.3674621582031,110.27979278564453,431.31890869140625,103.3709945678711,454.240478515625,104.8089370727539,546.2028198242188,121.7413330078125,576.8101196289062,142.67355346679688,0
2991,214.4486846923828,148.71798706054688,494.12677001953125,150.25584411621094,389.4698486328125,79.55509948730469,381.7250671386719,118.39384460449219,420.5953674316406,105.54872131347656,393.65374755859375,99.22157287597656,399.37738037109375,110.26080322265625,431.3114929199219,103.37052154541016,454.2393798828125,104.82583618164062,546.12158203125,121.64183044433594,576.9326782226562,142.49472045898438,0
2992,214.36080932617188,148.6585693359375,494.24749755859375,150.2843780517578,385.13348388671875,79.26475524902344,380.6941833496094,117.46977996826172,418.4793395996094,102.92237091064453,391.7134704589844,97.54195404052734,399.349609375,109.44835662841797,428.90252685546875,106.05252075195312,454.396484375,104.90298461914062,545.3177490234375,121.02250671386719,576.6826171875,142.46759033203125,0
2993,214.41281127929688,148.63856506347656,494.1976623535156,150.3478240966797,383.9925537109375,79.33142852783203,379.7826232910156,117.57720184326172,417.71295166015625,102.2659683227539,390.9596862792969,97.6190185546875,398.77685546875,109.10317993164062,428.3776550292969,105.59871673583984,454.71771240234375,104.93717956542969,545.0088500976562,120.86040496826172,574.8265991210938,141.9849090576172,0
2994,214.36329650878906,148.49559020996094,494.2376403808594,150.1018524169922,384.54541015625,79.42061614990234,379.0975646972656,117.3665771484375,417.6620788574219,102.25385284423828,390.36474609375,98.68450927734375,398.33856201171875,109.35894775390625,429.94622802734375,103.02825164794922,454.6630554199219,105.12735748291016,545.0380249023438,120.78311157226562,575.1420288085938,142.1626739501953,0
2995,214.26870727539062,148.50753784179688,494.1550598144531,150.134521484375,387.142578125,80.29437255859375,379.4370422363281,117.75922393798828,418.0997009277344,102.78592681884766,391.20013427734375,98.66326904296875,398.49896240234375,109.45172119140625,429.4247131347656,102.55279541015625,454.4658203125,105.09550476074219,544.8390502929688,120.74260711669922,576.8541259765625,142.64878845214844,0
2996,214.27008056640625,148.50990295410156,494.1705017089844,150.17539978027344,387.12591552734375,80.29766845703125,379.43701171875,117.75760650634766,418.09735107421875,102.78267669677734,391.19207763671875,98.66011047363281,398.4958190917969,109.45533752441406,429.42352294921875,102.55488586425781,454.4500427246094,105.0948257446289,544.8025512695312,120.67664337158203,576.8350830078125,142.63670349121094,0
2997,214.34780883789062,148.5891876220703,494.15032958984375,150.14234924316406,388.0872802734375,79.73040771484375,380.2805480957031,117.7547607421875,419.55645751953125,105.38284301757812,391.9519958496094,98.78086853027344,397.9903869628906,108.98603057861328,429.7536315917969,102.61492919921875,454.354248046875,105.05364990234375,544.8167114257812,120.60504913330078,574.9573974609375,142.07821655273438,0
2998,214.32931518554688,148.55087280273438,494.2612609863281,150.17431640625,387.5944519042969,77.22107696533203,380.6419677734375,115.55586242675781,420.7496643066406,103.3140869140625,394.49688720703125,97.24497985839844,398.94189453125,106.88825988769531,415.449462890625,115.38501739501953,454.2574462890625,105.25837707519531,540.697509765625,118.47073364257812,573.7899169921875,141.37118530273438,0
2999,214.44683837890625,148.5775146484375,494.1840515136719,150.2117156982422,387.0281066894531,77.13654327392578,380.4872131347656,115.1104736328125,421.07305908203125,102.57212829589844,394.4720764160156,96.31622314453125,399.02032470703125,106.12937927246094,415.4247131347656,114.91081237792969,454.12030029296875,105.16405487060547,544.2935791015625,120.33788299560547,573.799072265625,141.2775115966797,0
3000,214.5675048828125,148.63967895507812,494.1485595703125,150.19374084472656,384.46685791015625,78.95158386230469,380.6607360839844,114.84707641601562,421.0057067871094,102.10137176513672,394.3680114746094,95.80314636230469,399.0511169433594,105.66586303710938,415.6488037109375,114.64767456054688,454.18695068359375,105.25181579589844,544.243896484375,120.27432250976562,573.7603149414062,141.38818359375,0
3001,214.4830322265625,148.54251098632812,494.3257141113281,150.2821502685547,384.4992980957031,77.84159851074219,380.20672607421875,115.07087707519531,420.0282287597656,101.78669738769531,393.14105224609375,95.6123275756836,399.1665954589844,107.3852310180664,415.5911560058594,114.18638610839844,454.16827392578125,105.14714813232422,545.3406982421875,120.81292724609375,575.109619140625,142.11996459960938,0
3002,214.4287567138672,148.48043823242188,494.23504638671875,150.17832946777344,383.11175537109375,78.3923110961914,380.1571044921875,116.57501983642578,416.15771484375,99.84773254394531,392.5641174316406,97.33023071289062,398.1138916015625,108.64777374267578,429.78863525390625,103.10641479492188,455.05963134765625,104.81293487548828,544.8462524414062,120.51960754394531,574.7196655273438,141.74417114257812,0
3003,214.4259796142578,148.4720001220703,494.23223876953125,150.24404907226562,378.70831298828125,78.40277099609375,381.1778869628906,117.86589813232422,414.56982421875,98.66629028320312,388.30682373046875,97.48644256591797,398.0211181640625,108.8646469116211,429.5066833496094,103.72867584228516,454.89520263671875,105.32221984863281,544.9868774414062,120.33605194091797,575.040283203125,141.93626403808594,0
3004,214.68890380859375,148.65208435058594,494.2319030761719,150.1057891845703,376.72271728515625,82.90234375,381.9346618652344,120.61007690429688,413.6324462890625,99.28751373291016,387.78045654296875,99.06026458740234,397.5417785644531,110.3781509399414,429.8062744140625,103.68008422851562,455.31060791015625,105.20773315429688,544.6622924804688,120.21236419677734,574.95458984375,141.77565002441406,0
3005,214.7164764404297,148.62867736816406,494.2253723144531,150.10232543945312,376.7329406738281,82.89105224609375,381.9219055175781,120.6163330078125,413.6744689941406,99.28446960449219,387.79510498046875,99.04574584960938,397.61334228515625,110.3837661743164,429.74676513671875,103.51432037353516,455.42816162109375,105.16267395019531,544.8555297851562,120.27835845947266,575.3259887695312,141.79905700683594,0
3006,214.6092529296875,148.505615234375,494.3831787109375,149.8907012939453,373.5638427734375,87.2956314086914,382.3943786621094,122.38076782226562,412.74310302734375,100.53030395507812,387.417724609375,100.7673568725586,397.1363830566406,110.60710144042969,429.11419677734375,103.31242370605469,455.51361083984375,104.93267822265625,545.1294555664062,120.45075225830078,575.10302734375,142.39523315429688,0
3007,214.58741760253906,148.5888214111328,494.4012756347656,149.87811279296875,369.3748779296875,87.66935729980469,380.8009948730469,122.59193420410156,411.80279541015625,100.50757598876953,385.6111145019531,100.56106567382812,395.12725830078125,109.28069305419922,428.85736083984375,103.4563217163086,454.96417236328125,104.55248260498047,545.1011352539062,120.1434097290039,575.1444702148438,141.4154815673828,0
3008,214.46136474609375,148.7259063720703,494.2220153808594,149.8157196044922,360.1922912597656,84.82707214355469,378.0654602050781,120.54317474365234,406.2465515136719,96.94354248046875,379.75018310546875,98.18492889404297,392.55126953125,109.25823974609375,425.00042724609375,103.76172637939453,455.0931091308594,104.66976928710938,544.9475708007812,120.21676635742188,575.3868408203125,142.24465942382812,0
3009,214.47140502929688,148.72689819335938,494.3788146972656,149.72752380371094,349.4237976074219,98.29532623291016,385.84747314453125,121.16008758544922,397.15106201171875,89.9129638671875,377.9795227050781,100.94181060791016,392.28363037109375,105.26798248291016,423.839111328125,99.16997528076172,456.0552978515625,103.88136291503906,541.689453125,117.05409240722656,575.7713012695312,138.70608520507812,0
3010,214.4711151123047,148.72744750976562,494.3770446777344,149.72592163085938,349.42376708984375,98.29212951660156,385.84893798828125,121.13350677490234,397.04974365234375,89.86134338378906,377.95458984375,100.93389129638672,392.2522888183594,105.26986694335938,423.8488464355469,99.19139099121094,456.05389404296875,103.8836898803711,541.6502075195312,117.0257797241211,575.7591552734375,138.69973754882812,0
3011,214.40846252441406,148.6037139892578,494.3517761230469,149.62159729003906,345.8725891113281,104.05747985839844,385.88140869140625,120.5396499633789,390.1335754394531,87.75023651123047,373.7303771972656,102.57991027832031,387.83563232421875,103.44338989257812,424.6241455078125,95.4524154663086,456.02642822265625,104.31868743896484,545.6051025390625,118.00830841064453,579.0979614257812,137.316162109375,0
3012,214.53675842285156,148.67274475097656,494.1367492675781,149.77276611328125,341.1717834472656,106.31562042236328,381.48809814453125,123.26329803466797,383.3393859863281,91.17000579833984,368.85162353515625,104.87447357177734,384.4418029785156,105.62101745605469,422.71673583984375,95.16096496582031,457.8861389160156,104.0255355834961,545.5255737304688,116.2606201171875,579.96240234375,133.89596557617188,0
3013,214.44540405273438,148.7396240234375,493.9454650878906,149.9425506591797,338.3373718261719,110.86275482177734,380.09320068359375,125.62784576416016,380.5438537597656,93.22859954833984,366.4260559082031,108.05811309814453,383.09246826171875,107.5396499633789,420.931884765625,94.87299346923828,459.2530212402344,102.98641967773438,545.3242797851562,115.83650970458984,582.145751953125,132.95370483398438,0
3014,214.53041076660156,148.760498046875,493.8255920410156,149.6394805908203,338.1029052734375,113.80520629882812,381.15509033203125,131.59274291992188,382.5801086425781,97.1261215209961,366.5691833496094,112.49778747558594,381.6718444824219,111.68744659423828,420.3486328125,95.90834045410156,458.6005554199219,101.3989028930664,544.9276123046875,116.0626449584961,583.29150390625,133.72303771972656,0
3015,214.51124572753906,148.75303649902344,493.82659912109375,149.6390838623047,338.0971374511719,113.78691101074219,381.1248779296875,131.60250854492188,382.5667419433594,97.11870574951172,366.6148986816406,112.49369049072266,381.7041320800781,111.66952514648438,420.3802490234375,95.80848693847656,458.5987854003906,101.40206909179688,544.8865356445312,116.05204772949219,583.276123046875,133.6902313232422,0
3016,214.47398376464844,148.67678833007812,493.8251647949219,149.6400146484375,333.57794189453125,111.81575012207031,376.1044921875,133.5860137939453,378.7165832519531,99.80436706542969,364.0891418457031,113.44751739501953,380.4563903808594,114.16863250732422,419.1877136230469,98.7099838256836,459.7270812988281,100.91028594970703,544.5973510742188,115.88661193847656,583.3407592773438,132.98013305664062,0
3017,214.53091430664062,148.62461853027344,493.8916931152344,149.7427520751953,332.4081726074219,104.18321228027344,367.5373229980469,130.27569580078125,372.5025939941406,99.78749084472656,358.7234802246094,109.65214538574219,372.8638916015625,112.55049133300781,415.31866455078125,100.2214584350586,460.9544677734375,100.93267822265625,544.1515502929688,115.28453063964844,584.41015625,132.8482208251953,0
3018,214.54611206054688,148.61363220214844,493.8257141113281,149.86367797851562,335.0914001464844,92.54528045654297,363.213623046875,123.84464263916016,373.1036682128906,95.25752258300781,357.658203125,104.882080078125,371.9405822753906,109.81376647949219,417.085693359375,99.26871490478516,463.0950622558594,100.09899139404297,539.4835815429688,112.34852600097656,584.8487548828125,132.3816680908203,0
3019,214.50564575195312,148.70071411132812,493.5010986328125,149.9494171142578,331.7813720703125,81.86773681640625,359.23431396484375,116.24042510986328,374.41986083984375,88.8116226196289,355.9776611328125,95.24346160888672,370.25726318359375,102.85226440429688,417.0426940917969,97.8727035522461,463.7564697265625,100.07872772216797,543.50439453125,113.80891418457031,590.2881469726562,134.9665069580078,0
3020,214.5064239501953,148.70367431640625,493.4784851074219,149.93560791015625,331.7818908691406,81.86804962158203,359.2359619140625,116.240478515625,374.420166015625,88.81207275390625,355.97833251953125,95.24369049072266,370.25640869140625,102.8535385131836,417.0401916503906,97.86282348632812,463.75714111328125,100.0784912109375,543.5430908203125,113.82078552246094,590.2736206054688,134.99501037597656,0
3021,214.48605346679688,148.6750946044922,493.5484619140625,149.81240844726562,330.75762939453125,77.28203582763672,358.20599365234375,114.86764526367188,373.26416015625,86.50115203857422,354.47943115234375,92.88670349121094,369.2361145019531,100.84444427490234,415.89764404296875,97.85348510742188,464.0491943359375,100.54065704345703,542.1874389648438,115.73892974853516,588.3622436523438,138.38070678710938,0
3022,214.57125854492188,148.7223663330078,493.4464416503906,149.9242401123047,334.1224670410156,77.26554107666016,359.9884338378906,113.67650604248047,374.20086669921875,84.44347381591797,356.717529296875,91.64153289794922,371.4305114746094,98.69529724121094,415.8693542480469,97.06087493896484,463.22247314453125,100.60899353027344,540.50732421875,116.69056701660156,587.0966796875,143.05299377441406,0
3023,214.75523376464844,148.65919494628906,493.4889831542969,150.13912963867188,335.0823974609375,78.35664367675781,360.4596252441406,115.38253784179688,375.0286865234375,85.42399597167969,357.28973388671875,92.6687240600586,372.1248779296875,99.69490051269531,415.9645690917969,97.2065200805664,462.8609924316406,100.48936462402344,534.4717407226562,114.0016098022461,585.5325317382812,141.47201538085938,0
3024,214.6267852783203,148.76950073242188,493.419677734375,150.07177734375,335.6121826171875,78.4356918334961,360.54840087890625,114.88343048095703,376.0321960449219,88.69895935058594,358.0587463378906,94.01048278808594,372.4745788574219,102.26944732666016,416.2532958984375,98.71598052978516,462.7944641113281,99.90441131591797,533.4041748046875,114.67023468017578,584.5718994140625,144.38726806640625,0
3025,214.63980102539062,148.79434204101562,493.4222412109375,150.07118225097656,335.62908935546875,78.42097473144531,360.5553894042969,114.89207458496094,376.0493469238281,88.69188690185547,358.0707702636719,94.02117156982422,372.515380859375,102.27655792236328,416.31243896484375,98.69877624511719,462.77886962890625,99.91130065917969,533.4017333984375,114.6766357421875,584.5786743164062,144.38723754882812,0
3026,214.6907958984375,148.82614135742188,493.5337829589844,150.14756774902344,340.064453125,75.6515884399414,363.69683837890625,115.26631164550781,381.207275390625,89.66770935058594,362.1688537597656,93.3594741821289,375.7752685546875,103.2458267211914,417.8291015625,100.63540649414062,462.272216796875,99.55279541015625,532.30859375,112.6536636352539,582.8067626953125,138.11276245117188,0
3027,214.5428466796875,148.8695526123047,493.79071044921875,150.20944213867188,354.199462890625,68.64704132080078,368.6983947753906,114.7747573852539,394.72064208984375,91.31659698486328,370.5143127441406,92.32057189941406,383.332275390625,106.31328582763672,421.84942626953125,104.86860656738281,461.7789611816406,99.65120697021484,531.3639526367188,111.98273468017578,583.2236938476562,136.94065856933594,0
3028,214.7537078857422,148.85740661621094,493.803466796875,150.09530639648438,358.70062255859375,66.05986785888672,370.3310852050781,114.11328887939453,397.7963562011719,93.24481964111328,373.9689636230469,92.25831604003906,385.6793212890625,106.2231674194336,423.337890625,107.53838348388672,460.49517822265625,100.03229522705078,529.5921020507812,112.09970092773438,581.2297973632812,134.78317260742188,0
3029,214.69175720214844,148.7499542236328,493.5877380371094,150.08721923828125,361.7291259765625,65.16325378417969,371.8399353027344,113.11582946777344,402.17523193359375,94.15318298339844,377.8421630859375,91.06864166259766,389.1977844238281,106.41787719726562,424.211181640625,108.7296142578125,460.3618469238281,100.3164291381836,529.3231201171875,113.26237487792969,581.184326171875,135.4965057373047,0
3030,214.59547424316406,148.7742462158203,493.69024658203125,150.18817138671875,361.91351318359375,66.74597930908203,373.7876281738281,113.47570037841797,403.12677001953125,93.93950653076172,378.9623718261719,91.38404846191406,390.2859191894531,106.46012878417969,424.60064697265625,109.0783462524414,459.76153564453125,100.3020248413086,530.8340454101562,113.47969055175781,583.4341430664062,135.91421508789062,0
3031,214.55862426757812,148.8311004638672,493.6876525878906,150.16952514648438,361.8851013183594,66.77552032470703,373.7680969238281,113.51272583007812,403.27630615234375,94.0152587890625,378.9047546386719,91.4792251586914,390.2151794433594,105.8588638305664,424.6526794433594,109.07218170166016,459.76068115234375,100.29492950439453,530.7979125976562,113.51834106445312,583.4618530273438,135.9460906982422,0
3032,214.68801879882812,148.7553253173828,493.5298767089844,150.1566619873047,361.26470947265625,70.86506652832031,374.4559020996094,114.74674224853516,402.8896789550781,94.5854263305664,378.8993225097656,93.68248748779297,390.72705078125,106.96431732177734,425.0692138671875,108.75133514404297,459.88470458984375,100.33905792236328,530.884521484375,113.76323699951172,583.0145263671875,136.08688354492188,0
3033,214.44125366210938,148.67825317382812,493.7361755371094,150.19517517089844,366.1668395996094,71.43937683105469,377.39935302734375,116.19012451171875,408.26611328125,95.75238037109375,383.40496826171875,94.02642059326172,393.4478454589844,107.968017578125,428.52642822265625,108.65653991699219,459.5423583984375,100.52273559570312,529.9318237304688,114.13126373291016,580.4887084960938,138.12197875976562,0
3034,214.43600463867188,148.68370056152344,494.1002197265625,150.15269470214844,371.4166564941406,71.40383911132812,382.61944580078125,116.67023468017578,412.306884765625,96.07783508300781,386.6651916503906,95.69300842285156,398.30419921875,110.14466094970703,431.2490539550781,109.26654052734375,459.8124084472656,101.0750503540039,530.3369140625,115.09585571289062,580.8575439453125,141.4143524169922,0
3035,214.45765686035156,148.63919067382812,494.1018371582031,150.15640258789062,371.41961669921875,71.40530395507812,382.62103271484375,116.66730499267578,412.2948303222656,96.06764221191406,386.6644592285156,95.69401550292969,398.3094482421875,110.14825439453125,431.2455749511719,109.28134155273438,459.8104248046875,101.07595825195312,530.337158203125,115.09568786621094,580.859619140625,141.41455078125,0
3036,214.49459838867188,148.76181030273438,494.2244873046875,150.42987060546875,373.5157165527344,71.11991882324219,383.4890441894531,116.4604263305664,414.0927734375,97.04496002197266,388.11529541015625,95.92961883544922,399.626708984375,110.15913391113281,432.84771728515625,109.89214324951172,460.01446533203125,101.04731750488281,530.7178955078125,115.23320770263672,581.1494750976562,141.35438537597656,0
3037,214.4537353515625,148.6750946044922,494.306640625,150.17953491210938,375.5741882324219,67.47395324707031,384.0059814453125,115.3930892944336,415.72802734375,94.561767578125,389.3051452636719,94.65253448486328,400.8942565917969,107.96022033691406,432.9810791015625,110.9298095703125,459.9662170410156,101.32000732421875,530.4970703125,115.39508819580078,580.5448608398438,142.013916015625,0
3038,214.283203125,148.7352752685547,494.23382568359375,150.44654846191406,375.51220703125,64.81327056884766,384.18365478515625,113.51618194580078,416.0647888183594,93.12895965576172,389.70953369140625,92.99195098876953,401.2456970214844,106.19010925292969,431.36328125,110.81643676757812,460.0710144042969,101.39130401611328,518.4094848632812,112.29669952392578,579.435302734375,141.59449768066406,0
3039,214.4488983154297,148.7191162109375,494.3050231933594,150.5461883544922,384.1809997558594,49.611228942871094,381.12261962890625,101.11195373535156,415.87945556640625,88.53665924072266,391.6675109863281,80.98469543457031,400.1719665527344,97.33582305908203,428.0653076171875,110.4131088256836,459.8692932128906,101.53465270996094,530.2672119140625,115.44654846191406,579.6385498046875,142.5047149658203,0
3040,214.4628448486328,148.7200164794922,494.3280944824219,150.5251007080078,384.1689453125,49.709922790527344,381.1438903808594,101.10175323486328,415.87420654296875,88.57176208496094,391.6076354980469,80.95548248291016,400.1156311035156,97.3000259399414,427.9313659667969,110.45535278320312,459.8474426269531,101.50698852539062,530.2677612304688,115.45912170410156,579.6613159179688,142.51217651367188,0
3041,214.52853393554688,148.663330078125,494.04473876953125,150.4156951904297,387.122314453125,40.67295837402344,383.1061096191406,93.14583587646484,417.541259765625,83.5722427368164,394.5863037109375,74.91646575927734,400.8164367675781,91.6104965209961,423.53802490234375,109.38703155517578,459.1226806640625,101.45697021484375,530.0715942382812,115.5788803100586,579.4628295898438,142.4604034423828,0
3042,214.44598388671875,148.7241668701172,493.8981628417969,150.43362426757812,390.3638000488281,39.455848693847656,384.3319091796875,89.60161590576172,420.93499755859375,79.11470794677734,397.9767761230469,72.21764373779297,402.9722900390625,87.97032928466797,423.49676513671875,105.19391632080078,459.0675048828125,102.33355712890625,529.969482421875,115.61486053466797,579.096923828125,142.72125244140625,0
3043,214.4148712158203,148.54507446289062,493.76153564453125,150.60789489746094,392.4147644042969,40.9934196472168,386.79034423828125,91.6448745727539,422.2802734375,80.87220001220703,397.9924621582031,73.41033172607422,404.51580810546875,89.25676727294922,424.8163146972656,104.6019287109375,458.37091064453125,102.1075439453125,525.0908813476562,112.15706634521484,578.5884399414062,142.62802124023438,0
3044,214.3248291015625,148.68141174316406,493.8002624511719,150.7989959716797,393.2287902832031,46.51164245605469,385.5649108886719,96.18849182128906,421.7605285644531,85.79945373535156,397.109375,77.47494506835938,404.8200988769531,92.60811614990234,423.8302917480469,107.43109893798828,458.2528076171875,102.74842834472656,525.1957397460938,112.27133178710938,579.1310424804688,142.55628967285156,0
3045,214.30850219726562,148.686279296875,493.8161315917969,150.7821502685547,393.2359619140625,46.52556610107422,385.5785217285156,96.1955795288086,421.78369140625,85.83122253417969,397.13397216796875,77.46875762939453,404.823974609375,92.52569580078125,423.73809814453125,107.39942932128906,458.2308349609375,102.72943115234375,525.2193603515625,112.25421142578125,579.1641235351562,142.53948974609375,0
3046,214.39308166503906,148.7505340576172,493.7879333496094,150.7757568359375,392.4313659667969,48.930885314941406,385.6858825683594,98.17564392089844,421.9067077636719,86.88422393798828,398.83282470703125,80.2747802734375,404.5483703613281,94.44160461425781,423.45867919921875,108.62285614013672,458.1444091796875,102.87820434570312,518.03564453125,112.38640594482422,578.3564453125,142.3636474609375,0
3047,214.5306396484375,148.66465759277344,493.68768310546875,150.7522430419922,392.6307067871094,52.01047134399414,384.5506896972656,100.0544204711914,422.9350280761719,89.72538757324219,397.7823791503906,81.3871841430664,403.2563781738281,96.37867736816406,422.84234619140625,109.55928039550781,458.1848449707031,103.28852844238281,518.7811279296875,112.29952239990234,578.3619995117188,142.4487762451172,0
3048,214.4353790283203,148.77139282226562,493.9051208496094,150.75408935546875,390.9402160644531,51.44587707519531,383.4737243652344,99.98078155517578,422.063232421875,89.6089096069336,396.9029235839844,81.36940002441406,402.5882568359375,96.52944946289062,422.6436462402344,109.69476318359375,457.70147705078125,103.44358825683594,517.8409423828125,112.4922866821289,578.2037963867188,142.38243103027344,0
3049,214.3678741455078,148.7101593017578,493.87335205078125,150.681396484375,388.54656982421875,52.77409744262695,381.9946594238281,100.99324035644531,420.19403076171875,91.33574676513672,395.1277160644531,82.51029968261719,401.1275329589844,98.1737289428711,421.9331359863281,110.39781951904297,457.61492919921875,103.57685852050781,518.1212158203125,112.41419219970703,578.0067749023438,142.31834411621094,0
3050,214.36721801757812,148.7089080810547,493.8384704589844,150.66793823242188,388.54693603515625,52.77341079711914,381.9942932128906,100.99405670166016,420.1931457519531,91.33601379394531,395.12713623046875,82.50965881347656,401.1268005371094,98.17378997802734,421.9324645996094,110.39671325683594,457.610107421875,103.57617950439453,518.0847778320312,112.39605712890625,578.0107421875,142.31515502929688,0
3051,214.5017547607422,148.7279052734375,493.949462890625,150.57318115234375,387.08184814453125,53.758487701416016,382.7451171875,103.86115264892578,419.3878479003906,92.44001007080078,394.2030334472656,83.35700988769531,401.2536926269531,98.73953247070312,426.5151062011719,105.58531951904297,457.7926940917969,103.48699951171875,518.1222534179688,112.55701446533203,575.9415893554688,142.38246154785156,0
3052,214.5992889404297,148.68873596191406,494.0041198730469,150.65965270996094,385.5682067871094,55.68744659423828,381.4923095703125,103.90399169921875,417.1004638671875,92.8116226196289,392.4693908691406,83.4175796508789,399.327392578125,98.64031982421875,421.654052734375,110.64346313476562,457.7474060058594,103.46157836914062,529.6253051757812,115.21905517578125,576.3483276367188,142.4983367919922,0
3053,214.54238891601562,148.75588989257812,493.94317626953125,150.5989990234375,383.7745666503906,55.04336166381836,380.9338684082031,103.70235443115234,415.7905578613281,91.78463745117188,391.6489562988281,82.97280883789062,398.50604248046875,98.31432342529297,421.2271728515625,111.0787582397461,457.60052490234375,103.7275390625,513.0746459960938,111.51094055175781,576.4176635742188,142.476806640625,0
3054,214.5098114013672,148.6829376220703,493.9995422363281,150.6980743408203,383.8106994628906,55.06272888183594,381.02606201171875,103.64401245117188,415.8299255371094,91.6698226928711,391.670654296875,82.96113586425781,398.535400390625,98.26081848144531,420.13067626953125,111.20260620117188,457.5956115722656,103.74687194824219,512.8656005859375,111.48067474365234,576.47119140625,142.52122497558594,0
3055,214.50144958496094,148.64312744140625,493.8875732421875,150.5570831298828,382.64013671875,53.09014129638672,380.01031494140625,103.28797912597656,414.66168212890625,90.52168273925781,390.4019470214844,83.19760131835938,397.6365966796875,97.6168441772461,419.4326171875,111.09358215332031,457.56890869140625,103.88160705566406,513.027099609375,111.46627807617188,575.7061157226562,142.61338806152344,0
3056,214.50534057617188,148.64596557617188,493.8726806640625,150.568359375,382.6527099609375,53.11423110961914,380.0111999511719,103.30928039550781,414.61663818359375,90.50370788574219,390.4024963378906,83.16571044921875,397.62969970703125,97.55108642578125,419.3567199707031,111.03907775878906,457.48724365234375,103.85699462890625,512.7618408203125,111.40943908691406,575.7536010742188,142.69744873046875,0
3057,214.46182250976562,148.5043182373047,493.79180908203125,150.429931640625,382.7864074707031,52.71133041381836,379.73236083984375,103.04800415039062,413.914794921875,89.8166275024414,390.1864013671875,82.78477478027344,397.5922546386719,97.23925018310547,419.3355407714844,110.52294921875,457.4979553222656,103.90460205078125,512.5881958007812,111.25690460205078,575.7164306640625,142.37509155273438,0
3058,214.38931274414062,148.5576629638672,493.7536315917969,150.46604919433594,371.3349914550781,62.99710464477539,381.61895751953125,106.62339782714844,410.25909423828125,85.9935302734375,386.1568298339844,85.21205139160156,397.5781555175781,98.14522552490234,423.5486755371094,106.75577545166016,457.7618408203125,103.69644927978516,525.4091796875,112.31304931640625,575.7059936523438,142.5203399658203,0
3059,214.5800323486328,148.68212890625,493.8273010253906,150.3654327392578,367.1591796875,66.02556610107422,381.2536315917969,106.82791900634766,408.27630615234375,85.21639251708984,384.4847412109375,86.001220703125,397.0171813964844,98.39661407470703,425.7211608886719,103.96913146972656,457.8049621582031,103.42205810546875,518.4058227539062,112.41122436523438,575.0504760742188,141.899658203125,0
3060,214.6153106689453,148.72096252441406,493.8211975097656,150.45062255859375,371.14215087890625,70.47224426269531,382.3309326171875,107.9547119140625,409.32843017578125,88.11145782470703,386.47125244140625,88.69482421875,397.47247314453125,99.65904998779297,425.94732666015625,102.62781524658203,457.16259765625,103.05037689208984,517.0674438476562,112.00688934326172,575.5581665039062,141.62510681152344,0
3061,214.600830078125,148.71067810058594,493.73284912109375,150.54888916015625,371.1442565917969,70.47179412841797,382.3283386230469,107.95633697509766,409.3279724121094,88.11211395263672,386.47222900390625,88.69403839111328,397.4724426269531,99.65973663330078,425.95404052734375,102.63435363769531,457.1576232910156,103.06168365478516,517.0650024414062,112.0152816772461,575.565185546875,141.62179565429688,0
3062,214.43373107910156,148.7406768798828,493.71649169921875,150.5172882080078,369.5123596191406,68.31269073486328,382.8612365722656,108.61965942382812,409.7841796875,88.27963256835938,385.87567138671875,88.40863037109375,398.0045471191406,99.92642211914062,425.6805114746094,104.35162353515625,455.90191650390625,103.12765502929688,517.886962890625,112.26158142089844,576.10205078125,141.68470764160156,0
3063,214.4347686767578,148.7303009033203,493.719970703125,150.47604370117188,369.4774475097656,68.2999496459961,382.8645935058594,108.6169662475586,409.7729797363281,88.24662017822266,385.87457275390625,88.4200439453125,397.99566650390625,99.92337036132812,425.6612243652344,104.38307189941406,455.8719177246094,103.13522338867188,517.873779296875,112.3013916015625,576.0355224609375,141.68130493164062,0
3064,214.39993286132812,148.77963256835938,493.7247619628906,150.5743408203125,364.6689453125,65.20962524414062,380.3526306152344,108.46072387695312,407.8997802734375,88.69651794433594,381.9381103515625,88.54158020019531,394.7263488769531,100.16317749023438,424.9809265136719,104.29281616210938,456.0993347167969,103.37779998779297,517.9882202148438,112.2153091430664,575.5782470703125,141.2576141357422,0
3065,214.61940002441406,148.6473846435547,493.6335144042969,150.58380126953125,360.8997497558594,65.8619613647461,377.7319030761719,109.5370101928711,403.7596435546875,88.84335327148438,381.4534912109375,87.67347717285156,391.986083984375,101.32958221435547,423.9337158203125,104.25999450683594,456.0540466308594,102.9997787475586,517.2564697265625,112.18295288085938,576.3638916015625,141.41534423828125,0
3066,214.5594940185547,148.71127319335938,493.5506286621094,150.70388793945312,359.7775573730469,62.99967956542969,374.2498779296875,108.21623229980469,402.05230712890625,88.51148986816406,378.57757568359375,87.41175842285156,389.58026123046875,101.23771667480469,422.42138671875,104.39276123046875,456.1333923339844,102.82476043701172,512.5592651367188,111.29825592041016,575.6359252929688,141.173828125,0
3067,214.5360107421875,148.70115661621094,493.55194091796875,150.68887329101562,359.7766418457031,62.99956130981445,374.2540283203125,108.22222137451172,402.0469055175781,88.47358703613281,378.57281494140625,87.41398620605469,389.6044006347656,101.2527084350586,422.450927734375,104.3487319946289,456.1816101074219,102.85113525390625,512.577392578125,111.2930908203125,575.6367797851562,141.17799377441406,0
3068,214.53564453125,148.6195068359375,493.6130676269531,150.36337280273438,357.9892272949219,57.48811721801758,371.5392761230469,105.29191589355469,399.06146240234375,85.34898376464844,375.2492980957031,83.5008773803711,387.0738525390625,98.2317123413086,422.5477600097656,103.93643951416016,456.4927062988281,102.72624969482422,517.3096923828125,111.91497802734375,576.306396484375,141.0851593017578,0
3069,214.48257446289062,148.66688537597656,493.5809631347656,150.4214630126953,358.84735107421875,45.11280059814453,369.4073486328125,97.70403289794922,398.178466796875,77.9212646484375,373.6688232421875,75.72081756591797,386.1605529785156,91.35885620117188,421.9997253417969,103.96695709228516,457.4516296386719,103.4405746459961,530.7203369140625,115.25777435302734,576.8413696289062,141.5308380126953,0
3070,214.4788055419922,148.470458984375,493.4539489746094,150.33241271972656,361.4345703125,40.64911651611328,370.94708251953125,93.7944107055664,399.24176025390625,77.64904022216797,376.08489990234375,71.60292053222656,385.99505615234375,88.93795013427734,421.99041748046875,102.63749694824219,458.28314208984375,104.32727813720703,531.9546508789062,115.28968048095703,576.96337890625,141.44566345214844,0
3071,214.5233612060547,148.6586151123047,493.51336669921875,150.39306640625,363.82794189453125,43.478851318359375,373.542724609375,94.51917266845703,404.2601013183594,77.1240005493164,380.3243713378906,71.97887420654297,389.7954406738281,88.97315216064453,423.4513244628906,101.52896118164062,457.02178955078125,104.40531158447266,532.3381958007812,115.68885803222656,576.4442749023438,140.8602294921875,0
3072,214.48294067382812,148.64700317382812,493.55169677734375,150.4356231689453,363.8153991699219,43.452274322509766,373.5445556640625,94.515380859375,404.2708740234375,77.14290618896484,380.33465576171875,71.9850082397461,389.7845153808594,88.97175598144531,423.42071533203125,101.55734252929688,456.9814147949219,104.40058898925781,532.3760986328125,115.72103881835938,576.4939575195312,140.8716278076172,0
3073,214.33184814453125,148.43902587890625,493.5417175292969,150.51995849609375,365.4823303222656,47.05062484741211,374.9094543457031,98.13140106201172,406.3135986328125,79.14370727539062,382.0771179199219,75.20079803466797,392.32598876953125,91.43013763427734,422.6830749511719,102.74837493896484,456.6537780761719,104.22352600097656,538.2151489257812,117.73861694335938,577.03759765625,140.73098754882812,0
3074,214.53372192382812,148.5486602783203,493.6299743652344,150.50457763671875,371.59539794921875,56.69538116455078,377.3918762207031,103.93562316894531,407.9863586425781,86.97260284423828,384.31500244140625,83.06311798095703,394.0694274902344,96.56819152832031,423.2317199707031,106.60145568847656,457.09783935546875,103.64173126220703,504.5234375,112.01441955566406,576.3890991210938,140.87261962890625,0
3075,214.50436401367188,148.50148010253906,493.7144775390625,150.44818115234375,375.5338134765625,60.606895446777344,379.397705078125,106.05299377441406,412.29168701171875,91.35269165039062,386.8905334472656,86.70585632324219,396.3628234863281,98.9688720703125,422.5127258300781,108.67636108398438,457.1111145019531,103.71790313720703,504.79315185546875,112.15445709228516,577.3619384765625,141.237548828125,0
3076,214.55796813964844,148.5094451904297,493.7184143066406,150.46937561035156,377.6123046875,65.1229476928711,381.81982421875,108.73577117919922,413.4879455566406,94.4688949584961,388.6513977050781,89.51612091064453,398.11785888671875,102.46736145019531,426.3824768066406,105.0115737915039,457.3023986816406,105.48304748535156,504.3878479003906,112.24435424804688,576.980712890625,141.3563690185547,0
3077,214.55453491210938,148.5078125,493.6170654296875,150.42962646484375,377.6128845214844,65.13483428955078,381.81964111328125,108.73529815673828,413.48394775390625,94.46749877929688,388.6494445800781,89.51811218261719,398.1135559082031,102.46883392333984,426.3849182128906,105.01776123046875,457.30694580078125,105.49003601074219,504.39068603515625,112.21932220458984,576.9713745117188,141.35211181640625,0
3078,214.4857635498047,148.52313232421875,493.9185791015625,150.7170867919922,380.1775817871094,68.39278411865234,382.4638671875,110.8884048461914,416.1502380371094,94.72705841064453,391.4812927246094,90.6662826538086,399.3270568847656,103.90423583984375,427.9422302246094,105.53194427490234,457.3017883300781,105.79560089111328,543.8603515625,120.66534423828125,577.5186157226562,141.4457550048828,0
3079,214.51690673828125,148.60006713867188,493.7554931640625,150.83628845214844,388.2569885253906,72.472412109375,382.7965393066406,115.54769897460938,420.1310729980469,102.81265258789062,394.6499938964844,95.76708984375,399.9474792480469,108.65233612060547,429.54833984375,106.91078186035156,456.4625244140625,105.8656005859375,503.1289367675781,112.78019714355469,576.674072265625,141.2930450439453,0
3080,214.5107879638672,148.66546630859375,493.724609375,150.80105590820312,386.4425354003906,72.04580688476562,382.05816650390625,115.04225158691406,418.6861572265625,99.99717712402344,393.8655700683594,95.04839324951172,399.4862060546875,108.1629409790039,428.97479248046875,106.70584869384766,456.59344482421875,103.85025787353516,539.2078857421875,118.21977233886719,576.3531494140625,141.14755249023438,0
3081,214.50181579589844,148.74769592285156,493.78338623046875,150.6041717529297,382.83306884765625,68.21977996826172,381.9399108886719,113.4747543334961,416.9402160644531,97.58374786376953,391.6457824707031,92.34856414794922,398.8885498046875,106.07449340820312,427.9712219238281,105.4913101196289,456.491455078125,104.0875015258789,539.78466796875,118.5908432006836,576.77294921875,141.32435607910156,0
3082,214.5013427734375,148.73597717285156,493.7906799316406,150.60842895507812,382.9451599121094,68.2891845703125,381.9322814941406,113.4792251586914,416.9346008300781,97.6055908203125,391.6697998046875,92.35999298095703,398.8838806152344,106.04717254638672,427.9975280761719,105.48466491699219,456.4717102050781,104.08969116210938,539.7566528320312,118.57769775390625,576.73974609375,141.2974090576172,0
3083,214.57977294921875,148.58920288085938,493.82208251953125,150.70184326171875,383.50665283203125,66.31242370605469,381.41107177734375,109.91433715820312,415.84686279296875,97.6170654296875,390.4630126953125,91.638427734375,398.0491638183594,104.4205093383789,427.6517028808594,105.26985168457031,456.4520568847656,104.22991180419922,538.4400634765625,117.9568099975586,576.3988037109375,141.2180633544922,0
3084,214.49136352539062,148.65850830078125,493.82940673828125,150.6267547607422,382.8685302734375,49.81953430175781,377.33612060546875,100.59983825683594,412.6705017089844,89.760009765625,389.1102294921875,81.3204116821289,396.09088134765625,96.58613586425781,419.9643859863281,111.53935241699219,456.5588684082031,104.07524108886719,496.3987731933594,114.7953872680664,576.8831787109375,141.422607421875,0
3085,214.55166625976562,148.64761352539062,493.73828125,150.27230834960938,384.53289794921875,44.127445220947266,378.1457214355469,96.28722381591797,413.425048828125,87.72281646728516,389.44659423828125,77.87503051757812,397.4093017578125,92.87774658203125,419.8660583496094,110.81290435791016,456.36669921875,104.2458267211914,504.2506103515625,112.27870178222656,576.1676025390625,141.11294555664062,0
3086,214.6171417236328,148.615234375,493.78778076171875,150.08067321777344,390.68914794921875,40.97138595581055,380.2179260253906,90.11581420898438,417.3503723144531,84.25601196289062,395.0267333984375,71.94426727294922,398.63763427734375,88.74696350097656,416.850341796875,105.94488525390625,455.04156494140625,104.71234893798828,504.4590148925781,112.02811431884766,575.3887939453125,140.5716094970703,0
3087,214.616455078125,148.61676025390625,493.7892150878906,150.1534423828125,390.67376708984375,40.98029708862305,380.2171630859375,90.11993408203125,417.3630676269531,84.24880981445312,395.02496337890625,71.9484634399414,398.6376037597656,88.74776458740234,416.8313293457031,105.9448471069336,455.0538330078125,104.7422103881836,504.4463195800781,112.0142822265625,575.3720092773438,140.57937622070312,0
3088,214.66188049316406,148.61239624023438,493.8540344238281,150.39955139160156,392.4040832519531,45.21485900878906,381.4379577636719,91.0476303100586,418.57122802734375,85.36600494384766,396.29296875,73.0016860961914,398.9941711425781,88.58012390136719,416.6828918457031,104.76734924316406,453.0660705566406,105.18185424804688,502.98760986328125,111.60430908203125,573.7613525390625,139.7822265625,0
3089,214.77957153320312,148.5120391845703,493.93682861328125,150.19021606445312,390.870849609375,48.67361068725586,382.390625,90.9227066040039,420.38177490234375,85.98735046386719,396.2775573730469,72.73821258544922,399.9812927246094,87.1207275390625,416.5479431152344,102.03972625732422,450.3939208984375,105.56629943847656,493.6311340332031,114.46036529541016,572.000244140625,138.92770385742188,0
3090,214.81295776367188,148.5232696533203,493.795654296875,150.22718811035156,387.68255615234375,48.954345703125,381.81072998046875,91.08633422851562,420.52117919921875,86.71821594238281,395.5777587890625,73.24088287353516,399.43505859375,87.07894897460938,416.0343322753906,102.27384948730469,447.6844177246094,106.33792877197266,492.4337463378906,113.81439208984375,567.7623291015625,135.82870483398438,0
3091,214.58738708496094,148.60118103027344,493.9062805175781,149.73519897460938,369.7357482910156,47.591983795166016,378.61578369140625,93.32511138916016,418.9175720214844,87.34947967529297,389.95501708984375,74.94862365722656,396.6541442871094,87.86470031738281,414.4437255859375,100.87533569335938,445.14794921875,105.81474304199219,490.7003479003906,113.64826965332031,563.9840087890625,134.02825927734375,0
3092,214.59866333007812,148.52703857421875,493.908203125,149.73605346679688,369.7082824707031,47.57221603393555,378.61602783203125,93.31289672851562,418.9205017089844,87.28783416748047,389.95733642578125,74.92162322998047,396.6615295410156,87.85542297363281,414.4757080078125,100.84927368164062,445.1744384765625,105.80156707763672,490.7104187011719,113.66828918457031,563.8551635742188,134.04425048828125,0
3093,214.41650390625,148.463623046875,493.8602294921875,149.62158203125,372.419677734375,49.22351837158203,377.4972229003906,97.01042175292969,417.3677673339844,89.0007095336914,387.7192687988281,78.19611358642578,395.12994384765625,90.43695068359375,414.380859375,100.60570526123047,444.506591796875,106.11885070800781,489.66387939453125,113.57449340820312,563.1912841796875,133.5311279296875,0
3094,214.5743408203125,148.42660522460938,493.6388854980469,149.60821533203125,371.724365234375,55.50408172607422,374.08099365234375,102.30630493164062,415.214111328125,96.98918914794922,386.93975830078125,82.3163833618164,392.5136413574219,94.80134582519531,413.2915344238281,100.1243667602539,441.48577880859375,106.2302474975586,485.0784912109375,114.91896057128906,559.6439819335938,131.48060607910156,0
3095,214.52833557128906,148.6208038330078,493.66094970703125,149.56605529785156,374.15667724609375,59.576087951660156,373.2608642578125,104.83213806152344,415.2918395996094,98.23636627197266,386.2366027832031,85.69263458251953,391.6913146972656,96.36334991455078,413.4504699707031,100.47645568847656,440.1821594238281,105.76229858398438,484.5809020996094,115.10787963867188,558.3526611328125,131.63369750976562,0
3096,214.70742797851562,148.66650390625,493.75640869140625,149.7640380859375,378.5721740722656,66.1019287109375,371.35455322265625,106.8614730834961,413.4372253417969,100.5882568359375,383.9689025878906,88.86601257324219,389.3282165527344,99.7854232788086,413.1192321777344,99.57887268066406,439.3583679199219,106.39653778076172,484.00933837890625,114.99065399169922,558.3748168945312,131.57998657226562,0
3097,214.70533752441406,148.66683959960938,493.7578125,149.73976135253906,378.5703430175781,66.10269165039062,371.35498046875,106.86334228515625,413.4382629394531,100.58760070800781,383.966064453125,88.86434173583984,389.328857421875,99.78677368164062,413.1203308105469,99.57535552978516,439.36199951171875,106.39611053466797,483.9718933105469,114.9782485961914,558.3820190429688,131.58428955078125,0
3098,214.50006103515625,148.7230224609375,494.04815673828125,149.43544006347656,366.18402099609375,50.769920349121094,367.54852294921875,102.60208892822266,403.69793701171875,91.30802917480469,376.2171325683594,82.73881530761719,384.488525390625,97.92178344726562,418.2998962402344,103.69300079345703,450.543212890625,109.46041870117188,492.2218017578125,115.29713439941406,569.6722412109375,123.50764465332031,0
3099,214.4276123046875,148.80804443359375,494.079833984375,149.78955078125,354.5619201660156,42.726829528808594,361.1849060058594,94.13717651367188,390.9386901855469,80.8833999633789,366.6734924316406,73.50366973876953,377.0080261230469,90.071044921875,419.9904479980469,98.86701202392578,454.9272155761719,109.96426391601562,540.3229370117188,110.73712921142578,577.9500122070312,126.09001922607422,0
3100,214.34214782714844,148.73916625976562,493.9029541015625,150.0559844970703,345.902587890625,47.793800354003906,358.79266357421875,97.09536743164062,383.8116760253906,76.95575714111328,362.06390380859375,73.39722442626953,373.5290222167969,89.35879516601562,418.3050842285156,96.17062377929688,457.9195251464844,111.20233917236328,543.7415161132812,113.3048095703125,580.9107666015625,126.59490203857422,0
3101,214.55519104003906,148.67510986328125,493.92681884765625,150.15269470214844,343.33843994140625,54.19889831542969,351.6734313964844,95.56291198730469,372.5152282714844,74.33789825439453,355.16937255859375,75.47056579589844,366.0751037597656,88.51160430908203,410.0810546875,96.68997955322266,459.2043762207031,110.92913818359375,534.0040893554688,111.73189544677734,581.9673461914062,125.85206604003906,0
3102,214.5292510986328,148.64564514160156,493.8883972167969,150.12747192382812,343.2665710449219,54.200435638427734,351.663818359375,95.56594848632812,372.5077819824219,74.33395385742188,355.1621398925781,75.46102142333984,366.0670471191406,88.5036849975586,410.08203125,96.68846130371094,459.2174072265625,110.91768646240234,534.11572265625,111.74029541015625,582.143310546875,126.00595092773438,0
3103,214.5442352294922,148.6840057373047,493.797119140625,150.2685089111328,339.4393615722656,56.9759635925293,350.50592041015625,95.01627349853516,367.2926025390625,74.14786529541016,352.26953125,74.84426879882812,363.19189453125,86.95067596435547,408.2985534667969,96.19596099853516,460.5580749511719,111.12249755859375,539.7304077148438,114.78070068359375,581.2926025390625,128.83114624023438,0
3104,214.42059326171875,148.52471923828125,494.2582092285156,150.67514038085938,338.9239501953125,57.721107482910156,348.1484680175781,94.20394134521484,363.6090087890625,69.68746948242188,351.10223388671875,72.73031616210938,361.39617919921875,83.7806625366211,408.172119140625,96.015625,461.387451171875,111.73152160644531,535.8591918945312,117.53253936767578,587.9172973632812,145.8200225830078,0
3105,214.6158447265625,148.55630493164062,493.9839782714844,150.6160888671875,336.27398681640625,58.21661376953125,346.7984619140625,90.68138122558594,362.13031005859375,67.64322662353516,348.9530029296875,71.27690124511719,359.8430480957031,80.889892578125,405.9439392089844,93.77140045166016,461.0069885253906,111.41608428955078,541.610107421875,118.58892822265625,588.0321044921875,143.3084716796875,0
3106,214.56253051757812,148.65286254882812,494.055908203125,150.83404541015625,335.595458984375,60.69540023803711,350.3711242675781,94.68228912353516,365.2910461425781,69.2923583984375,350.6903076171875,74.0464096069336,362.49542236328125,83.18891906738281,407.65362548828125,92.76715850830078,460.88861083984375,109.6803207397461,534.3888549804688,116.69884490966797,588.8146362304688,144.49424743652344,0
3107,214.55853271484375,148.6536102294922,494.0560302734375,150.8413543701172,335.6240234375,60.71119689941406,350.3398132324219,94.62287139892578,365.22686767578125,69.24390411376953,350.6780090332031,74.01509857177734,362.423828125,83.0881118774414,407.6761779785156,92.85665130615234,460.9112548828125,109.6396713256836,534.297607421875,116.6957778930664,588.8252563476562,144.5034637451172,0
3108,214.4796142578125,148.42308044433594,493.9341735839844,150.6778564453125,338.2601623535156,62.714107513427734,352.720703125,97.16375732421875,368.3509826660156,71.70738220214844,353.7071228027344,76.89436340332031,365.3665771484375,85.96099853515625,408.3966369628906,93.39054107666016,461.35870361328125,109.36843872070312,535.0260009765625,116.13091278076172,586.7793579101562,144.01991271972656,0
3109,214.59027099609375,148.50668334960938,493.710205078125,150.46299743652344,343.8530578613281,68.5717544555664,356.6478576660156,99.79019165039062,371.3565979003906,74.16249084472656,357.4197082519531,80.453369140625,369.773193359375,88.76143646240234,410.9095458984375,95.14915466308594,461.8031311035156,110.96311950683594,541.5963745117188,117.30734252929688,586.0620727539062,140.49871826171875,0
3110,214.62286376953125,148.45069885253906,493.78045654296875,150.69476318359375,344.1861877441406,72.97317504882812,359.31890869140625,103.47879028320312,372.8362121582031,77.4583969116211,359.04583740234375,84.68365478515625,371.5553283691406,92.16898345947266,412.50604248046875,95.99339294433594,463.41156005859375,109.18231201171875,539.0823974609375,116.53092193603516,584.8754272460938,143.31985473632812,0
3111,214.54766845703125,148.52581787109375,493.88446044921875,150.65953063964844,348.2875061035156,72.95588684082031,364.21038818359375,107.77972412109375,379.39215087890625,80.66009521484375,364.5146789550781,86.91877746582031,377.0954284667969,95.7669677734375,417.87750244140625,101.82632446289062,464.14044189453125,108.64879608154297,536.3208618164062,109.67549133300781,588.7440795898438,128.7620849609375,0
3112,214.54934692382812,148.5211181640625,493.8807373046875,150.656982421875,348.3293151855469,72.91461944580078,364.1293029785156,107.74298095703125,379.38751220703125,80.62808227539062,364.5099182128906,86.87051391601562,377.0702209472656,95.72396087646484,417.8489990234375,101.8666000366211,464.1479797363281,108.6510009765625,536.32373046875,109.67658233642578,588.7562255859375,128.8092498779297,0
3113,214.68614196777344,148.5091552734375,493.6701965332031,150.25347900390625,350.9309997558594,72.55472564697266,365.1324768066406,108.02666473388672,382.8365478515625,81.5780258178711,365.8106384277344,87.68463897705078,378.5732116699219,96.89021301269531,418.21710205078125,104.54586791992188,463.36566162109375,112.06377410888672,545.8802490234375,114.37383270263672,589.9616088867188,129.3294677734375,0
3114,214.5582733154297,148.4189910888672,493.8138122558594,150.2144012451172,354.8988037109375,78.44541931152344,367.802490234375,112.20140838623047,383.0704345703125,83.29508209228516,367.6864013671875,90.80587005615234,380.2110595703125,99.41230010986328,417.7593688964844,106.30269622802734,460.4600524902344,108.04869079589844,538.8145141601562,113.34253692626953,589.0504150390625,130.00770568847656,0
3115,214.5338897705078,148.5723419189453,493.88336181640625,150.4437713623047,359.49884033203125,79.61328125,370.9515075683594,113.31149291992188,386.6840515136719,85.77084350585938,370.8081359863281,92.42804718017578,382.8205871582031,101.30471801757812,419.8634338378906,106.97261047363281,459.9294128417969,106.61043548583984,532.7993774414062,111.82568359375,587.9196166992188,129.5998077392578,0
3116,214.38888549804688,148.4147186279297,494.2107849121094,150.19357299804688,359.07781982421875,81.00428009033203,378.0909729003906,117.24459838867188,391.0588684082031,86.85612487792969,375.7830505371094,94.00801086425781,387.5699157714844,103.26937103271484,424.6556091308594,106.84358978271484,460.51123046875,108.03783416748047,540.20068359375,113.99193572998047,588.3806762695312,129.31100463867188,0
3117,214.40618896484375,148.44677734375,494.22576904296875,150.18785095214844,359.0830078125,81.01908874511719,378.0628356933594,117.28765869140625,391.0347900390625,86.90597534179688,375.76751708984375,94.0167007446289,387.52069091796875,103.31419372558594,424.8906555175781,105.14204406738281,460.4296569824219,107.89180755615234,540.7003173828125,114.13971710205078,588.4185791015625,129.32022094726562,0
3118,214.55479431152344,148.4502716064453,493.8388671875,150.2699432373047,359.12091064453125,81.52798461914062,377.71990966796875,117.08613586425781,389.7164001464844,86.62794494628906,375.30572509765625,93.96745300292969,386.75018310546875,102.7457046508789,423.4999694824219,105.5561752319336,460.6759033203125,108.26643371582031,542.2703857421875,114.15802764892578,589.1481323242188,129.508544921875,0
3119,214.5819091796875,148.49876403808594,493.8497009277344,150.30752563476562,359.14111328125,83.23248291015625,376.54840087890625,115.10758972167969,386.3476257324219,86.33360290527344,373.31903076171875,94.3309097290039,384.64019775390625,101.49864959716797,422.4036560058594,103.93669891357422,460.8040466308594,107.86302947998047,541.5402221679688,114.07937622070312,589.0948486328125,129.48162841796875,0
3120,214.55130004882812,148.51605224609375,494.0163879394531,150.3118438720703,358.2602233886719,86.66018676757812,377.642578125,116.96951293945312,386.4436340332031,86.7186050415039,373.989501953125,94.84410095214844,385.2483825683594,101.71041107177734,422.70635986328125,103.47884368896484,461.271240234375,107.69717407226562,541.4906005859375,114.16053009033203,589.1715698242188,129.4684295654297,0
3121,214.54278564453125,148.5072021484375,494.0060729980469,150.2105255126953,352.917236328125,86.73540496826172,376.39947509765625,115.34026336669922,384.5184631347656,85.2843246459961,371.0032958984375,94.167236328125,383.73260498046875,99.88417053222656,422.24029541015625,102.1656265258789,460.7606506347656,107.26258850097656,541.7869262695312,114.18512725830078,588.8888549804688,129.39462280273438,0
3122,214.54823303222656,148.49761962890625,493.99859619140625,150.1805877685547,352.9140625,86.7364273071289,376.485595703125,115.30867767333984,384.535400390625,85.29942321777344,371.0434265136719,94.17786407470703,383.8575134277344,99.87077331542969,422.1773376464844,102.2681884765625,460.84552001953125,107.3133316040039,541.6716918945312,114.07127380371094,589.015380859375,129.46792602539062,0
3123,214.6031494140625,148.5897216796875,493.8248291015625,150.13619995117188,352.4541320800781,88.47187042236328,373.8183288574219,115.89820861816406,382.24285888671875,84.53669738769531,369.5131530761719,94.92638397216797,382.87603759765625,99.76177978515625,421.23138427734375,101.29095458984375,461.06170654296875,106.5245132446289,541.6096801757812,113.94035339355469,589.458984375,129.82598876953125,0
3124,214.5530548095703,148.5115966796875,493.8238830566406,150.62649536132812,351.9493713378906,91.8084945678711,374.9398193359375,117.0860595703125,382.0491943359375,86.31749725341797,368.95184326171875,96.94618225097656,382.99835205078125,101.08036041259766,422.8450927734375,100.1961441040039,463.0054626464844,105.7371826171875,531.3856811523438,111.31817626953125,588.33544921875,129.13357543945312,0
3125,214.470947265625,148.6198272705078,493.9898376464844,150.5355987548828,348.06390380859375,91.17700958251953,376.2466125488281,118.75996398925781,384.3897399902344,88.30482482910156,368.9892578125,98.12413024902344,384.4100036621094,102.16720581054688,424.04425048828125,101.43585205078125,462.5222473144531,106.23099517822266,533.8211669921875,111.8929672241211,588.0875854492188,129.0703887939453,0
3126,214.359619140625,148.68533325195312,494.10443115234375,150.60647583007812,352.417724609375,100.99261474609375,380.0173034667969,119.69052124023438,383.0910949707031,88.17359161376953,371.7450866699219,101.24898529052734,385.7507629394531,102.73114013671875,424.42193603515625,99.62932586669922,462.99871826171875,105.85059356689453,533.6956176757812,111.96500396728516,589.2147216796875,129.62460327148438,0
3127,214.35374450683594,148.68865966796875,494.11688232421875,150.54486083984375,352.4091796875,100.9979248046875,380.14385986328125,119.80029296875,383.0767822265625,88.23555755615234,371.79034423828125,101.29570007324219,385.8216552734375,102.76441192626953,424.45849609375,99.5976791381836,462.9993591308594,105.85678100585938,533.7022705078125,111.95542907714844,589.1627197265625,129.59693908691406,0
3128,214.3177490234375,148.64476013183594,493.8331604003906,150.37416076660156,352.1788330078125,107.7256851196289,381.9263610839844,121.26221466064453,379.1404113769531,89.15154266357422,370.9021301269531,104.8852767944336,385.04248046875,103.31912994384766,423.1679992675781,97.58077239990234,462.94427490234375,105.14289855957031,532.6295776367188,111.62207794189453,587.1782836914062,129.39134216308594,0
3129,214.5115509033203,148.7139434814453,493.677001953125,150.24549865722656,352.7870178222656,121.48194885253906,386.23529052734375,125.34133911132812,376.155517578125,97.21426391601562,370.2174377441406,112.23505401611328,382.36383056640625,108.3935546875,421.0581970214844,95.48004913330078,462.5261535644531,101.533935546875,531.2708740234375,111.65445709228516,586.6630859375,128.9954833984375,0
3130,214.3035430908203,148.52655029296875,493.6085205078125,150.1010284423828,353.142578125,130.85716247558594,387.4505920410156,125.23412322998047,373.48516845703125,99.54153442382812,368.74261474609375,117.3584976196289,382.0885009765625,109.25990295410156,419.7366638183594,95.52830505371094,461.7602233886719,101.37824249267578,532.0509033203125,111.6878662109375,586.3898315429688,128.90206909179688,0
3131,214.48211669921875,148.62220764160156,493.7518005371094,150.06854248046875,354.3058776855469,137.08795166015625,388.6183776855469,131.84710693359375,372.4173889160156,105.83457946777344,370.4769592285156,123.41779327392578,382.0555114746094,115.77542114257812,418.0089111328125,96.01321411132812,461.6383972167969,99.47594451904297,529.1467895507812,110.59484100341797,586.0198364257812,129.5362091064453,0
3132,214.47727966308594,148.6309051513672,493.7587585449219,150.08287048339844,354.3183288574219,137.09703063964844,388.6172790527344,131.85130310058594,372.4088439941406,105.8496322631836,370.4921875,123.41791534423828,382.045166015625,115.78036499023438,418.0239562988281,95.99961853027344,461.6031188964844,99.46826171875,529.1492919921875,110.59750366210938,585.9996948242188,129.49151611328125,0
3133,214.4978790283203,148.55252075195312,493.62860107421875,150.1496124267578,355.3448181152344,143.76234436035156,390.0476989746094,133.13623046875,372.3957214355469,108.35830688476562,370.72674560546875,126.60798645019531,382.5617980957031,117.63513946533203,417.78466796875,96.746337890625,461.3713073730469,99.32202911376953,529.9502563476562,110.56529235839844,585.748779296875,129.00790405273438,0
3134,214.31936645507812,148.73240661621094,493.6549072265625,150.20448303222656,349.617919921875,142.04318237304688,389.0328369140625,136.74830627441406,372.66162109375,110.18170928955078,368.7469177246094,128.80148315429688,381.5547790527344,119.65459442138672,416.67010498046875,97.04486083984375,462.4611511230469,98.3592300415039,529.2241821289062,109.17140197753906,585.34619140625,128.6348114013672,0
3135,214.4271697998047,148.76536560058594,493.8904113769531,150.1190948486328,346.2326965332031,140.59658813476562,387.6773376464844,138.22413635253906,371.6028137207031,109.56886291503906,367.03863525390625,128.67315673828125,380.50384521484375,119.98568725585938,415.9570617675781,97.1469955444336,462.37078857421875,98.05514526367188,528.9994506835938,108.38248443603516,583.7677001953125,126.6240234375,0
3136,214.38755798339844,148.67735290527344,493.7947082519531,150.2822723388672,343.41094970703125,140.4786834716797,385.4548645019531,137.90675354003906,370.6179504394531,108.37825775146484,364.8900146484375,127.4955062866211,378.96234130859375,119.43482971191406,414.5108642578125,95.91983795166016,462.89031982421875,97.5220947265625,528.8486938476562,108.88236999511719,583.8207397460938,126.83875274658203,0
3137,214.47862243652344,148.71047973632812,493.7818908691406,150.0625,342.9540100097656,138.94091796875,382.9463195800781,138.03582763671875,368.5909729003906,107.9714126586914,364.7936706542969,125.61602783203125,377.0667724609375,119.18122100830078,413.33087158203125,95.8460693359375,463.0211486816406,97.19847106933594,529.1409912109375,108.77887725830078,586.2520751953125,129.13487243652344,0
3138,214.5117950439453,148.675537109375,493.78057861328125,150.0672149658203,342.9897766113281,138.96482849121094,382.94500732421875,138.05943298339844,368.64227294921875,107.9564437866211,364.8197021484375,125.61995697021484,377.0792236328125,119.16123962402344,413.34735107421875,95.87458801269531,463.0122985839844,97.2176742553711,529.2149658203125,108.783447265625,586.2333374023438,129.05335998535156,0
3139,214.52005004882812,148.5508575439453,493.7549743652344,150.21066284179688,344.73394775390625,137.1981658935547,382.20831298828125,138.4971466064453,367.6627502441406,108.87310791015625,364.8896789550781,125.7236328125,376.3960266113281,119.80755615234375,412.628173828125,95.30525970458984,463.0946350097656,96.9840316772461,529.4659423828125,109.10152435302734,586.02001953125,128.98243713378906,0
3140,214.46206665039062,148.76849365234375,493.7437438964844,150.25515747070312,343.65655517578125,144.48631286621094,385.1646423339844,137.82240295410156,367.2587890625,109.83541107177734,363.9632263183594,128.02403259277344,376.4466247558594,120.61929321289062,412.94659423828125,95.13823699951172,463.1484680175781,96.49095916748047,529.525390625,109.2776870727539,585.8894653320312,129.4259490966797,0
3141,214.41839599609375,148.5885009765625,493.7170715332031,150.23513793945312,342.6632995605469,146.26918029785156,386.1826171875,137.94654846191406,367.9185791015625,109.29676055908203,363.7802734375,128.41213989257812,376.68084716796875,120.91399383544922,412.1585998535156,94.85296630859375,462.48077392578125,95.79658508300781,528.4932861328125,107.52339172363281,584.2190551757812,125.5370101928711,0
3142,214.5149688720703,148.60626220703125,493.80633544921875,150.0692901611328,341.0243225097656,143.9231414794922,383.7769470214844,138.75180053710938,367.9261779785156,108.97956085205078,362.53839111328125,127.39629364013672,377.3863525390625,120.84156799316406,411.7572326660156,95.04716491699219,462.524169921875,95.60556030273438,529.1254272460938,107.26375579833984,584.8085327148438,126.03963470458984,0
3143,214.58511352539062,148.7205810546875,493.7575378417969,150.34078979492188,341.22027587890625,142.1152801513672,382.4317626953125,139.05267333984375,367.4679870605469,109.03873443603516,362.26080322265625,127.0853271484375,377.0419616699219,120.81645202636719,411.7611083984375,95.1666259765625,462.5558166503906,95.7933578491211,527.7268676757812,106.30177307128906,584.8390502929688,124.0768051147461,0
3144,214.57701110839844,148.73744201660156,493.8595275878906,150.3524627685547,340.66375732421875,141.97650146484375,382.7188720703125,138.51760864257812,367.530517578125,108.5615234375,362.3087463378906,126.65593719482422,376.99493408203125,120.22814178466797,411.75628662109375,94.84281921386719,462.53546142578125,95.7665023803711,527.15478515625,107.43933868408203,582.0232543945312,124.7066879272461,0
3145,214.62928771972656,148.6678009033203,493.7953186035156,150.33970642089844,341.1582336425781,141.67506408691406,383.3775939941406,137.54977416992188,367.4820556640625,108.02146911621094,362.64251708984375,125.92151641845703,376.029541015625,119.33472442626953,411.6853942871094,94.23822021484375,462.8048095703125,95.8659439086914,529.7337646484375,109.67378997802734,585.99169921875,128.8594207763672,0
3146,214.60586547851562,148.74176025390625,493.8331298828125,150.23460388183594,341.3094787597656,142.20321655273438,384.02789306640625,137.16285705566406,367.81390380859375,107.2822494506836,364.3313903808594,126.39286804199219,376.4927062988281,118.88887023925781,411.5813903808594,94.69170379638672,462.79522705078125,95.72576141357422,529.1709594726562,110.15264892578125,584.7372436523438,129.17933654785156,0
3147,214.58599853515625,148.7257537841797,493.82244873046875,150.23666381835938,341.2989196777344,142.1598358154297,384.0484619140625,137.18377685546875,367.7317199707031,107.41498565673828,364.33221435546875,126.42384338378906,376.4958801269531,118.90357208251953,411.5657653808594,94.63710021972656,462.8133544921875,95.73788452148438,529.1951293945312,110.15457153320312,584.7118530273438,129.15089416503906,0
3148,214.5801239013672,148.5457305908203,493.84832763671875,150.1800994873047,340.79803466796875,142.0044708251953,384.7598876953125,136.6337432861328,368.1136169433594,106.54779815673828,364.31768798828125,125.80711364746094,377.0375671386719,117.98531341552734,412.1416320800781,93.8778305053711,462.8985290527344,95.7088623046875,529.2927856445312,109.91902160644531,585.2249145507812,129.01712036132812,0
3149,214.7273712158203,148.61453247070312,493.826904296875,150.0634307861328,340.6631164550781,141.19065856933594,384.2979431152344,136.8485565185547,368.1720275878906,106.53871154785156,364.0536193847656,125.52326965332031,377.04425048828125,117.99801635742188,412.0486755371094,93.79698944091797,463.1717529296875,95.53675842285156,529.491943359375,110.02692413330078,586.386474609375,129.09793090820312,0
3150,214.60459899902344,148.5768280029297,493.9786682128906,150.15005493164062,341.392333984375,141.52911376953125,385.4702453613281,136.85302734375,369.69989013671875,107.15704345703125,364.15289306640625,126.69258880615234,378.1606140136719,118.29586791992188,412.868896484375,93.65824127197266,463.30316162109375,95.39147186279297,529.2543334960938,110.1875,585.5531616210938,129.55979919433594,0
3151,214.6046142578125,148.57693481445312,493.9794921875,150.11863708496094,341.3919372558594,141.5288543701172,385.4678649902344,136.84799194335938,369.70269775390625,107.1578598022461,364.1500244140625,126.68860626220703,378.162841796875,118.30116271972656,412.862548828125,93.66111755371094,463.30645751953125,95.39122772216797,529.24267578125,110.17826843261719,585.5118408203125,129.55047607421875,0
3152,214.5323028564453,148.44601440429688,493.8266296386719,150.09046936035156,341.6181335449219,141.7145538330078,386.3867492675781,136.4849853515625,369.94146728515625,107.0003890991211,364.6559753417969,126.5519027709961,378.9839782714844,118.00847625732422,413.32122802734375,94.04031372070312,463.424072265625,95.58721923828125,528.9395141601562,109.7807846069336,585.4196166992188,128.12559509277344,0
3153,214.6039581298828,148.4630126953125,493.878662109375,150.14407348632812,340.68975830078125,141.29364013671875,385.6310119628906,136.82005310058594,369.9570617675781,105.96246337890625,365.2579650878906,125.2900161743164,378.2587585449219,118.2037582397461,412.912353515625,93.78556823730469,463.2336120605469,95.38713073730469,529.1806030273438,110.3136978149414,585.095703125,129.53030395507812,0
3154,214.38601684570312,148.38414001464844,493.86016845703125,150.0992889404297,339.3006896972656,139.24615478515625,382.61944580078125,137.89427185058594,368.5157165527344,106.95588684082031,363.3292236328125,125.2411880493164,376.333740234375,118.94589233398438,412.52032470703125,94.48762512207031,463.703125,95.15363311767578,528.48583984375,107.91332244873047,584.4763793945312,125.81861877441406,0
3155,214.36727905273438,148.5518798828125,493.8678283691406,150.0830078125,338.2917175292969,138.4686737060547,383.042236328125,139.85736083984375,370.1648864746094,108.67048645019531,364.32000732421875,126.6954345703125,377.14556884765625,121.1371841430664,413.99853515625,95.93739318847656,463.7274169921875,95.5096435546875,528.159423828125,106.19084930419922,587.254638671875,122.4698715209961,0
3156,214.39332580566406,148.57199096679688,493.85028076171875,150.09060668945312,338.28826904296875,138.46893310546875,383.0395202636719,139.86483764648438,370.181396484375,108.68143463134766,364.33154296875,126.69803619384766,377.1672668457031,121.139404296875,414.0169372558594,95.97793579101562,463.7496337890625,95.52338409423828,528.1610717773438,106.19414520263672,587.2479858398438,122.4730224609375,0
3157,214.4591522216797,148.54263305664062,493.77490234375,150.0200958251953,337.9880676269531,137.61680603027344,381.6577453613281,139.54537963867188,370.4879150390625,108.98008728027344,364.3902282714844,126.31114196777344,377.1530456542969,121.43498992919922,414.0780334472656,96.3744888305664,463.8285217285156,95.55300903320312,528.3948974609375,106.9361572265625,586.5466918945312,123.55233001708984,0
3158,214.55908203125,148.51710510253906,493.8318786621094,150.02340698242188,335.5733642578125,134.688232421875,381.1252136230469,137.7428436279297,371.98358154296875,107.06693267822266,363.5704345703125,123.71432495117188,377.8970642089844,119.80859375,413.8739929199219,96.0924072265625,462.4900817871094,94.88861846923828,528.3621826171875,105.92832946777344,586.548828125,123.97003173828125,0
3159,214.5194854736328,148.55856323242188,493.790771484375,150.01541137695312,336.4660949707031,132.8771209716797,380.7762145996094,138.0558319091797,372.5079040527344,105.9814453125,364.23907470703125,122.15863037109375,378.66595458984375,118.63819885253906,414.2088623046875,96.23968505859375,462.2962646484375,95.21548461914062,527.3114624023438,105.90609741210938,584.1920776367188,123.32149505615234,0
3160,214.52076721191406,148.68821716308594,493.68634033203125,150.2255096435547,339.6180114746094,140.59625244140625,384.0780029296875,142.29457092285156,373.9472961425781,109.6188735961914,365.1776123046875,128.39779663085938,379.3287353515625,121.96238708496094,414.1390380859375,97.07852935791016,462.1534729003906,96.03080749511719,526.2078247070312,110.22054290771484,581.2051391601562,127.96271514892578,0
3161,214.5212860107422,148.6885986328125,493.68670654296875,150.22396850585938,339.6109619140625,140.5934600830078,384.08563232421875,142.2877655029297,373.9103698730469,109.62278747558594,365.16058349609375,128.3951416015625,379.3338928222656,121.94015502929688,414.1989440917969,97.02061462402344,462.1742858886719,96.02877044677734,526.1749267578125,110.20457458496094,581.2008666992188,127.9618911743164,0
3162,214.7011260986328,148.65269470214844,493.7008361816406,150.02845764160156,341.5059509277344,142.91168212890625,386.18634033203125,145.36703491210938,375.3476867675781,113.55042266845703,366.7048645019531,132.42312622070312,380.7992858886719,125.08968353271484,414.7633972167969,98.80414581298828,460.9337463378906,94.48933410644531,527.351806640625,108.59813690185547,582.2193603515625,128.61326599121094,0
3163,214.61346435546875,148.61691284179688,493.7626647949219,150.1756591796875,352.6478576660156,154.9893798828125,390.24383544921875,150.52264404296875,373.1470642089844,125.04689025878906,371.69482421875,141.4482879638672,383.1911315917969,132.22164916992188,414.6160888671875,100.35407257080078,461.67431640625,93.6070785522461,526.0770263671875,106.28751373291016,581.1929931640625,125.9787368774414,0
3164,214.67376708984375,148.53025817871094,493.75994873046875,150.12680053710938,352.8321533203125,162.33583068847656,390.0013427734375,155.12208557128906,371.8935852050781,131.32333374023438,370.78167724609375,148.0672149658203,383.09039306640625,138.46316528320312,413.7042541503906,103.20085144042969,461.1466369628906,92.39537811279297,525.1741943359375,104.59432220458984,582.0669555664062,125.16181945800781,0
3165,214.5790557861328,148.62640380859375,493.3970031738281,150.22860717773438,353.5265808105469,173.97586059570312,386.6205139160156,165.6623077392578,366.74969482421875,146.49053955078125,367.8247985839844,160.9999542236328,379.0417785644531,149.4940185546875,407.89007568359375,108.51575469970703,459.7857971191406,90.79741668701172,518.7698974609375,102.49461364746094,579.8065795898438,124.13961029052734,0
3166,214.5513458251953,148.46389770507812,493.20489501953125,150.0798797607422,346.7255859375,184.68093872070312,382.7501220703125,175.42523193359375,361.2138671875,155.3267364501953,363.59320068359375,169.0187530517578,373.7655029296875,158.5712127685547,403.08868408203125,114.64875030517578,455.20257568359375,88.44940185546875,509.2365417480469,101.41209411621094,571.6771240234375,123.18610382080078,0
3167,214.551513671875,148.61013793945312,493.1585693359375,150.3132781982422,337.1546630859375,193.26109313964844,371.7860107421875,184.73953247070312,352.5732116699219,166.4158477783203,353.59796142578125,181.10943603515625,364.6720886230469,169.1649169921875,394.2026062011719,121.23507690429688,447.2961120605469,87.66307067871094,499.9593200683594,99.72589874267578,564.1705932617188,133.0777587890625,0
3168,214.6233367919922,148.37486267089844,493.1398010253906,150.42689514160156,329.2997741699219,203.37875366210938,363.427001953125,197.36573791503906,343.60906982421875,177.5140380859375,344.57354736328125,192.43898010253906,356.6991882324219,180.2415771484375,387.0746765136719,130.9156494140625,439.6428527832031,89.57130432128906,491.5142517089844,97.67796325683594,557.3236694335938,131.2242431640625,0
3169,214.71292114257812,148.4740447998047,492.96923828125,150.1741943359375,311.80194091796875,233.76498413085938,345.164794921875,224.33609008789062,325.52239990234375,203.67056274414062,327.36572265625,218.41627502441406,338.3880920410156,207.61727905273438,369.2736511230469,164.04971313476562,414.8616943359375,107.97882843017578,472.5281677246094,97.35658264160156,541.2203979492188,114.22649383544922,0
3170,214.76695251464844,148.43934631347656,492.9590148925781,150.1741943359375,311.8421936035156,233.728515625,345.1451416015625,224.56796264648438,325.46612548828125,203.75877380371094,327.3109130859375,218.44873046875,338.3320007324219,207.6256866455078,369.2442321777344,164.07424926757812,414.893798828125,107.90237426757812,472.4681701660156,97.34428405761719,541.1786499023438,114.19562530517578,0
3171,214.6973876953125,148.411865234375,492.9945983886719,149.7865753173828,301.1639404296875,248.40374755859375,336.2327880859375,238.60768127441406,316.985107421875,218.00929260253906,319.3356018066406,232.6541748046875,330.2767333984375,223.37962341308594,360.8091125488281,181.4467010498047,401.1254577636719,127.84439849853516,441.5483093261719,112.5829086303711,462.1974792480469,107.40882110595703,0
3172,214.66546630859375,148.4677276611328,492.7776794433594,154.95501708984375,279.859130859375,280.5218200683594,316.13299560546875,272.18603515625,297.7135314941406,251.122802734375,298.96868896484375,264.2727355957031,310.0726623535156,256.1625671386719,344.89422607421875,210.4860382080078,387.0102233886719,161.3934326171875,420.8118591308594,143.27621459960938,463.0857849121094,122.66309356689453,0
3173,214.69606018066406,148.4646759033203,492.78961181640625,154.95965576171875,279.8749084472656,280.5306091308594,316.1553039550781,272.22314453125,297.64752197265625,251.10186767578125,298.974609375,264.2845458984375,309.993896484375,256.165283203125,344.89947509765625,210.46670532226562,387.0118408203125,161.38973999023438,420.80535888671875,143.2757568359375,463.08929443359375,122.66094970703125,0
3174,214.72705078125,148.5365447998047,493.4364929199219,150.8086395263672,266.31976318359375,293.50494384765625,304.2236328125,285.2552795410156,286.7535095214844,264.6208801269531,286.2784729003906,279.73309326171875,299.0369567871094,269.2215576171875,336.40447998046875,226.9145965576172,383.3155517578125,179.05535888671875,411.84173583984375,161.57814025878906,439.3839111328125,152.42550659179688,0
3175,214.7203826904297,148.54808044433594,493.43389892578125,150.8026885986328,266.3387145996094,293.5114440917969,304.1510314941406,285.3093566894531,286.75360107421875,264.6407470703125,286.2872619628906,279.7248840332031,299.0142517089844,269.24017333984375,336.43359375,226.9341278076172,383.2738342285156,179.0619354248047,411.8703918457031,161.4420623779297,439.41204833984375,152.4985809326172,0
3176,214.75393676757812,148.5571746826172,493.4284973144531,149.3222198486328,254.73963928222656,304.2722473144531,292.9834899902344,298.95343017578125,276.9347839355469,275.10430908203125,274.8731689453125,291.28228759765625,288.3548889160156,281.58502197265625,326.434326171875,240.55165100097656,371.79644775390625,191.6247100830078,408.13458251953125,175.39979553222656,440.150634765625,167.0543212890625,0
3177,214.75401306152344,148.55555725097656,493.43011474609375,149.32701110839844,254.73928833007812,304.2746887207031,292.91180419921875,299.03179931640625,276.9109802246094,275.16424560546875,274.814208984375,291.3269348144531,288.2159118652344,281.6890869140625,326.3855285644531,240.59910583496094,371.8088684082031,191.60487365722656,408.1560363769531,175.3876495361328,440.14959716796875,167.05775451660156,0
3178,214.63845825195312,148.6125030517578,493.055419921875,149.9521484375,226.30665588378906,337.21209716796875,266.1283874511719,329.1727294921875,248.86492919921875,303.861328125,246.8201141357422,321.2376708984375,260.78076171875,311.0282287597656,294.7438049316406,269.19677734375,337.84820556640625,218.46514892578125,377.357666015625,196.63070678710938,416.4720458984375,185.83607482910156,0
3179,214.52719116210938,148.6363525390625,493.07470703125,149.79571533203125,207.7900390625,373.39166259765625,250.90309143066406,361.18780517578125,232.10060119628906,335.23297119140625,229.55221557617188,354.679443359375,244.7450408935547,343.5527038574219,281.26129150390625,304.43572998046875,329.0313720703125,263.174072265625,367.7876281738281,246.5197296142578,403.7929992675781,228.38755798339844,0
3180,214.46653747558594,148.65419006347656,492.9876708984375,149.86453247070312,203.0858917236328,380.0511779785156,247.29685974121094,366.2748107910156,227.4901580810547,340.43426513671875,224.02198791503906,360.7721252441406,238.7877197265625,348.9751892089844,277.0426025390625,312.7734069824219,326.8922424316406,270.2786560058594,372.4051818847656,257.02484130859375,413.8310546875,242.3251190185547,0
3181,214.35595703125,148.6561737060547,493.0263366699219,149.8483428955078,198.9656524658203,383.7691650390625,245.36178588867188,371.52020263671875,226.61398315429688,342.9161376953125,223.23475646972656,363.605712890625,237.36956787109375,352.54925537109375,273.6180419921875,316.98980712890625,319.5106506347656,271.589599609375,373.1576232910156,257.2640686035156,426.199951171875,247.7532501220703,0
3182,214.21290588378906,148.66123962402344,493.0184020996094,150.0531463623047,199.17474365234375,384.76202392578125,245.0802001953125,371.6260681152344,226.38990783691406,343.4579772949219,222.95823669433594,364.0667419433594,237.23281860351562,352.9998474121094,271.6148986816406,317.3510437011719,314.2396545410156,270.8302917480469,363.83428955078125,253.08140563964844,409.1488952636719,243.8336639404297,0
3183,214.35450744628906,148.66607666015625,492.9046325683594,150.0253448486328,197.99288940429688,385.9001159667969,244.75021362304688,370.9927978515625,224.76365661621094,343.5556945800781,222.20626831054688,364.0081787109375,236.7889404296875,352.3178405761719,268.60791015625,314.5988464355469,307.9577941894531,269.5693664550781,354.18701171875,248.1548309326172,404.5489501953125,231.4146270751953,0
3184,214.40945434570312,148.60655212402344,493.00665283203125,150.03457641601562,197.10101318359375,384.85406494140625,244.12730407714844,368.526123046875,222.53514099121094,341.7913818359375,221.46142578125,361.4327087402344,235.86927795410156,350.04925537109375,267.3001403808594,314.09942626953125,306.1628112792969,271.7716064453125,345.178955078125,245.95703125,385.9464111328125,225.79757690429688,0
3185,214.34075927734375,148.67984008789062,492.97052001953125,149.98626708984375,197.65875244140625,377.354736328125,244.44049072265625,366.9809265136719,224.72315979003906,339.0946350097656,220.62232971191406,359.97705078125,236.1664276123047,348.3372802734375,268.4300231933594,313.8664245605469,309.6835021972656,274.07794189453125,349.1210021972656,244.6577911376953,392.8087158203125,218.55657958984375,0
3186,214.38453674316406,148.70965576171875,493.024169921875,149.9633331298828,200.23619079589844,374.7291564941406,247.6659698486328,363.58135986328125,230.62355041503906,335.0036315917969,225.24163818359375,356.7309265136719,242.3603057861328,345.5859680175781,273.365234375,314.1571960449219,314.172607421875,277.5552978515625,351.11688232421875,265.1499328613281,381.4810485839844,256.06744384765625,0
3187,214.39093017578125,148.61801147460938,493.032958984375,149.929443359375,200.25070190429688,367.8727722167969,247.43324279785156,362.3995666503906,232.1151123046875,332.9461975097656,226.44815063476562,352.8513488769531,243.53184509277344,342.9653625488281,275.0657043457031,314.9661560058594,314.7860412597656,278.99542236328125,358.563232421875,266.0469970703125,402.7635803222656,262.79962158203125,0
3188,214.46214294433594,148.5132598876953,492.9491271972656,149.91357421875,203.7443389892578,366.7543640136719,251.06005859375,360.25323486328125,233.729736328125,329.5268249511719,229.19259643554688,350.3315124511719,244.99993896484375,340.5841369628906,276.97735595703125,313.4564208984375,316.9775695800781,278.781982421875,360.7507629394531,262.7814025878906,406.7262268066406,254.4055938720703,0
3189,214.45286560058594,148.53147888183594,493.0437927246094,149.97325134277344,207.89596557617188,371.4190673828125,256.0626525878906,359.7978210449219,236.26272583007812,328.9717712402344,233.3179931640625,350.09515380859375,248.22891235351562,340.4593505859375,281.00115966796875,311.4391784667969,317.6123046875,278.1413879394531,363.0329895019531,261.20465087890625,411.40594482421875,253.00924682617188,0
3190,214.46775817871094,148.5531463623047,493.0264587402344,149.96376037597656,207.89157104492188,371.4136962890625,256.0425109863281,359.8495788574219,236.2598876953125,328.9679870605469,233.29922485351562,350.08197021484375,248.18508911132812,340.4867248535156,280.9541931152344,311.527099609375,317.6341247558594,278.1628112792969,363.03765869140625,261.19696044921875,411.453369140625,253.00927734375,0
3191,214.51214599609375,148.6099395751953,492.9487609863281,149.86561584472656,213.48312377929688,370.72802734375,261.10491943359375,358.36474609375,241.41259765625,328.35076904296875,237.94241333007812,350.08984375,251.84542846679688,339.653564453125,281.2333984375,311.0942687988281,317.23211669921875,278.9903869628906,363.6162109375,259.06982421875,410.7478332519531,247.3245391845703,0
3192,214.59669494628906,148.7127685546875,493.0359191894531,149.86654663085938,215.7276611328125,378.74127197265625,263.6513977050781,360.93756103515625,241.3506317138672,332.5169982910156,238.46267700195312,356.5208435058594,252.157470703125,344.36322021484375,281.14447021484375,312.0831604003906,317.560302734375,278.5289611816406,369.4529724121094,253.6442108154297,427.3379821777344,231.6767578125,0
3193,214.4130859375,148.7729034423828,493.0,149.83197021484375,214.79949951171875,383.5550231933594,263.5172119140625,364.25726318359375,240.11920166015625,337.31060791015625,238.4280548095703,360.59918212890625,252.35952758789062,347.1645202636719,280.22613525390625,313.3418884277344,316.5472412109375,278.5886535644531,370.27032470703125,254.92904663085938,429.8122253417969,232.86680603027344,0
3194,214.5085906982422,148.8704833984375,492.99530029296875,149.85873413085938,211.82887268066406,388.98968505859375,262.288818359375,369.09771728515625,238.4843292236328,340.80523681640625,238.16029357910156,363.8779602050781,252.073974609375,351.3794860839844,278.26531982421875,317.0882873535156,314.6222839355469,279.81060791015625,366.3832092285156,253.93409729003906,431.28887939453125,232.7592010498047,0
3195,214.50738525390625,148.8773651123047,492.9933776855469,149.89036560058594,211.8579864501953,388.9742126464844,262.27618408203125,369.0956115722656,238.5130157470703,340.82586669921875,238.17459106445312,363.897216796875,252.07470703125,351.38177490234375,278.27606201171875,317.0886535644531,314.6093444824219,279.8133239746094,366.31927490234375,253.98495483398438,431.2937927246094,232.78070068359375,0
3196,214.34396362304688,148.7152099609375,492.98834228515625,149.8367156982422,210.3754119873047,394.1015625,261.1185607910156,374.08441162109375,236.7598419189453,346.6284484863281,235.1554718017578,369.0058898925781,250.02438354492188,356.78594970703125,277.24151611328125,319.09442138671875,313.4054260253906,279.8179931640625,366.63525390625,255.25540161132812,431.0428161621094,232.93370056152344,0
3197,214.4979705810547,148.70082092285156,493.0302734375,149.79351806640625,207.75572204589844,401.6512145996094,260.6876525878906,380.274658203125,236.70736694335938,351.14678955078125,234.2196502685547,374.5032043457031,248.20294189453125,362.87255859375,276.3489685058594,323.3959045410156,311.8509216308594,280.81591796875,364.25445556640625,256.5695495605469,426.3603515625,233.03416442871094,0
3198,214.47183227539062,148.51077270507812,492.9303283691406,149.72769165039062,205.48268127441406,403.9110412597656,259.51806640625,383.6042175292969,235.2782440185547,354.27484130859375,233.8046875,376.67095947265625,248.17625427246094,365.0616455078125,274.7828369140625,325.2989807128906,310.48919677734375,281.76763916015625,362.7242736816406,257.9812927246094,422.53369140625,234.0942840576172,0
3199,214.5974884033203,148.6678466796875,492.9497985839844,149.6217041015625,205.15292358398438,406.41644287109375,259.81884765625,386.4247131347656,234.05923461914062,356.4272766113281,233.5689239501953,379.0763244628906,246.78793334960938,368.0661315917969,273.0663146972656,327.67388916015625,308.7602844238281,284.3934020996094,361.96392822265625,261.87200927734375,420.46722412109375,239.84898376464844,0
3200,214.5253143310547,148.59500122070312,492.99176025390625,149.67434692382812,203.6173858642578,408.3381042480469,259.1573791503906,388.5980224609375,232.8448028564453,357.1680603027344,232.40841674804688,380.2584533691406,246.18992614746094,369.15325927734375,271.06573486328125,327.33673095703125,306.84259033203125,285.6363830566406,360.34478759765625,262.8196716308594,419.3799133300781,242.2257843017578,0
3201,214.60035705566406,148.6457061767578,493.0306396484375,149.75575256347656,203.06520080566406,409.8905944824219,257.0769348144531,389.5785827636719,230.5779571533203,357.6807861328125,230.01651000976562,381.38055419921875,243.60336303710938,369.0430603027344,267.4941711425781,327.69769287109375,304.5850830078125,287.63726806640625,355.070068359375,262.20477294921875,410.10906982421875,239.89125061035156,0
3202,214.59344482421875,148.64842224121094,493.0296630859375,149.7567138671875,203.05027770996094,409.884521484375,257.0633239746094,389.5157470703125,230.59104919433594,357.5235595703125,229.99964904785156,381.2458801269531,243.5913543701172,368.8973388671875,267.514892578125,327.6686706542969,304.5861511230469,287.6337585449219,355.1393737792969,262.138671875,410.2486877441406,239.84939575195312,0
3203,214.58148193359375,148.6387176513672,493.0025634765625,149.59893798828125,199.80914306640625,409.70660400390625,252.96676635742188,388.6137390136719,228.37086486816406,358.1708679199219,227.291259765625,381.1094665527344,241.4907684326172,368.37542724609375,268.02276611328125,328.62518310546875,308.90411376953125,283.49176025390625,360.5766906738281,257.2791442871094,414.56378173828125,236.53201293945312,0
3204,214.5830841064453,148.4781951904297,493.0343933105469,149.62608337402344,198.77813720703125,395.9530944824219,249.07241821289062,382.2629699707031,229.92208862304688,354.1406555175781,225.12181091308594,375.7614440917969,240.6031036376953,363.50958251953125,273.9487609863281,327.4276428222656,318.4704284667969,277.5851135253906,369.6303405761719,250.52806091308594,431.1397705078125,219.997802734375,0
3205,214.5545654296875,148.47409057617188,493.1863708496094,149.64389038085938,202.0570831298828,378.58233642578125,246.3811492919922,377.0854797363281,232.07345581054688,347.7350769042969,226.04116821289062,366.5936279296875,241.36236572265625,357.6232604980469,276.7330322265625,324.721923828125,321.6062927246094,276.357421875,376.09442138671875,249.4238739013672,434.23504638671875,218.85719299316406,0
3206,214.72042846679688,148.6172332763672,493.145751953125,149.6975555419922,210.49754333496094,346.0744323730469,246.24363708496094,362.681640625,240.7742462158203,330.93194580078125,231.60458374023438,344.2686767578125,246.3941192626953,343.84027099609375,283.7635803222656,314.8824462890625,327.5359802246094,276.2322998046875,383.8368835449219,248.00778198242188,439.9031677246094,216.29905700683594,0
3207,214.7156982421875,148.61309814453125,493.1528015136719,149.70184326171875,210.4927215576172,346.06732177734375,246.20364379882812,362.704345703125,240.7788543701172,330.9122314453125,231.5699005126953,344.2530822753906,246.3216094970703,343.8285827636719,283.5676574707031,315.2633361816406,327.502197265625,276.2585754394531,383.8008117675781,248.017333984375,439.9903564453125,216.2707061767578,0
3208,214.60421752929688,148.64999389648438,493.1466064453125,149.5946044921875,211.97357177734375,337.384521484375,244.52957153320312,358.3150939941406,241.9366455078125,325.06640625,232.95767211914062,338.421875,247.34494018554688,338.0357971191406,288.3899230957031,314.299072265625,332.7396240234375,277.5245056152344,386.8424377441406,247.7930145263672,441.1575622558594,217.49046325683594,0
3209,214.61795043945312,148.5543212890625,493.1231689453125,149.65850830078125,215.6934051513672,310.5675048828125,236.87045288085938,338.9962158203125,239.26919555664062,306.07861328125,231.08180236816406,318.8167724609375,243.11485290527344,320.98052978515625,287.4163513183594,307.2435302734375,339.78289794921875,278.09124755859375,391.1932067871094,254.71920776367188,443.84124755859375,228.6859588623047,0
3210,214.7003173828125,148.54290771484375,493.0862121582031,149.58497619628906,216.1199493408203,303.76953125,234.82608032226562,332.9697265625,236.5604248046875,300.1792907714844,228.84478759765625,313.267578125,240.86090087890625,316.2532653808594,285.17633056640625,304.3699035644531,341.0502014160156,280.8241882324219,395.49859619140625,259.3733825683594,449.427734375,234.13720703125,0
3211,214.6971435546875,148.51324462890625,493.06182861328125,149.6002197265625,223.0095977783203,305.4179992675781,232.41802978515625,328.2372741699219,235.79920959472656,295.6001892089844,228.63632202148438,309.1086120605469,239.00332641601562,312.39361572265625,283.6266174316406,305.223876953125,342.42510986328125,289.5851745605469,399.885009765625,276.0511779785156,457.4345703125,257.8821105957031,0
3212,214.69766235351562,148.5097198486328,492.970947265625,149.64459228515625,223.038330078125,305.3216552734375,232.4733428955078,328.1158752441406,235.8002471923828,295.7012023925781,228.6340789794922,309.0755615234375,238.90560913085938,312.4552001953125,283.46392822265625,305.8754577636719,342.4069519042969,289.6070556640625,399.8923034667969,276.0876770019531,457.48004150390625,257.88116455078125,0
3213,214.66029357910156,148.52735900878906,493.0287780761719,149.66807556152344,220.6474609375,303.3657531738281,232.0563201904297,327.9400329589844,235.2655029296875,296.8040771484375,228.0601806640625,309.63592529296875,238.69447326660156,313.6692199707031,283.7565612792969,306.5527038574219,342.5366516113281,291.4493103027344,401.6800842285156,279.26348876953125,458.6726989746094,258.56298828125,0
3214,214.47361755371094,148.63954162597656,493.0950012207031,149.8418426513672,214.26470947265625,303.9429626464844,225.92041015625,329.5366516113281,229.41651916503906,297.62847900390625,221.90147399902344,310.5675048828125,233.8893585205078,315.0603942871094,279.6421813964844,309.29833984375,341.59490966796875,292.5598449707031,400.446533203125,280.87994384765625,458.045654296875,259.5534973144531,0
3215,214.57022094726562,148.66688537597656,493.11810302734375,149.7152099609375,209.38705444335938,303.2542419433594,222.74253845214844,329.8379821777344,226.59637451171875,298.225341796875,218.07809448242188,310.80908203125,230.3589324951172,315.4662780761719,278.80328369140625,310.99908447265625,340.8548583984375,292.9349060058594,399.1014099121094,280.746826171875,455.70709228515625,258.7246398925781,0
3216,214.5774688720703,148.62277221679688,493.1429138183594,149.70437622070312,206.72207641601562,301.9339294433594,220.38658142089844,330.3683776855469,223.67694091796875,298.7315673828125,215.53829956054688,310.2165832519531,228.5314483642578,315.3984069824219,277.64385986328125,311.7003479003906,338.6489562988281,293.0141906738281,396.9119567871094,281.8027038574219,455.03387451171875,260.6298522949219,0
3217,214.39622497558594,148.85653686523438,493.1283264160156,149.70941162109375,201.5548858642578,300.248291015625,216.3135986328125,330.275390625,220.48094177246094,299.2657775878906,212.5037384033203,310.1977233886719,225.0106201171875,315.33148193359375,276.4803466796875,311.6202392578125,337.88031005859375,293.0701904296875,394.6181640625,281.24822998046875,454.037353515625,260.50384521484375,0
3218,214.3915557861328,148.76625061035156,493.1918029785156,149.73980712890625,190.56744384765625,296.52545166015625,205.5396728515625,326.3570556640625,212.6140594482422,295.77423095703125,201.9337158203125,305.8140563964844,214.01763916015625,312.1392517089844,266.3782043457031,310.5860595703125,332.8363952636719,295.4725646972656,392.0812683105469,283.2048034667969,450.11444091796875,259.8577575683594,0
3219,214.4703826904297,148.80088806152344,493.0876159667969,149.69027709960938,182.51052856445312,293.9894104003906,198.57008361816406,324.48345947265625,206.22869873046875,293.27294921875,195.41554260253906,304.44232177734375,208.47181701660156,309.7967529296875,262.7968444824219,311.28338623046875,328.31121826171875,298.4552307128906,389.3315734863281,287.1787109375,446.34149169921875,266.440185546875,0
3220,214.12423706054688,148.78912353515625,493.1050720214844,149.73089599609375,167.537353515625,293.1644592285156,185.67138671875,323.03387451171875,196.76878356933594,291.4199523925781,184.43246459960938,301.038330078125,197.13153076171875,307.86517333984375,249.12388610839844,312.16412353515625,314.2379455566406,307.8782653808594,374.61016845703125,304.4416198730469,426.55084228515625,291.1275329589844,0
3221,214.1239471435547,148.7805938720703,493.1387939453125,149.73143005371094,167.53775024414062,293.1601257324219,185.67359924316406,323.0367431640625,196.7654571533203,291.4120788574219,184.4310302734375,301.0375061035156,197.14404296875,307.87884521484375,249.23313903808594,312.1208801269531,314.2333068847656,307.8903503417969,374.6030578613281,304.44158935546875,426.58026123046875,291.1315612792969,0
3222,214.31723022460938,148.76365661621094,493.2582092285156,149.6891326904297,156.90933227539062,294.19720458984375,181.96731567382812,322.6366882324219,192.50428771972656,290.5872802734375,178.34567260742188,301.06060791015625,192.95245361328125,305.8719787597656,244.89370727539062,311.8583984375,304.435546875,307.3077087402344,363.9525451660156,310.1265563964844,420.60302734375,299.741455078125,0
3223,214.35597229003906,148.6931610107422,493.27764892578125,149.67202758789062,142.7828826904297,296.0677185058594,174.8418731689453,320.4063720703125,180.818603515625,287.7115173339844,168.3631134033203,299.2094421386719,182.8059539794922,303.5987243652344,235.0084991455078,302.80889892578125,296.0373229980469,302.6661071777344,349.5834045410156,305.0559997558594,397.81658935546875,301.2572326660156,0
3224,214.41688537597656,148.8475341796875,493.21044921875,149.56443786621094,141.86119079589844,294.50982666015625,171.3686981201172,319.7613220214844,176.958740234375,288.13909912109375,164.73745727539062,299.6916809082031,178.96737670898438,303.7565612792969,231.91920471191406,302.4461364746094,291.6320495605469,301.25811767578125,345.75543212890625,302.4757995605469,394.95989990234375,295.6185607910156,0
3225,214.41685485839844,148.8389892578125,493.1998291015625,149.53759765625,141.86378479003906,294.5102233886719,171.36407470703125,319.7626037597656,176.9596710205078,288.140625,164.7393341064453,299.69195556640625,178.96913146972656,303.7580871582031,231.90859985351562,302.5187072753906,291.60302734375,301.2596435546875,345.58062744140625,302.5335998535156,395.0545654296875,295.62335205078125,0
3226,214.2589874267578,148.83770751953125,493.16790771484375,149.63429260253906,132.3500213623047,296.4997863769531,153.2281036376953,325.0271911621094,160.1769561767578,293.943603515625,147.994384765625,304.00384521484375,162.22801208496094,308.4090881347656,215.21641540527344,313.8280334472656,275.6581115722656,322.39068603515625,326.79937744140625,341.9704284667969,373.81903076171875,342.0185546875,0
3227,214.33132934570312,148.82229614257812,493.1802062988281,149.63323974609375,132.3341522216797,296.52239990234375,153.18788146972656,325.0724792480469,160.22482299804688,293.98077392578125,147.96961975097656,303.9885559082031,162.2126007080078,308.3878173828125,215.47532653808594,313.547119140625,275.6098327636719,322.40093994140625,326.6712646484375,341.9723815917969,373.571533203125,342.0224304199219,0
3228,214.32794189453125,148.97581481933594,493.22021484375,149.62100219726562,126.22459411621094,294.15472412109375,148.64154052734375,324.112060546875,156.263916015625,293.4048156738281,144.30967712402344,304.3211975097656,158.4009246826172,308.9096374511719,210.6063690185547,313.9023132324219,272.144775390625,320.3502502441406,327.6033020019531,344.5187683105469,385.69256591796875,349.48419189453125,0
3229,214.33116149902344,148.88914489746094,493.2470703125,149.6446990966797,120.80158996582031,287.63177490234375,139.70608520507812,316.6739501953125,147.11167907714844,287.1791076660156,135.5977325439453,296.73748779296875,148.75039672851562,302.6029968261719,199.77296447753906,303.00543212890625,264.70953369140625,303.3785400390625,321.4179992675781,309.310546875,369.09991455078125,304.2894592285156,0
3230,214.23968505859375,148.759521484375,493.1726379394531,149.58885192871094,114.80484008789062,288.9118347167969,137.9548797607422,315.9267883300781,144.38685607910156,286.31640625,131.9808807373047,296.6552734375,146.63629150390625,301.2007141113281,199.7893829345703,301.98828125,262.44915771484375,303.0571594238281,322.37725830078125,305.19366455078125,375.3703918457031,293.5172424316406,0
3231,214.29501342773438,148.79806518554688,493.2707824707031,149.61305236816406,108.02749633789062,290.35064697265625,136.1134796142578,315.8503723144531,142.3097686767578,285.8497314453125,128.57228088378906,297.0953674316406,144.19017028808594,300.98199462890625,196.8074188232422,302.957763671875,258.40362548828125,305.5216979980469,314.7456359863281,312.35369873046875,359.5937194824219,305.26409912109375,0
3232,214.22943115234375,148.64016723632812,493.14208984375,149.6757049560547,105.35758972167969,290.3981018066406,133.47230529785156,315.8826904296875,141.0359649658203,285.9464416503906,126.4543228149414,297.3195495605469,142.6310577392578,300.5998229980469,195.36883544921875,303.7746276855469,255.67935180664062,307.6161804199219,311.0718078613281,319.51605224609375,356.39154052734375,318.5898132324219,0
3233,214.1226348876953,148.67666625976562,493.1452331542969,149.7109375,96.40316772460938,295.45648193359375,129.6824493408203,317.0408935546875,136.57333374023438,285.5740051269531,122.68696594238281,296.7912902832031,137.83798217773438,301.07257080078125,190.11911010742188,305.7531433105469,248.72152709960938,311.85150146484375,308.8872985839844,327.0388488769531,367.0802917480469,325.58416748046875,0
3234,214.1132354736328,148.58175659179688,493.09521484375,149.5724639892578,91.93362426757812,296.3955383300781,126.8966293334961,319.16607666015625,133.5274200439453,285.4705810546875,119.5753173828125,298.052734375,134.92526245117188,302.1327819824219,186.31454467773438,308.1391906738281,245.49786376953125,317.6069030761719,304.2287902832031,334.546875,356.48565673828125,333.1416015625,0
3235,214.10032653808594,148.7365264892578,493.1264343261719,149.62574768066406,85.01453399658203,300.8660888671875,121.46170043945312,323.5132141113281,128.9741668701172,290.6236267089844,112.13855743408203,303.2688903808594,128.88011169433594,306.00616455078125,182.06234741210938,312.8886413574219,238.04867553710938,327.0321350097656,281.1578369140625,353.3470764160156,336.8812561035156,367.97711181640625,0
3236,214.13064575195312,148.70132446289062,493.1579895019531,149.60330200195312,85.01207733154297,300.8682861328125,121.44375610351562,323.5010986328125,128.97254943847656,290.62841796875,112.12999725341797,303.2696533203125,128.8594512939453,306.0013122558594,182.09371948242188,312.8599853515625,238.0467987060547,327.0370788574219,281.1516418457031,353.3441467285156,336.8959655761719,367.98095703125,0
3237,214.1299591064453,148.68992614746094,493.22320556640625,149.6666717529297,78.26422882080078,303.93267822265625,116.65911102294922,325.26171875,124.54403686523438,291.0689697265625,108.31517791748047,304.1160583496094,125.42914581298828,308.7789306640625,177.51483154296875,314.41748046875,235.47964477539062,327.18560791015625,281.4913635253906,357.8213195800781,348.5357666015625,372.2987976074219,0
3238,213.94557189941406,148.76124572753906,493.20416259765625,149.8328857421875,72.50206756591797,304.81927490234375,110.1263656616211,326.68878173828125,116.31525421142578,290.58953857421875,99.64251708984375,305.0286560058594,115.76696014404297,307.0549011230469,168.19158935546875,311.5382385253906,228.5705108642578,315.6320495605469,277.9458312988281,341.495361328125,322.78021240234375,355.6746520996094,0
3239,213.99867248535156,148.61317443847656,493.19671630859375,149.64657592773438,70.48787689208984,306.25225830078125,109.56107330322266,327.07794189453125,114.58251953125,290.1278991699219,97.16597747802734,304.77447509765625,114.19952392578125,306.0221252441406,166.80859375,306.4706115722656,225.75584411621094,306.4186096191406,272.9037170410156,328.9324951171875,312.96673583984375,340.1708679199219,0
3240,213.92050170898438,148.7109832763672,493.24383544921875,149.48512268066406,73.72702026367188,308.03759765625,113.45704650878906,328.525146484375,118.46353912353516,289.86566162109375,102.19416046142578,307.5295715332031,117.7829818725586,307.70208740234375,167.66592407226562,302.60223388671875,225.55416870117188,302.2287902832031,279.6666259765625,314.48297119140625,330.7490539550781,314.8180847167969,0
3241,213.9207763671875,148.7467498779297,493.2611389160156,149.4639434814453,73.72512817382812,308.03509521484375,113.45411682128906,328.51971435546875,118.46807861328125,289.8528747558594,102.19583129882812,307.5256042480469,117.77421569824219,307.69940185546875,169.38626098632812,302.7127685546875,225.5612335205078,302.22283935546875,279.6429443359375,314.4876708984375,330.6631774902344,314.8628845214844,0
3242,214.04991149902344,148.73162841796875,493.1717834472656,149.48316955566406,75.99038696289062,311.0978088378906,116.4371566772461,329.702392578125,119.51583862304688,291.0434265136719,104.25057220458984,308.9276123046875,121.04259490966797,310.15045166015625,170.62689208984375,304.4920349121094,228.20558166503906,304.40863037109375,279.5003356933594,319.3443908691406,327.18377685546875,325.8414611816406,0
3243,214.21185302734375,148.71864318847656,493.09454345703125,149.58108520507812,79.38143157958984,315.25628662109375,123.28499603271484,331.7440185546875,123.5822982788086,295.0137023925781,108.13355255126953,311.56207275390625,126.39734649658203,312.3553771972656,173.88861083984375,307.0205383300781,230.1997833251953,305.645751953125,281.7643737792969,324.8180236816406,342.6427917480469,332.9668273925781,0
3244,214.00579833984375,148.58230590820312,493.0937805175781,149.58409118652344,83.24970245361328,317.10516357421875,126.93794250488281,335.00579833984375,128.56427001953125,296.7283020019531,112.85748291015625,313.5393371582031,130.4168701171875,314.15936279296875,176.74484252929688,307.11236572265625,230.314453125,304.5970458984375,283.0256042480469,323.1476135253906,340.994384765625,333.28643798828125,0
3245,214.05609130859375,148.6503143310547,493.16912841796875,149.52090454101562,95.1277084350586,311.9307556152344,138.80784606933594,331.6043395996094,141.92138671875,294.9752197265625,125.41079711914062,311.55291748046875,143.29119873046875,313.3424072265625,185.61004638671875,307.8081359863281,236.41896057128906,305.8838806152344,288.4499816894531,324.0920104980469,346.2806396484375,332.7667236328125,0
3246,214.19969177246094,148.5425567626953,493.0408630371094,149.381591796875,100.06108093261719,311.70770263671875,143.9112091064453,332.22686767578125,147.24649047851562,294.2311096191406,130.2829132080078,311.7685241699219,146.98464965820312,312.41070556640625,188.695556640625,307.6972351074219,240.12069702148438,304.27484130859375,294.7127990722656,322.9012756347656,348.7508850097656,335.39459228515625,0
3247,214.2276153564453,148.5105743408203,493.03973388671875,149.383056640625,100.06053924560547,311.7120361328125,143.91397094726562,332.2218322753906,147.22006225585938,294.2217712402344,130.27406311035156,311.76739501953125,146.9820556640625,312.4057922363281,188.687255859375,307.6722412109375,240.1101837158203,304.27447509765625,294.6808166503906,322.8937683105469,348.756103515625,335.39642333984375,0
3248,214.30758666992188,148.65699768066406,493.08074951171875,149.511474609375,103.71446228027344,311.81512451171875,148.09844970703125,331.470947265625,149.960693359375,294.62799072265625,133.8184356689453,311.6963806152344,150.0997772216797,312.4529724121094,192.56845092773438,308.5444030761719,240.86651611328125,303.7075500488281,297.0953369140625,318.92822265625,349.22711181640625,331.4327087402344,0
3249,214.3221893310547,148.66001892089844,493.0732116699219,149.41775512695312,106.51296997070312,311.0607604980469,149.1466827392578,331.6184997558594,152.71144104003906,295.557861328125,136.32382202148438,311.77032470703125,151.7792510986328,313.7496032714844,193.02749633789062,309.28125,240.9898681640625,303.77703857421875,296.63848876953125,318.45562744140625,352.8827819824219,328.23663330078125,0
3250,214.37835693359375,148.53480529785156,493.219482421875,149.44998168945312,122.52770233154297,284.3612060546875,145.5520782470703,328.84222412109375,164.8521728515625,296.37371826171875,143.90341186523438,304.65191650390625,158.7958221435547,315.0,195.31935119628906,317.4141845703125,241.95704650878906,304.3009948730469,299.7094421386719,317.6310729980469,358.50665283203125,328.3273010253906,0
3251,214.41041564941406,148.7577667236328,493.1938171386719,149.42247009277344,123.1804428100586,281.6019287109375,145.30337524414062,326.6958923339844,166.63685607910156,295.5694885253906,144.6189422607422,302.2413024902344,159.12905883789062,313.6247253417969,195.21717834472656,319.0135192871094,241.96304321289062,304.809814453125,300.798095703125,316.57879638671875,358.7095947265625,321.7635498046875,0
3252,214.3990020751953,148.7595672607422,493.3181457519531,149.4990997314453,123.70059967041016,278.65869140625,144.69313049316406,325.0475769042969,167.4813690185547,293.91229248046875,144.73812866210938,300.2799377441406,159.45867919921875,312.2113952636719,196.507568359375,319.0814208984375,242.0607452392578,305.5479736328125,301.58453369140625,316.4096984863281,358.2462158203125,319.26513671875,0
3253,214.33950805664062,148.77133178710938,493.3339538574219,149.39309692382812,120.82405853271484,274.1236572265625,141.74298095703125,322.2056884765625,163.4563446044922,291.12835693359375,141.3887939453125,296.7037048339844,155.86129760742188,308.6431579589844,194.2932891845703,319.44598388671875,241.89295959472656,305.3992004394531,301.8896179199219,315.9507141113281,357.9995422363281,317.81060791015625,0
3254,214.43698120117188,148.82664489746094,493.267822265625,149.4647979736328,122.32434844970703,267.2164611816406,141.8140411376953,314.7036437988281,163.26979064941406,285.94097900390625,141.58526611328125,290.0860595703125,157.15562438964844,302.8233947753906,194.3203125,315.82421875,242.85755920410156,306.34527587890625,302.5791015625,316.2260437011719,361.1361999511719,317.8638000488281,0
3255,214.52395629882812,148.8092041015625,493.2242431640625,149.39431762695312,122.33868408203125,267.1725769042969,141.80511474609375,314.7285461425781,163.25277709960938,285.943603515625,141.58395385742188,290.0572509765625,157.14048767089844,302.819580078125,194.35545349121094,315.7620849609375,242.86097717285156,306.3505859375,302.61102294921875,316.2100830078125,361.15130615234375,317.8659362792969,0
3256,214.34365844726562,148.88510131835938,493.1684875488281,149.35507202148438,127.09561157226562,265.341796875,143.3566436767578,313.5777893066406,166.1390380859375,283.9674377441406,144.93804931640625,289.012939453125,159.19863891601562,301.40264892578125,196.02438354492188,315.0804443359375,242.220947265625,306.6797180175781,302.7525939941406,317.1151428222656,361.1869812011719,317.32666015625,0
3257,214.25497436523438,148.8101348876953,493.1428527832031,149.3651123046875,133.70941162109375,263.5491638183594,143.5885467529297,312.0388488769531,167.4368133544922,285.0699157714844,146.49502563476562,288.3271179199219,158.20443725585938,303.9009094238281,194.51634216308594,317.52459716796875,242.65432739257812,307.39251708984375,303.4230651855469,316.1588439941406,364.2754821777344,316.8959045410156,0
3258,214.3408966064453,148.7772979736328,493.0533752441406,149.22935485839844,132.7606658935547,265.111328125,143.1738739013672,313.90875244140625,167.4835662841797,286.6380310058594,145.94454956054688,289.75115966796875,157.99111938476562,303.9200134277344,193.61618041992188,318.36944580078125,242.61566162109375,307.3152770996094,303.5628967285156,316.03607177734375,361.7447509765625,315.8150939941406,0
3259,214.3494415283203,148.89845275878906,493.2857971191406,149.43389892578125,133.71731567382812,263.4774169921875,142.7809600830078,313.9904479980469,167.7438507080078,287.13629150390625,146.59658813476562,290.044921875,158.46714782714844,304.6397705078125,194.32347106933594,319.18951416015625,242.73406982421875,306.9631652832031,303.9723815917969,313.4433288574219,360.646240234375,307.51007080078125,0
3260,214.34767150878906,148.9307861328125,493.2791442871094,149.42800903320312,133.72215270996094,263.4851379394531,142.7881317138672,313.9757385253906,167.68438720703125,287.1170959472656,146.58265686035156,290.03741455078125,158.43435668945312,304.6236267089844,194.32000732421875,319.22601318359375,242.7410888671875,306.9607849121094,303.9652099609375,313.4326171875,360.46429443359375,307.5987854003906,0
3261,214.2808837890625,148.837158203125,493.2091979980469,149.3754425048828,134.10560607910156,263.44439697265625,142.94558715820312,313.7906188964844,167.5410919189453,287.42791748046875,146.5297088623047,290.0477600097656,158.3807830810547,304.7165222167969,193.9426727294922,319.4942321777344,241.75025939941406,307.4108581542969,304.1040344238281,313.6539611816406,363.1146545410156,303.939208984375,0
3262,214.3750762939453,148.85118103027344,493.1492004394531,149.4759521484375,136.9335479736328,261.58123779296875,143.3674774169922,312.81610107421875,169.7123565673828,289.5057067871094,148.15512084960938,290.1308898925781,158.59707641601562,305.4656677246094,194.4714813232422,319.98760986328125,241.17123413085938,307.7548522949219,304.22247314453125,315.6445617675781,362.4794921875,312.0839538574219,0
3263,214.16343688964844,148.77182006835938,493.1582946777344,149.4030303955078,139.9928436279297,261.3783264160156,144.01512145996094,313.8371276855469,169.80886840820312,289.6094665527344,148.9467010498047,289.9229431152344,158.5944366455078,305.2298583984375,194.3009033203125,320.1337585449219,241.36593627929688,307.8722229003906,303.5661926269531,315.424560546875,358.2404479980469,312.1279602050781,0
3264,214.0852508544922,148.65863037109375,493.2366943359375,149.35986328125,145.2644805908203,258.67401123046875,142.5130157470703,311.1878967285156,170.72845458984375,290.1330261230469,150.23863220214844,288.624755859375,158.38287353515625,304.66510009765625,194.0939483642578,321.2361755371094,241.34915161132812,307.76495361328125,304.9724426269531,313.6122131347656,362.5508728027344,302.2221984863281,0
3265,214.0856170654297,148.66189575195312,493.2381896972656,149.3435516357422,145.2681427001953,258.6665954589844,142.5214385986328,311.2349853515625,170.755859375,290.14105224609375,150.1995849609375,288.6376953125,158.38389587402344,304.69171142578125,194.134033203125,321.2726745605469,241.34893798828125,307.7649841308594,304.94122314453125,313.62982177734375,362.61663818359375,302.2688903808594,0
3266,214.14659118652344,148.76611328125,493.06787109375,149.38809204101562,143.90992736816406,259.7319641113281,143.87933349609375,311.8463134765625,171.31814575195312,290.9949035644531,150.4825439453125,289.478271484375,159.15391540527344,305.84954833984375,195.16094970703125,321.2112731933594,241.1158447265625,307.9254455566406,305.08367919921875,313.6195373535156,363.2887878417969,300.9891052246094,0
3267,214.2200927734375,148.91212463378906,493.1221618652344,149.50164794921875,141.13250732421875,259.872802734375,143.06991577148438,312.67437744140625,172.5369415283203,290.6240234375,150.52235412597656,289.8110046386719,160.0053253173828,305.40240478515625,195.36056518554688,321.43170166015625,241.25802612304688,308.11767578125,304.8921813964844,313.77520751953125,363.2418518066406,301.28271484375,0
3268,214.34890747070312,148.82455444335938,493.114501953125,149.68331909179688,144.19302368164062,258.2856140136719,143.13739013671875,311.0947265625,173.72836303710938,289.4201965332031,150.8319549560547,288.0873107910156,160.6027069091797,304.3792724609375,194.79998779296875,321.41851806640625,241.20643615722656,308.0251159667969,305.4518737792969,314.195556640625,361.9223327636719,303.2942810058594,0
3269,214.3732452392578,148.68484497070312,493.231689453125,149.67926025390625,158.17568969726562,254.52450561523438,141.13470458984375,303.37939453125,173.55921936035156,291.8059997558594,155.94412231445312,285.7557067871094,158.80677795410156,304.5658264160156,195.16075134277344,322.3077087402344,241.90232849121094,307.50653076171875,304.8131103515625,313.1789245605469,362.24053955078125,304.79931640625,0
3270,214.36956787109375,148.6781005859375,493.22650146484375,149.67721557617188,158.17320251464844,254.52447509765625,141.1262664794922,303.37908935546875,173.50477600097656,291.6888122558594,155.91822814941406,285.6959533691406,158.7654571533203,304.46466064453125,195.11264038085938,322.2705993652344,241.92018127441406,307.5124206542969,304.8443603515625,313.2041320800781,362.2630615234375,304.83563232421875,0
3271,214.26913452148438,148.75335693359375,493.32904052734375,149.61485290527344,161.5384063720703,250.6169891357422,142.34580993652344,300.10064697265625,175.93341064453125,290.22479248046875,158.10043334960938,282.6930847167969,159.80398559570312,301.7762756347656,194.79515075683594,323.6416931152344,241.7076873779297,307.8670349121094,304.28656005859375,312.86456298828125,361.9565734863281,304.89959716796875,0
3272,214.26467895507812,148.80764770507812,493.3380432128906,149.55245971679688,161.53009033203125,250.62002563476562,142.36854553222656,300.07379150390625,175.91847229003906,290.1647033691406,158.1017608642578,282.6607360839844,159.7930450439453,301.7195739746094,194.72593688964844,323.6145935058594,241.71176147460938,307.865966796875,304.46905517578125,312.8403015136719,362.4173889160156,304.7303771972656,0
3273,214.49002075195312,148.6531982421875,493.3613586425781,149.48007202148438,158.42955017089844,251.19776916503906,143.2808837890625,300.37640380859375,176.33807373046875,288.6702880859375,157.2407684326172,283.089111328125,161.217041015625,302.16265869140625,194.46665954589844,324.5045471191406,241.6624755859375,309.9755859375,304.7349853515625,313.0476379394531,362.40679931640625,304.72918701171875,0
3274,214.39846801757812,148.80630493164062,493.3392639160156,149.46023559570312,155.07290649414062,251.57122802734375,142.29808044433594,302.40472412109375,175.2117462158203,288.5455322265625,155.07530212402344,283.49713134765625,160.50425720214844,302.92486572265625,193.93190002441406,323.77740478515625,241.47052001953125,309.38507080078125,305.0235900878906,312.7232971191406,363.4742126464844,304.169189453125,0
3275,214.37957763671875,148.88885498046875,493.2564392089844,149.4439697265625,149.2620391845703,251.9521026611328,142.1216583251953,305.2928161621094,174.84861755371094,288.4029235839844,153.13409423828125,285.3035583496094,160.9491424560547,303.90460205078125,193.9072265625,322.4019470214844,241.328857421875,308.6767272949219,304.9415283203125,311.1516418457031,361.77813720703125,300.7552795410156,0
3276,214.4298553466797,148.82713317871094,493.22674560546875,149.47296142578125,148.887939453125,253.023193359375,142.2196502685547,307.0357360839844,175.50912475585938,288.7652893066406,153.31141662597656,286.4009704589844,161.73712158203125,304.4292907714844,194.20359802246094,321.50274658203125,241.00132751464844,308.16748046875,304.7196044921875,309.8118591308594,362.4293518066406,300.46124267578125,0
3277,214.38145446777344,148.85386657714844,493.1824035644531,149.5463409423828,147.4073486328125,255.88479614257812,142.94488525390625,308.8367614746094,176.2633819580078,289.9248962402344,152.51206970214844,287.04962158203125,162.35110473632812,305.65155029296875,195.83351135253906,321.4789123535156,241.41302490234375,307.5570373535156,305.3375549316406,309.12225341796875,363.0521240234375,300.17767333984375,0
3278,214.23976135253906,148.78265380859375,493.1612243652344,149.49560546875,140.64646911621094,261.2271423339844,145.17530822753906,311.414794921875,175.16177368164062,288.12542724609375,151.98292541503906,288.8533020019531,163.6113739013672,305.3307800292969,196.3610076904297,319.97088623046875,241.4402313232422,307.2279052734375,305.8174743652344,309.06695556640625,363.3995666503906,300.4710998535156,0
3279,214.29331970214844,148.83851623535156,493.2317810058594,149.57603454589844,129.3307647705078,274.5513916015625,148.2928466796875,321.8244934082031,169.166015625,289.7312316894531,148.30923461914062,297.106689453125,162.35031127929688,308.0502014160156,197.73941040039062,317.97967529296875,242.51036071777344,306.7755432128906,305.7284851074219,310.6186828613281,363.46942138671875,301.1343688964844,0
3280,214.29319763183594,148.83853149414062,493.2084045410156,149.48712158203125,129.32205200195312,274.5484924316406,148.30032348632812,321.8475646972656,169.17523193359375,289.7294921875,148.33062744140625,297.1067199707031,162.39231872558594,308.0647888183594,197.7243194580078,317.9468688964844,242.4925537109375,306.7685241699219,305.7589111328125,310.5783386230469,363.5084533691406,301.1176452636719,0
3281,214.15577697753906,148.7853546142578,493.18792724609375,149.49342346191406,129.4984130859375,277.1931457519531,148.8268280029297,324.048583984375,170.09201049804688,292.45184326171875,148.91635131835938,299.04571533203125,163.0182342529297,311.1101989746094,199.1823272705078,318.1737976074219,242.50624084472656,305.9139099121094,306.8648681640625,308.5098571777344,365.5920104980469,299.0112609863281,0
3282,214.3178253173828,148.75735473632812,493.2285461425781,149.50091552734375,129.8408203125,277.3294677734375,149.45159912109375,324.585205078125,172.0416259765625,294.7322998046875,149.85862731933594,300.30279541015625,164.151611328125,312.8446044921875,200.35179138183594,319.3064880371094,241.803466796875,306.81060791015625,305.9918518066406,309.35028076171875,365.2677001953125,298.6436767578125,0
3283,214.2227020263672,148.8723602294922,493.14471435546875,149.48353576660156,130.67391967773438,277.8753356933594,149.90953063964844,325.2595520019531,172.3289794921875,295.6584777832031,150.93304443359375,299.92645263671875,164.49984741210938,313.8861083984375,200.3361358642578,319.3703918457031,241.2307586669922,306.684326171875,305.25946044921875,309.3628845214844,363.58380126953125,299.94415283203125,0
3284,214.33941650390625,148.84765625,493.2499084472656,149.5485382080078,128.955078125,279.5152282714844,149.83285522460938,325.5689697265625,171.6251678466797,296.05010986328125,150.00726318359375,301.7335205078125,164.79183959960938,312.7548828125,199.70550537109375,319.43157958984375,240.42599487304688,307.0782165527344,304.6327209472656,309.9532775878906,363.28033447265625,299.7220458984375,0
3285,214.3383331298828,148.88165283203125,493.2608337402344,149.5404510498047,128.9675750732422,279.5115661621094,149.8539276123047,325.59295654296875,171.59268188476562,296.0982360839844,150.00421142578125,301.7593688964844,164.7966766357422,312.7570495605469,199.72833251953125,319.43218994140625,240.41793823242188,307.0794372558594,304.5307922363281,309.99639892578125,363.1806640625,299.8335876464844,0
3286,214.24159240722656,148.836181640625,493.20904541015625,149.60987854003906,126.284912109375,281.7471923828125,149.15438842773438,325.5019836425781,169.33468627929688,295.1596374511719,148.99049377441406,301.4872131347656,162.84609985351562,313.44232177734375,198.6238555908203,320.3341979980469,239.7483367919922,306.7103271484375,303.9710998535156,310.13092041015625,362.35406494140625,300.1810302734375,0
3287,214.3845672607422,148.84039306640625,493.2481994628906,149.6370086669922,125.21100616455078,286.0928955078125,151.1099090576172,327.61761474609375,168.4014434814453,296.1565246582031,149.3419189453125,303.9471130371094,164.1663360595703,314.0172424316406,199.82008361816406,319.0939636230469,241.01956176757812,306.7516784667969,305.19744873046875,310.0770568847656,363.56854248046875,300.2320556640625,0
3288,214.1902618408203,148.91387939453125,493.1098327636719,149.58657836914062,122.84741973876953,290.47491455078125,153.86264038085938,329.8624267578125,168.9778594970703,296.3811340332031,149.53646850585938,306.4963684082031,165.49449157714844,314.7989501953125,200.2093963623047,318.51947021484375,240.94773864746094,307.5881042480469,304.91400146484375,311.65081787109375,365.1614685058594,299.7590026855469,0
3289,214.26742553710938,148.96383666992188,493.18505859375,149.6613006591797,121.96131896972656,291.420166015625,153.16659545898438,331.02606201171875,168.3549041748047,297.92156982421875,148.510009765625,308.8431701660156,164.39370727539062,316.3843078613281,199.38279724121094,319.05029296875,240.5190887451172,306.89923095703125,304.86798095703125,310.3721008300781,365.58050537109375,299.7220153808594,0
3290,214.2683563232422,148.96295166015625,493.18316650390625,149.67227172851562,121.96058654785156,291.4220275878906,153.16891479492188,331.02630615234375,168.349609375,297.90643310546875,148.4995880126953,308.83111572265625,164.36964416503906,316.3528747558594,199.3828582763672,318.96771240234375,240.5299072265625,306.899169921875,304.8514404296875,310.3750305175781,365.53369140625,299.7318115234375,0
3291,214.1757354736328,148.8924102783203,493.1253662109375,149.5951385498047,121.30133819580078,292.0281677246094,152.83009338378906,330.6980285644531,167.67291259765625,297.3032531738281,147.93296813964844,308.7059326171875,163.8307647705078,315.88873291015625,199.02943420410156,318.52001953125,240.1519775390625,307.23773193359375,304.6554260253906,310.5084533691406,364.8489074707031,299.8002624511719,0
3292,214.25794982910156,148.94129943847656,493.15545654296875,149.6467742919922,115.60714721679688,295.11126708984375,148.49081420898438,330.4466247558594,162.13650512695312,296.535888671875,142.1137237548828,308.5705871582031,158.5921173095703,314.981689453125,196.08010864257812,316.8793029785156,240.1764678955078,305.89862060546875,304.1460876464844,309.99884033203125,362.5008850097656,300.684814453125,0
3293,214.19955444335938,148.98651123046875,493.1246643066406,149.5747528076172,113.16299438476562,295.22381591796875,147.4734344482422,330.5572509765625,161.31777954101562,296.9654541015625,141.43270874023438,307.7837829589844,156.99539184570312,313.7964782714844,194.40411376953125,316.5356750488281,239.5247039794922,305.323486328125,303.0054626464844,307.82196044921875,362.1633605957031,299.69866943359375,0
3294,214.45761108398438,148.62191772460938,493.1280517578125,149.48019409179688,112.0842514038086,296.2972106933594,145.96929931640625,330.9298400878906,160.0202178955078,297.0950927734375,140.05908203125,308.20654296875,155.68775939941406,313.98583984375,193.9450225830078,315.3146667480469,239.82427978515625,305.3955383300781,304.27764892578125,308.92730712890625,361.3940734863281,298.83209228515625,0
3295,214.42018127441406,148.60662841796875,493.1124267578125,149.52207946777344,112.0202407836914,296.326416015625,145.96920776367188,330.9279479980469,159.81643676757812,297.0289611816406,140.02984619140625,308.1900634765625,155.63990783691406,313.9664611816406,193.92242431640625,315.2696533203125,239.81849670410156,305.404296875,304.28472900390625,308.92669677734375,361.5019226074219,298.82061767578125,0
3296,214.2709197998047,148.7845916748047,493.232177734375,149.57342529296875,111.63394927978516,295.6447448730469,146.0985565185547,330.7996826171875,159.45114135742188,296.64080810546875,139.8217010498047,307.9471435546875,155.4603729248047,313.73406982421875,193.62741088867188,315.5300598144531,239.97657775878906,305.4244079589844,303.7872009277344,308.0054931640625,361.8192443847656,296.5511474609375,0
3297,214.2928466796875,148.80702209472656,493.1995544433594,149.55055236816406,111.6386947631836,295.5722961425781,146.10581970214844,330.797607421875,159.4812774658203,296.6365051269531,139.8477783203125,308.00244140625,155.4882354736328,313.73974609375,193.787109375,315.4285888671875,239.9674835205078,305.4091491699219,303.65472412109375,308.0452880859375,361.8488464355469,296.63873291015625,0
3298,214.370849609375,148.88101196289062,493.0972595214844,149.6759033203125,115.58609008789062,292.4070129394531,147.78768920898438,329.4850158691406,162.5076446533203,295.7250061035156,141.55126953125,306.529296875,157.4508056640625,313.88250732421875,195.0539093017578,316.28619384765625,239.706787109375,305.1215515136719,303.3395690917969,306.0526428222656,362.1830749511719,293.2080383300781,0
3299,214.1888427734375,148.8669891357422,493.11859130859375,149.6938934326172,116.26348876953125,290.2014465332031,146.58619689941406,328.5863342285156,163.09854125976562,294.78009033203125,142.52430725097656,305.39239501953125,157.91259765625,313.53924560546875,195.10011291503906,315.8541259765625,239.97593688964844,305.4930114746094,304.1993408203125,306.5691833496094,362.2891845703125,292.7574157714844,0
3300,214.4202117919922,148.93450927734375,493.143798828125,149.6931610107422,115.20785522460938,289.5662841796875,145.95274353027344,327.6494140625,161.20326232910156,293.0411682128906,141.85443115234375,303.9105529785156,156.9384002685547,311.54266357421875,194.26194763183594,314.3420715332031,239.9842529296875,305.00128173828125,304.5911560058594,306.0755920410156,362.653564453125,292.71063232421875,0
3301,214.42059326171875,148.93136596679688,493.1180114746094,149.64076232910156,115.19698333740234,289.58013916015625,145.92825317382812,327.7011413574219,161.19456481933594,293.0395812988281,141.86517333984375,303.95025634765625,156.93121337890625,311.5744934082031,194.28128051757812,314.34747314453125,240.0423126220703,304.966552734375,304.55096435546875,306.09124755859375,362.584228515625,292.7734680175781,0
3302,214.2412109375,148.77500915527344,493.1107482910156,149.63876342773438,114.86363983154297,288.7901611328125,145.72079467773438,327.2459411621094,160.54116821289062,292.4503173828125,141.85691833496094,303.3545837402344,156.52996826171875,310.9751892089844,194.07611083984375,314.33544921875,240.33956909179688,305.1193542480469,303.8139343261719,306.2446594238281,361.1127624511719,293.5164489746094,0
3303,214.17259216308594,148.85777282714844,493.1537170410156,149.5331268310547,114.11509704589844,286.8305969238281,143.6615753173828,326.9895324707031,160.148681640625,292.96044921875,140.17149353027344,302.57275390625,155.32614135742188,311.27484130859375,193.15914916992188,315.08428955078125,240.15452575683594,305.1378479003906,303.5535888671875,306.6382751464844,361.0780944824219,293.88421630859375,0
3304,214.32298278808594,148.58834838867188,493.1528015136719,149.59649658203125,114.97367858886719,285.0934753417969,141.86065673828125,325.3394775390625,159.6189727783203,293.673828125,139.15899658203125,301.6702575683594,154.1414031982422,311.35986328125,192.5778045654297,315.8566589355469,239.7975311279297,304.914794921875,303.3127746582031,306.3625183105469,360.9490661621094,293.41180419921875,0
3305,214.28912353515625,148.7539520263672,493.1246337890625,149.63787841796875,130.75022888183594,272.287353515625,139.30177307128906,320.5631408691406,165.58969116210938,296.2677917480469,143.5164031982422,297.78790283203125,155.6866912841797,311.9841613769531,193.00181579589844,319.77056884765625,239.0448455810547,304.6606750488281,304.0512390136719,302.2362365722656,361.4530029296875,285.5478515625,0
3306,214.28079223632812,148.76443481445312,493.0895690917969,149.6732940673828,137.46676635742188,266.77703857421875,140.94496154785156,316.6329650878906,167.0305633544922,296.1501770019531,146.40960693359375,296.70037841796875,157.90228271484375,311.79742431640625,194.1531219482422,321.3962707519531,239.45266723632812,305.0206604003906,305.7698059082031,302.4009094238281,362.4769592285156,285.27288818359375,0
3307,214.2141571044922,148.75621032714844,493.1473693847656,149.67628479003906,140.1923828125,264.9760437011719,140.92079162597656,314.6446228027344,168.6707000732422,296.42266845703125,148.58619689941406,294.3779602050781,158.04144287109375,310.4329833984375,194.22140502929688,322.2767639160156,240.34974670410156,305.39495849609375,306.3927917480469,302.3416748046875,362.96575927734375,285.3794250488281,0
3308,214.2267303466797,148.68319702148438,493.212646484375,149.82005310058594,144.29470825195312,261.1992492675781,141.1239471435547,312.3782653808594,169.44171142578125,292.8415222167969,149.34683227539062,290.23260498046875,157.8694610595703,307.51300048828125,194.0740509033203,321.958984375,239.93801879882812,305.3204345703125,305.5723876953125,302.48193359375,363.74432373046875,285.0997619628906,0
3309,214.18124389648438,148.70358276367188,493.1997985839844,149.9163818359375,146.36187744140625,252.0425262451172,140.71408081054688,299.8153381347656,170.2903594970703,284.0196228027344,150.32943725585938,282.1199645996094,158.36158752441406,298.0916442871094,192.7493133544922,316.9154357910156,239.8528594970703,305.9475402832031,304.6269226074219,302.9110107421875,363.22747802734375,285.5133056640625,0
3310,214.16522216796875,148.70181274414062,493.2030944824219,149.920654296875,146.36068725585938,252.0441436767578,140.71437072753906,299.81536865234375,170.28916931152344,284.0201416015625,150.32965087890625,282.1184387207031,158.36175537109375,298.09124755859375,192.7481689453125,316.9102783203125,239.85191345214844,305.947998046875,304.6250305175781,302.9119567871094,363.2068176269531,285.3387145996094,0
3311,214.17147827148438,148.61875915527344,493.0922546386719,149.8126678466797,145.33547973632812,248.56353759765625,141.2571258544922,297.6971740722656,168.7174072265625,279.957763671875,149.80552673339844,277.1900329589844,157.6610870361328,293.7682189941406,192.32437133789062,313.90142822265625,239.78472900390625,306.45068359375,304.6159973144531,303.68072509765625,362.9002990722656,285.4495849609375,0
3312,214.1099853515625,148.6983184814453,493.0952453613281,149.76402282714844,144.45162963867188,243.57481384277344,139.51124572753906,291.1484069824219,168.40420532226562,273.95343017578125,149.5942840576172,272.3359680175781,157.0633544921875,288.6437072753906,191.26939392089844,310.70440673828125,239.84622192382812,307.225341796875,305.6470947265625,305.5819091796875,363.0278015136719,285.8754577636719,0
3313,214.2041015625,148.75390625,493.1184387207031,149.77926635742188,143.72518920898438,240.13772583007812,138.9771728515625,289.57757568359375,168.17547607421875,272.2110900878906,149.0713653564453,269.364501953125,157.13522338867188,285.77764892578125,190.8811492919922,309.5220642089844,239.8543243408203,307.35113525390625,305.9407958984375,305.7035827636719,363.4976806640625,285.96435546875,0
3314,214.094970703125,148.75537109375,493.370849609375,149.825927734375,142.57994079589844,238.19522094726562,139.47763061523438,287.3306884765625,170.20126342773438,269.8489685058594,149.80987548828125,267.49334716796875,158.14776611328125,283.4380798339844,189.0685577392578,308.61981201171875,238.07376098632812,308.72125244140625,303.52239990234375,309.7865905761719,359.5924987792969,292.51263427734375,0
3315,214.10105895996094,148.75735473632812,493.3634338378906,149.8099365234375,142.57968139648438,238.203369140625,139.48953247070312,287.3464050292969,170.1895751953125,269.8432312011719,149.8058319091797,267.4846496582031,158.14651489257812,283.4394836425781,189.02365112304688,308.6222229003906,238.07412719726562,308.7228698730469,303.5169982910156,309.7921447753906,359.5740966796875,292.50897216796875,0
3316,214.21400451660156,148.71070861816406,493.338623046875,149.8641815185547,142.1378936767578,238.3826141357422,139.61959838867188,287.219970703125,170.3912353515625,268.96429443359375,149.6280975341797,267.2134704589844,158.36294555664062,282.9727478027344,189.29408264160156,307.6393737792969,237.3531494140625,309.116943359375,302.9910888671875,312.0366516113281,358.5099182128906,295.7668151855469,0
3317,214.2080841064453,148.69651794433594,493.202392578125,149.9131317138672,143.0734100341797,237.46701049804688,137.71185302734375,283.3233642578125,167.81846618652344,266.6925354003906,148.14932250976562,265.704345703125,156.10733032226562,280.9691467285156,187.80740356445312,305.85260009765625,237.2400665283203,308.6593933105469,302.4571838378906,311.5738220214844,358.2291564941406,296.1834716796875,0
3318,214.22509765625,148.59181213378906,493.2359924316406,149.76170349121094,143.03363037109375,238.35104370117188,134.4123077392578,278.81878662109375,162.89453125,263.5145568847656,144.8588104248047,262.52935791015625,151.6349639892578,276.869140625,184.7750244140625,303.2027282714844,237.22921752929688,309.4769592285156,302.4837646484375,310.85040283203125,357.7572326660156,296.43109130859375,0
3319,214.30885314941406,148.7494354248047,493.1870422363281,149.75872802734375,136.65953063964844,229.39732360839844,129.90988159179688,268.9131164550781,157.71568298339844,253.8933563232422,140.60032653808594,251.5948028564453,147.00076293945312,267.5006408691406,178.7235565185547,299.6469421386719,235.03961181640625,310.10345458984375,301.2801513671875,311.94677734375,354.55279541015625,297.1165771484375,0
3320,214.3055419921875,148.7310028076172,493.1355895996094,149.80877685546875,136.66033935546875,229.39163208007812,129.91529846191406,268.9021301269531,157.71446228027344,253.89341735839844,140.59835815429688,251.598876953125,147.00071716308594,267.4983825683594,178.70648193359375,299.615234375,235.04283142089844,310.1005859375,301.26641845703125,311.95123291015625,354.51812744140625,297.1058654785156,0
3321,214.26162719726562,148.64942932128906,492.9953308105469,149.83383178710938,131.26478576660156,221.93453979492188,125.31221771240234,261.2814025878906,152.1409912109375,247.54554748535156,135.933349609375,244.23036193847656,142.33505249023438,260.05133056640625,173.22714233398438,294.7685241699219,230.8733367919922,313.097900390625,296.54388427734375,315.0035095214844,352.5086975097656,298.8932189941406,0
3322,214.20770263671875,148.5498809814453,493.0218505859375,149.87875366210938,117.2768783569336,202.6053924560547,110.21026611328125,240.76255798339844,138.7351837158203,227.57606506347656,121.85253143310547,224.35726928710938,127.76902770996094,240.72962951660156,158.1097412109375,280.1470031738281,211.01394653320312,316.72918701171875,267.6097412109375,330.9311828613281,315.125244140625,327.7331848144531,0
3323,214.25698852539062,148.4717559814453,493.03082275390625,149.8544158935547,115.64558410644531,196.85105895996094,106.58002471923828,235.2281951904297,135.4791259765625,221.1273193359375,119.14776611328125,219.38987731933594,124.03423309326172,236.0024871826172,152.61395263671875,276.76312255859375,200.523193359375,317.06988525390625,246.30166625976562,339.7978515625,293.6792297363281,344.6565246582031,0
3324,214.27462768554688,148.6993408203125,492.97882080078125,149.75271606445312,103.44850158691406,183.1495819091797,100.36463928222656,221.82508850097656,128.62184143066406,207.06922912597656,110.89042663574219,205.71624755859375,116.30388641357422,221.0934600830078,142.92568969726562,266.17144775390625,179.03440856933594,316.9919738769531,222.38409423828125,351.542724609375,277.8864440917969,367.3559265136719,0
3325,214.30224609375,148.65020751953125,492.9082336425781,149.74191284179688,103.48407745361328,183.16041564941406,100.39606475830078,221.89300537109375,127.7715835571289,207.08432006835938,110.91473388671875,205.7205047607422,116.43311309814453,221.10191345214844,142.98394775390625,266.03326416015625,179.0447540283203,317.001708984375,222.31202697753906,351.5195007324219,277.68121337890625,367.2939147949219,0
3326,214.13763427734375,148.55056762695312,492.818115234375,149.7466278076172,99.6590576171875,176.92201232910156,98.18914794921875,216.7053985595703,126.47654724121094,200.50277709960938,108.13429260253906,199.0797119140625,114.68489074707031,214.48184204101562,137.36940002441406,261.0113220214844,167.0091094970703,313.12896728515625,207.14041137695312,352.049072265625,261.6077575683594,372.7523193359375,0
3327,214.1058349609375,148.6560516357422,492.79833984375,149.6728515625,87.81171417236328,170.16302490234375,95.2065200805664,211.43515014648438,124.2064208984375,191.84225463867188,102.80154418945312,192.4857177734375,111.57689666748047,207.7012481689453,131.6060028076172,251.01730346679688,154.45960998535156,304.80035400390625,177.5629119873047,350.6736145019531,230.55897521972656,386.2775573730469,0
3328,214.1788330078125,148.5267791748047,492.90679931640625,149.5890655517578,83.61138153076172,170.7038116455078,94.22154235839844,213.13037109375,123.193359375,191.63475036621094,100.78741455078125,192.7111053466797,111.07734680175781,207.34451293945312,133.5048065185547,248.06300354003906,159.6575927734375,299.483154296875,184.71359252929688,351.7999267578125,230.20745849609375,387.9484558105469,0
3329,214.35792541503906,148.79067993164062,492.9588317871094,149.4873046875,77.10858154296875,177.44944763183594,96.46145629882812,216.80604553222656,123.2542953491211,190.6011199951172,99.61799621582031,195.60794067382812,112.66459655761719,208.13670349121094,138.23658752441406,244.2937469482422,168.72157287597656,291.6236572265625,202.35853576660156,335.60626220703125,251.5304412841797,364.6541442871094,0
3330,214.3491973876953,148.79275512695312,492.96173095703125,149.48822021484375,77.10944366455078,177.45440673828125,96.46009826660156,216.84376525878906,123.23629760742188,190.6038818359375,99.59049987792969,195.6349639892578,112.6617202758789,208.14425659179688,138.23684692382812,244.289794921875,168.7152557373047,291.62237548828125,202.32693481445312,335.578369140625,251.5257110595703,364.65435791015625,0
3331,214.3275909423828,148.6277618408203,492.9914855957031,149.57211303710938,78.583740234375,177.45208740234375,96.91543579101562,219.53367614746094,123.13374328613281,191.4975128173828,99.47350311279297,197.22396850585938,113.43733978271484,208.63433837890625,138.80953979492188,243.39540100097656,168.1468505859375,289.8050842285156,203.69921875,331.4273986816406,258.44525146484375,359.7140197753906,0
3332,214.14768981933594,148.36312866210938,492.9352722167969,149.60012817382812,85.31362915039062,180.48178100585938,99.43660736083984,223.3527374267578,127.73719787597656,197.62716674804688,104.72015380859375,201.194091796875,117.15878295898438,214.39193725585938,139.09393310546875,244.79562377929688,165.07882690429688,288.9062805175781,196.1849822998047,333.70574951171875,249.63381958007812,364.13067626953125,0
3333,214.05848693847656,148.40904235839844,492.97637939453125,149.6389923095703,89.97147369384766,181.6083984375,101.66260528564453,227.10748291015625,130.54063415527344,201.699951171875,108.04344940185547,204.41229248046875,119.13877868652344,217.44178771972656,139.31576538085938,247.89593505859375,162.62156677246094,289.8686828613281,194.5244903564453,338.81683349609375,245.87307739257812,370.3470153808594,0
3334,214.109130859375,148.45187377929688,492.9277648925781,149.74264526367188,95.29998779296875,185.6895751953125,107.67243957519531,232.25572204589844,137.6879119873047,207.56210327148438,114.44231414794922,210.4292449951172,125.02806091308594,223.0958709716797,138.6351776123047,254.56483459472656,159.86001586914062,293.63250732421875,183.4711151123047,347.3101501464844,227.39706420898438,386.95562744140625,0
3335,214.1370086669922,148.4281768798828,492.9260559082031,149.74365234375,95.30547332763672,185.69773864746094,107.64067077636719,232.14537048339844,137.64602661132812,207.5633087158203,114.40975189208984,210.36045837402344,124.952392578125,222.97286987304688,138.63818359375,254.53549194335938,159.86746215820312,293.6304016113281,183.46681213378906,347.3134765625,227.39657592773438,386.9557189941406,0
3336,213.93800354003906,148.4604949951172,492.8534240722656,149.79544067382812,97.21387481689453,187.1931610107422,109.53463745117188,232.6581573486328,139.7230987548828,208.09530639648438,116.44425964355469,211.51422119140625,126.95942687988281,223.51882934570312,140.64852905273438,254.0675811767578,160.23944091796875,293.8380126953125,184.8402557373047,347.66192626953125,230.11599731445312,388.1308288574219,0
3337,213.91592407226562,148.4698486328125,492.96697998046875,149.80252075195312,100.05345153808594,186.2931671142578,111.31867980957031,232.4515838623047,142.94961547851562,208.48338317871094,119.35076141357422,209.55726623535156,128.61270141601562,222.64781188964844,142.79266357421875,253.67044067382812,161.00762939453125,294.1441955566406,186.01869201660156,347.8968811035156,231.18080139160156,389.74041748046875,0
3338,214.0691680908203,148.42124938964844,492.9451599121094,149.81719970703125,102.2671890258789,185.68980407714844,110.56668090820312,233.1797637939453,142.87030029296875,209.72735595703125,119.49650573730469,210.050048828125,127.99291229248047,223.46759033203125,142.2537078857422,254.5395050048828,160.7669677734375,294.17877197265625,185.2189483642578,347.62701416015625,231.23243713378906,388.1993713378906,0
3339,214.00802612304688,148.45111083984375,492.9440612792969,149.8411865234375,116.99958038330078,180.48106384277344,108.53016662597656,228.68727111816406,145.42239379882812,216.34762573242188,122.81884002685547,209.6630401611328,126.79008483886719,225.5899658203125,139.35955810546875,256.51824951171875,159.91580200195312,293.7401123046875,184.345947265625,347.2419128417969,233.20242309570312,388.2721252441406,0
3340,213.99986267089844,148.4882354736328,492.9705810546875,149.73605346679688,117.00598907470703,180.44761657714844,108.47764587402344,228.80172729492188,145.42269897460938,216.36402893066406,122.79393768310547,209.70867919921875,126.74484252929688,225.62051391601562,139.30087280273438,256.4853210449219,159.97137451171875,293.7840270996094,184.35545349121094,347.2390441894531,233.35679626464844,388.2447509765625,0
3341,214.10447692871094,148.7539520263672,493.0676574707031,149.63339233398438,125.84677124023438,179.67535400390625,109.27313232421875,224.82659912109375,146.4820556640625,217.35272216796875,125.99604797363281,209.13912963867188,127.34038543701172,225.60423278808594,137.45870971679688,257.57275390625,159.69061279296875,294.580078125,182.38693237304688,348.685546875,228.91561889648438,387.9879150390625,0
3342,214.13436889648438,148.7618865966797,493.0519104003906,149.52130126953125,138.41311645507812,178.42306518554688,113.66962432861328,218.63243103027344,149.0962371826172,218.59555053710938,131.6243438720703,207.31919860839844,129.3566131591797,224.0974578857422,136.63946533203125,258.2142028808594,157.27545166015625,296.0304260253906,179.4823455810547,352.98504638671875,223.32069396972656,393.2158508300781,0
3343,214.1560821533203,148.8092498779297,493.0907287597656,149.45440673828125,144.98098754882812,181.34852600097656,113.71937561035156,216.29823303222656,149.43365478515625,220.3182830810547,133.66041564941406,207.63372802734375,129.86306762695312,224.22421264648438,135.225830078125,258.3248596191406,155.6927490234375,298.20672607421875,175.8867950439453,354.2784118652344,216.3185577392578,394.53643798828125,0
3344,213.9686737060547,148.7943878173828,493.1451416015625,149.4744873046875,153.83543395996094,177.0567169189453,118.08536529541016,211.2136688232422,152.16615295410156,219.26307678222656,139.2333221435547,204.1327667236328,132.68777465820312,220.7169952392578,134.3772430419922,257.74993896484375,153.23655700683594,299.0716247558594,171.3248748779297,359.7159423828125,213.56292724609375,403.45050048828125,0
3345,213.99171447753906,148.79515075683594,493.14837646484375,149.4605712890625,153.84344482421875,177.0731201171875,118.04365539550781,211.22042846679688,152.15867614746094,219.35630798339844,139.16319274902344,204.18283081054688,132.60507202148438,220.70172119140625,134.2281494140625,257.74139404296875,153.21583557128906,299.037353515625,171.34291076660156,359.8035583496094,213.56698608398438,403.44122314453125,0
3346,214.06263732910156,148.78163146972656,493.2098388671875,149.40757751464844,154.82347106933594,176.2327880859375,118.48228454589844,209.6649932861328,153.1848907470703,218.64686584472656,140.6351318359375,202.3227081298828,133.22293090820312,219.30076599121094,134.03395080566406,256.0494384765625,151.57603454589844,299.38482666015625,168.468994140625,359.5865478515625,208.91184997558594,405.3750915527344,0
3347,214.00559997558594,148.5720672607422,493.3266906738281,149.369873046875,159.5038299560547,177.22735595703125,118.6947021484375,208.57659912109375,154.08111572265625,219.9523162841797,141.53363037109375,202.40013122558594,133.14234924316406,218.97283935546875,133.05792236328125,255.45187377929688,149.66163635253906,297.4786376953125,163.92178344726562,359.5520324707031,202.06654357910156,410.78778076171875,0
3348,214.1243896484375,148.5659942626953,493.2915954589844,149.2793731689453,163.6269989013672,181.9239501953125,121.11962127685547,207.7158660888672,153.9289093017578,223.3082733154297,142.3665771484375,205.59896850585938,132.67210388183594,219.54171752929688,132.5989990234375,256.0385437011719,149.62648010253906,297.75653076171875,164.2993927001953,359.2590026855469,201.1296844482422,406.24163818359375,0
3349,214.17544555664062,148.4973907470703,493.2687683105469,149.43544006347656,172.2701873779297,182.06289672851562,126.93500518798828,205.89918518066406,157.78265380859375,223.7314910888672,147.90834045410156,205.5183563232422,136.99349975585938,217.81167602539062,130.51402282714844,254.67019653320312,148.6320343017578,296.1148986816406,162.41961669921875,357.3660888671875,200.06185913085938,407.3486022949219,1
3350,214.14041137695312,148.4769287109375,493.2801208496094,149.45089721679688,172.2693634033203,182.10113525390625,126.9439468383789,205.843994140625,157.68800354003906,223.8120574951172,147.87213134765625,205.48326110839844,136.9369354248047,217.87123107910156,130.3933563232422,254.15277099609375,148.45584106445312,295.8739929199219,162.43768310546875,357.42486572265625,200.05787658691406,407.3432312011719,1
3351,214.1226348876953,148.55271911621094,493.2371826171875,149.3537139892578,175.4836883544922,182.7725372314453,129.15159606933594,203.18545532226562,159.6328582763672,224.31703186035156,150.78323364257812,205.31138610839844,139.09197998046875,217.86033630371094,131.2811737060547,252.2279510498047,147.39068603515625,295.0680236816406,160.56497192382812,357.08502197265625,199.2794189453125,406.1766357421875,1
3352,214.27821350097656,148.33473205566406,493.3157653808594,149.36244201660156,177.90130615234375,180.78921508789062,133.2259979248047,202.075439453125,163.49119567871094,222.6589813232422,155.08103942871094,203.07032775878906,143.5198516845703,217.96424865722656,134.6756134033203,249.29849243164062,143.73890686035156,293.64508056640625,144.28463745117188,342.01483154296875,156.80406188964844,376.79486083984375,1
3353,214.23077392578125,148.2600555419922,493.2521667480469,149.40501403808594,179.36802673339844,184.218505859375,135.26329040527344,203.37449645996094,164.321044921875,225.353271484375,156.07901000976562,205.8636016845703,144.6318359375,217.63937377929688,134.8043670654297,248.8242645263672,140.43157958984375,292.06298828125,145.48709106445312,357.0708312988281,176.81809997558594,415.7522888183594,1
3354,214.07618713378906,148.38125610351562,493.45208740234375,149.3058319091797,180.763916015625,188.9688262939453,137.77792358398438,208.727783203125,167.38668823242188,231.81834411621094,158.05007934570312,210.29324340820312,147.98077392578125,222.95982360839844,134.31744384765625,251.55996704101562,135.99652099609375,290.9805603027344,137.2547149658203,351.1712646484375,171.7598876953125,412.168212890625,1
3355,214.0395050048828,148.5126190185547,493.2398681640625,149.32870483398438,184.79396057128906,193.66098022460938,137.73721313476562,211.0286102294922,166.4819793701172,235.15811157226562,159.092529296875,215.00144958496094,147.8148956298828,226.07745361328125,132.8939666748047,251.5028076171875,134.17416381835938,288.7155456542969,136.14627075195312,350.61328125,169.1715087890625,406.9629211425781,1
3356,214.0178680419922,148.52093505859375,493.2333679199219,149.33303833007812,184.7218780517578,193.75755310058594,137.7326202392578,211.05313110351562,166.3916015625,235.12351989746094,159.06973266601562,215.0450439453125,147.7554168701172,226.13726806640625,132.8459930419922,251.52621459960938,134.21502685546875,288.7193603515625,136.13333129882812,350.57830810546875,169.1448516845703,406.9015808105469,1
3357,214.0491943359375,148.75244140625,493.19873046875,149.38262939453125,184.73770141601562,197.33514404296875,137.48622131347656,212.4414825439453,164.48336791992188,238.4368133544922,157.69259643554688,216.77772521972656,145.79055786132812,228.65310668945312,131.41311645507812,251.57313537597656,133.53298950195312,286.0955810546875,131.41908264160156,348.21728515625,165.56494140625,405.03619384765625,0
3358,214.1438446044922,148.57801818847656,493.1357727050781,149.45938110351562,184.716552734375,201.48606872558594,136.4347381591797,215.59812927246094,164.38937377929688,241.5807342529297,157.05520629882812,219.01841735839844,144.72178649902344,230.98898315429688,130.2644500732422,253.02658081054688,133.16075134277344,286.0173034667969,126.58544921875,344.9615783691406,162.14865112304688,406.8693542480469,0
3359,214.0545654296875,148.5937042236328,493.3152160644531,149.46139526367188,179.93128967285156,208.3880615234375,135.18728637695312,222.2793731689453,164.5408935546875,249.40512084960938,155.35646057128906,226.23219299316406,144.61181640625,236.5194854736328,129.91067504882812,255.23626708984375,133.01771545410156,283.17041015625,126.85183715820312,343.07464599609375,160.06997680664062,404.8203125,0
3360,214.03416442871094,148.59591674804688,493.3177795410156,149.459716796875,179.93284606933594,208.390869140625,135.18531799316406,222.28843688964844,164.5947265625,249.36123657226562,155.36985778808594,226.21644592285156,144.62277221679688,236.5328826904297,129.86709594726562,255.20498657226562,133.0242156982422,283.2112121582031,126.85100555419922,343.0966491699219,160.028564453125,404.8291015625,0
3361,214.11122131347656,148.55435180664062,493.19281005859375,149.30374145507812,179.41590881347656,207.71197509765625,134.42965698242188,222.5818328857422,163.80699157714844,248.68382263183594,154.68592834472656,226.06446838378906,144.0265350341797,236.6587677001953,128.73648071289062,255.34095764160156,132.42860412597656,283.6758117675781,125.00849914550781,343.10418701171875,156.27310180664062,405.62689208984375,0
3362,213.9893035888672,148.4817352294922,493.2613525390625,149.47572326660156,179.03793334960938,205.67588806152344,133.0811309814453,223.0023193359375,163.4810791015625,248.49395751953125,153.72613525390625,225.87062072753906,143.23040771484375,236.9549102783203,129.82015991210938,254.6503448486328,133.1783905029297,282.8357238769531,124.49312591552734,341.6248474121094,151.5888671875,405.4854736328125,0
3363,214.07412719726562,148.6159210205078,493.2374267578125,149.348876953125,179.41957092285156,206.4311981201172,133.94140625,222.8484649658203,163.5994873046875,248.6097412109375,154.0654296875,226.0229034423828,143.40232849121094,237.0286407470703,129.69271850585938,254.92530822753906,132.66342163085938,282.9073181152344,124.20310974121094,340.9222412109375,153.53465270996094,405.7393798828125,0
3364,214.1643829345703,148.55453491210938,493.2879943847656,149.42788696289062,183.55679321289062,211.8647003173828,136.55137634277344,222.67672729492188,161.95677185058594,249.81285095214844,155.81434631347656,228.1377410888672,143.53213500976562,237.64169311523438,128.097900390625,255.48458862304688,133.0203399658203,282.809814453125,122.70637512207031,338.9297790527344,150.54803466796875,407.2234802246094,0
3365,214.16830444335938,148.5641326904297,493.29443359375,149.41641235351562,183.54026794433594,211.87477111816406,136.55288696289062,222.68069458007812,161.94786071777344,249.80526733398438,155.80581665039062,228.1392364501953,143.53106689453125,237.6309356689453,128.08680725097656,255.47422790527344,133.03042602539062,282.7996826171875,122.71125793457031,338.88983154296875,150.54510498046875,407.2242431640625,0
3366,214.17315673828125,148.3433074951172,493.38818359375,149.53709411621094,185.7949676513672,215.3152313232422,138.31124877929688,222.34735107421875,161.64715576171875,251.0531005859375,157.41781616210938,229.16476440429688,144.3928985595703,238.05349731445312,127.84952545166016,255.1785430908203,132.8373565673828,282.7498474121094,122.3210220336914,339.1041564941406,149.8236083984375,406.2958679199219,0
3367,214.15476989746094,148.47048950195312,493.33203125,149.42930603027344,188.0647735595703,211.62213134765625,139.37803649902344,223.2335662841797,163.71270751953125,249.2361602783203,158.46165466308594,228.47055053710938,146.2986602783203,237.8895721435547,128.66183471679688,254.68572998046875,132.7090606689453,282.6901550292969,121.46637725830078,338.4644470214844,147.63780212402344,406.8739013671875,0
3368,214.00677490234375,148.48394775390625,493.2052001953125,149.4041290283203,188.4624481201172,211.4832000732422,140.56396484375,222.91162109375,164.85116577148438,250.41336059570312,159.3016815185547,228.1483917236328,147.01950073242188,237.37454223632812,128.62240600585938,254.85028076171875,132.9451141357422,282.9540100097656,123.53015899658203,337.7611083984375,151.21237182617188,406.7915954589844,0
3369,214.05482482910156,148.41250610351562,493.2462158203125,149.48663330078125,187.61480712890625,213.49838256835938,140.26585388183594,223.52842712402344,164.93304443359375,248.930908203125,159.452880859375,228.3924102783203,147.32870483398438,237.6440887451172,129.41725158691406,254.67637634277344,132.6072540283203,282.75079345703125,120.65748596191406,335.84637451171875,144.89990234375,407.1927185058594,0
3370,214.07638549804688,148.42391967773438,493.2445983886719,149.48974609375,187.61361694335938,213.49720764160156,140.27377319335938,223.5301971435547,164.94142150878906,248.93008422851562,159.46328735351562,228.3984832763672,147.33840942382812,237.64080810546875,129.3700408935547,254.62405395507812,132.61508178710938,282.7525939941406,120.64566802978516,335.92620849609375,144.88034057617188,407.1576843261719,0
3371,214.08837890625,148.3201141357422,493.10528564453125,149.57388305664062,186.63351440429688,213.66915893554688,140.40098571777344,222.4240264892578,164.2190704345703,248.64468383789062,158.9899139404297,228.10025024414062,146.8959197998047,237.34490966796875,129.2512664794922,253.978759765625,132.7457275390625,282.70220947265625,120.19950103759766,335.9335632324219,144.96676635742188,409.8710021972656,0
3372,214.18722534179688,148.37327575683594,493.07611083984375,149.6073455810547,187.61680603027344,211.4571075439453,139.80511474609375,222.1660614013672,165.56309509277344,248.93296813964844,158.91110229492188,226.6534423828125,147.26988220214844,236.5332794189453,129.50546264648438,253.50173950195312,132.9833984375,282.2759094238281,121.41897583007812,337.12335205078125,145.24362182617188,406.4612121582031,0
3373,214.22247314453125,148.53196716308594,493.0549011230469,149.53839111328125,184.4544219970703,207.4107666015625,138.76893615722656,221.3418731689453,165.0824737548828,248.5034637451172,157.63052368164062,225.87229919433594,146.6934814453125,236.11842346191406,129.70266723632812,253.5095672607422,133.04205322265625,282.427001953125,121.53112030029297,337.8296813964844,146.34396362304688,406.8965148925781,0
3374,214.30889892578125,148.77191162109375,493.0872802734375,149.63758850097656,181.31005859375,206.4229278564453,136.98077392578125,221.6529541015625,164.9180145263672,247.86260986328125,156.7540283203125,225.11483764648438,146.1236114501953,235.9536895751953,129.39877319335938,254.0526123046875,132.7740478515625,283.1025390625,121.44847106933594,338.2303466796875,147.43218994140625,406.62939453125,0
3375,214.3047332763672,148.77847290039062,493.11517333984375,149.61361694335938,181.41738891601562,206.57679748535156,137.02040100097656,221.703369140625,164.9455108642578,247.8513946533203,156.81700134277344,225.13824462890625,146.1721954345703,235.9717254638672,129.41360473632812,254.0661163330078,132.771484375,283.10546875,121.45328521728516,338.25018310546875,147.27407836914062,406.4371643066406,0
3376,214.26242065429688,148.70106506347656,493.1451110839844,149.62161254882812,178.43809509277344,206.23350524902344,135.56707763671875,222.22048950195312,164.80206298828125,248.5245819091797,155.1105194091797,225.74269104003906,144.9027099609375,236.18075561523438,129.75717163085938,254.28955078125,132.8350372314453,282.4564514160156,121.1235122680664,337.8087158203125,146.7365264892578,407.5470275878906,0
3377,214.12075805664062,148.7583770751953,493.2668762207031,149.4943084716797,176.02505493164062,206.56454467773438,133.86920166015625,222.8337860107422,164.14990234375,249.01431274414062,153.71453857421875,226.09332275390625,143.5386199951172,236.8903045654297,129.25694274902344,254.89385986328125,132.66976928710938,282.4064025878906,120.7139892578125,335.3231201171875,144.2379913330078,407.1270446777344,0
3378,214.06149291992188,148.7235565185547,493.1835632324219,149.60031127929688,177.13746643066406,208.1822509765625,133.98109436035156,223.2236328125,163.68614196777344,250.5135498046875,153.9158172607422,227.12405395507812,143.0079345703125,237.90780639648438,128.62774658203125,255.2904052734375,133.0224609375,282.29718017578125,122.39408111572266,339.6104736328125,146.1336212158203,405.4519958496094,0
3379,214.12635803222656,148.5774688720703,493.11981201171875,149.53533935546875,184.82229614257812,215.5556182861328,137.74171447753906,222.98257446289062,161.48062133789062,252.5806121826172,157.0712432861328,229.91615295410156,143.9832305908203,238.7479705810547,127.28809356689453,255.06658935546875,132.91925048828125,282.2944641113281,123.53581237792969,338.0147399902344,149.09976196289062,405.0459899902344,0
3380,214.12684631347656,148.5784149169922,493.1201477050781,149.53529357910156,184.81517028808594,215.55348205566406,137.7592010498047,222.99549865722656,161.4918975830078,252.58938598632812,157.0762176513672,229.9315948486328,143.99505615234375,238.75767517089844,127.17742919921875,254.98789978027344,132.92575073242188,282.29205322265625,123.52627563476562,338.0401611328125,148.83395385742188,405.0761413574219,0
3381,214.2503662109375,148.5212860107422,492.9939880371094,149.40794372558594,186.36569213867188,219.40489196777344,137.19837951660156,223.48794555664062,161.12127685546875,254.3242950439453,158.03639221191406,231.7438201904297,144.6213836669922,239.84481811523438,128.61471557617188,253.82232666015625,132.57089233398438,282.1083068847656,121.9096908569336,334.0623779296875,140.41468811035156,403.6875305175781,0
3382,214.22959899902344,148.51002502441406,493.0475158691406,149.4447479248047,186.96981811523438,224.82476806640625,139.27735900878906,226.75022888183594,162.9871826171875,258.6270751953125,158.92303466796875,234.19772338867188,146.56173706054688,242.23178100585938,129.46286010742188,254.76841735839844,132.49636840820312,281.65972900390625,122.85352325439453,334.9468688964844,144.44369506835938,404.9620666503906,0
3383,214.13636779785156,148.42791748046875,493.1318359375,149.41348266601562,189.64979553222656,223.6926727294922,140.9589385986328,226.5551300048828,164.66021728515625,258.1172790527344,159.6408233642578,233.5184783935547,148.07057189941406,242.3843994140625,129.3802947998047,254.33897399902344,132.28176879882812,281.71832275390625,122.36370086669922,333.9949951171875,142.27320861816406,404.0166931152344,0
3384,214.2401580810547,148.51377868652344,493.2087097167969,149.30157470703125,191.69683837890625,224.06240844726562,143.37527465820312,226.055419921875,166.37181091308594,258.4975891113281,162.01492309570312,233.36253356933594,150.00177001953125,242.47254943847656,129.37025451660156,255.0738983154297,131.780517578125,283.14154052734375,122.02388000488281,334.74554443359375,141.79795837402344,403.65338134765625,0
3385,214.25103759765625,148.49000549316406,493.2029724121094,149.3022003173828,191.70773315429688,224.1041717529297,143.3751678466797,226.05674743652344,166.3642120361328,258.48504638671875,162.0099639892578,233.36911010742188,149.99981689453125,242.469482421875,129.37144470214844,255.06703186035156,131.78392028808594,283.14678955078125,121.96949768066406,334.7659606933594,141.80039978027344,403.6567077636719,0
3386,214.17311096191406,148.4100341796875,493.189208984375,149.3042755126953,191.11639404296875,220.70858764648438,143.21441650390625,226.1313934326172,167.20883178710938,258.5489807128906,161.79620361328125,233.33753967285156,150.21939086914062,242.59054565429688,129.53163146972656,255.26075744628906,131.5134735107422,283.1537780761719,120.71541595458984,337.6280517578125,140.6772918701172,404.15277099609375,0
3387,214.0926513671875,148.5758056640625,493.2751770019531,149.2805938720703,189.73231506347656,211.73252868652344,140.93743896484375,225.47450256347656,168.2132568359375,254.088134765625,161.7705535888672,231.92489624023438,149.41488647460938,241.611083984375,130.45858764648438,256.22357177734375,131.0851287841797,283.78155517578125,120.49789428710938,336.3517761230469,138.0530548095703,404.6935119628906,0
3388,214.11570739746094,148.6268310546875,493.23681640625,149.326416015625,189.78453063964844,212.94610595703125,140.2959442138672,225.38710021972656,167.9640350341797,254.17263793945312,161.13067626953125,231.84873962402344,148.85137939453125,241.621337890625,130.27392578125,257.1719970703125,131.12615966796875,285.19927978515625,121.92439270019531,333.37115478515625,139.3235321044922,402.3075256347656,0
3389,214.02255249023438,148.84866333007812,493.2196350097656,149.40292358398438,187.99415588378906,215.30618286132812,139.5691680908203,225.47996520996094,166.7609100341797,253.5595703125,160.4726104736328,232.02647399902344,148.01316833496094,241.41514587402344,130.23887634277344,256.71746826171875,131.06080627441406,283.7806701660156,121.27168273925781,335.8921813964844,141.172119140625,403.1309814453125,0
3390,213.99801635742188,148.8209686279297,493.2141418457031,149.3907012939453,188.01905822753906,215.3685302734375,139.69317626953125,225.16571044921875,166.56666564941406,253.591552734375,160.61068725585938,231.80838012695312,148.08203125,241.02682495117188,130.26959228515625,256.4234619140625,131.03173828125,283.80517578125,121.12588500976562,336.6261901855469,141.25950622558594,403.18695068359375,0
3391,214.00267028808594,148.74673461914062,493.3033752441406,149.31654357910156,188.92135620117188,217.23516845703125,140.91172790527344,224.81092834472656,166.8040008544922,254.05218505859375,160.81887817382812,230.57229614257812,148.7412872314453,241.11843872070312,129.7506103515625,256.0855712890625,130.68223571777344,283.9732666015625,121.05374145507812,335.97332763671875,137.78543090820312,402.5408020019531,0
3392,214.1551971435547,148.6981658935547,493.34259033203125,149.2296600341797,194.26695251464844,219.2471923828125,144.94204711914062,223.69920349121094,166.9713134765625,255.33018493652344,162.98309326171875,231.5811309814453,149.86402893066406,241.15811157226562,129.37176513671875,256.1099548339844,131.0633544921875,283.77447509765625,120.77047729492188,335.62353515625,138.023681640625,404.5196838378906,0
3393,214.25314331054688,148.63880920410156,493.265380859375,149.2936553955078,197.2059326171875,224.88377380371094,148.85523986816406,222.9947967529297,165.01922607421875,255.62770080566406,165.83583068847656,231.83123779296875,150.92112731933594,240.73912048339844,127.49037170410156,255.1190948486328,130.7353515625,284.3106689453125,121.31580352783203,335.17010498046875,139.6461639404297,404.54595947265625,0
3394,214.05421447753906,148.72120666503906,493.3228759765625,149.44683837890625,197.77169799804688,230.5095672607422,151.07774353027344,224.1537628173828,165.55953979492188,259.848876953125,166.95933532714844,234.27073669433594,153.2810821533203,242.71267700195312,127.47340393066406,253.62423706054688,131.0247802734375,282.350341796875,120.2572021484375,335.2207946777344,138.29473876953125,404.639892578125,0
3395,214.0218505859375,148.73292541503906,493.3232421875,149.4499969482422,197.7378387451172,230.41575622558594,151.06224060058594,224.15335083007812,165.567138671875,259.83428955078125,166.99649047851562,234.2292938232422,153.24822998046875,242.72100830078125,127.46163940429688,253.65122985839844,131.0305938720703,282.3538513183594,120.24604034423828,335.183349609375,138.3856201171875,404.7512512207031,0
3396,214.0792236328125,148.60055541992188,493.3161315917969,149.30787658691406,196.87623596191406,235.13565063476562,150.8016815185547,225.32366943359375,163.64642333984375,261.70562744140625,165.6869659423828,238.2357940673828,152.59097290039062,243.79986572265625,126.95249938964844,253.71017456054688,131.02613830566406,282.478759765625,121.0602035522461,334.3669738769531,137.98956298828125,405.5288391113281,0
3397,214.03134155273438,148.74342346191406,493.35662841796875,149.3048553466797,197.74038696289062,231.3292694091797,152.8390350341797,227.6179656982422,166.48146057128906,263.2575988769531,167.71121215820312,237.15505981445312,154.81053161621094,245.40933227539062,126.4325180053711,254.2971649169922,129.8421630859375,283.3661193847656,120.53143310546875,334.34100341796875,136.8705596923828,404.90972900390625,0
3398,214.0438232421875,148.6861572265625,493.3520812988281,149.28936767578125,199.1733856201172,231.93084716796875,153.38206481933594,228.54063415527344,167.4219512939453,263.1673278808594,169.38836669921875,238.7349395751953,155.68344116210938,245.97080993652344,126.43147277832031,254.8503875732422,129.66751098632812,284.0841064453125,120.4730224609375,334.9539489746094,135.77134704589844,404.4377746582031,0
3399,214.1254425048828,148.6420440673828,493.3683776855469,149.35952758789062,202.07164001464844,226.73175048828125,154.6598358154297,228.3262939453125,170.3096923828125,260.6667785644531,171.41339111328125,236.2421875,157.14825439453125,245.60806274414062,128.1002197265625,256.06524658203125,129.1428985595703,284.5133972167969,119.92190551757812,336.8819885253906,136.10488891601562,404.7174072265625,0
3400,214.1272430419922,148.6440887451172,493.33984375,149.42225646972656,202.140869140625,226.85711669921875,154.6929473876953,228.32623291015625,170.2966766357422,260.71514892578125,171.44781494140625,236.26473999023438,157.1721954345703,245.6199493408203,128.1319122314453,255.96954345703125,129.15110778808594,284.5186462402344,119.93035125732422,336.87646484375,136.11123657226562,404.71435546875,0
3401,214.1073760986328,148.515380859375,493.3583679199219,149.3865203857422,205.0020294189453,221.11338806152344,155.7350311279297,225.7498779296875,173.39830017089844,257.846435546875,173.32760620117188,233.38052368164062,158.65037536621094,242.54483032226562,129.52369689941406,255.4276885986328,128.71066284179688,284.874755859375,119.2328109741211,337.68341064453125,135.8401336669922,404.4205627441406,0
3402,214.02110290527344,148.5912628173828,493.25262451171875,149.47250366210938,206.40274047851562,217.6590118408203,157.4167022705078,224.51458740234375,176.54287719726562,254.3246307373047,175.48797607421875,231.4945831298828,160.51853942871094,239.42376708984375,131.46728515625,256.295166015625,127.46336364746094,287.4986572265625,115.90127563476562,338.5252990722656,134.8417205810547,405.0986633300781,0
3403,214.12957763671875,148.72512817382812,493.2091979980469,149.472900390625,204.85031127929688,217.8887939453125,155.77713012695312,225.08187866210938,176.673095703125,256.47735595703125,174.60169982910156,232.65921020507812,160.20957946777344,241.2418670654297,131.551513671875,256.61248779296875,127.09194946289062,287.6279296875,113.94560241699219,336.0453186035156,129.722900390625,406.3000183105469,0
3404,214.05674743652344,148.63613891601562,493.2445068359375,149.46133422851562,203.63877868652344,219.05323791503906,154.18466186523438,224.77137756347656,173.717529296875,256.0104064941406,172.7289581298828,232.70101928710938,158.56556701660156,241.22671508789062,130.31996154785156,256.3871154785156,126.63604736328125,287.00994873046875,113.46195983886719,336.3372497558594,127.70230865478516,403.9549560546875,0
3405,214.05868530273438,148.63514709472656,493.2471618652344,149.4606475830078,203.590576171875,219.11146545410156,154.064208984375,224.75357055664062,173.7052459716797,255.99745178222656,172.61990356445312,232.69505310058594,158.49755859375,241.18905639648438,130.2188262939453,256.4007263183594,126.61001586914062,287.0086669921875,113.4574203491211,336.3685607910156,127.75910949707031,404.0631103515625,0
3406,214.05426025390625,148.4270782470703,493.3073425292969,149.3849639892578,202.53204345703125,218.33616638183594,153.57891845703125,224.76104736328125,173.79718017578125,256.0924377441406,172.17938232421875,232.41049194335938,158.366455078125,241.3787841796875,130.8071746826172,256.0684814453125,126.70304107666016,286.6911926269531,112.5982437133789,337.22259521484375,127.9741439819336,405.253662109375,0
3407,214.10260009765625,148.43858337402344,493.3167724609375,149.54794311523438,202.20126342773438,217.5134735107422,153.62643432617188,224.69705200195312,174.74270629882812,254.38938903808594,172.43878173828125,231.67251586914062,159.0236358642578,240.80039978027344,131.9862518310547,255.35569763183594,127.14984893798828,285.77081298828125,113.02861022949219,337.0452575683594,128.53616333007812,406.4778747558594,0
3408,213.97271728515625,148.4143829345703,493.2663879394531,149.55126953125,202.42770385742188,217.25352478027344,153.75486755371094,224.15292358398438,173.64126586914062,253.7462921142578,172.21798706054688,231.37542724609375,157.78504943847656,239.52777099609375,131.53329467773438,254.91517639160156,127.14946746826172,285.6225280761719,113.75599670410156,336.2522888183594,127.75958251953125,404.6949768066406,0
3409,214.0334014892578,148.55970764160156,493.28533935546875,149.5821990966797,207.53465270996094,214.26138305664062,160.6903839111328,220.26580810546875,179.19483947753906,251.04244995117188,177.79281616210938,228.0176239013672,162.6965789794922,236.82920837402344,132.68800354003906,253.34475708007812,126.28987884521484,286.2174377441406,113.05581665039062,337.113525390625,129.0501708984375,403.7888488769531,0
3410,213.87295532226562,148.596435546875,493.3065185546875,149.54273986816406,206.38861083984375,211.45249938964844,162.45086669921875,219.49957275390625,182.18960571289062,249.67318725585938,179.623779296875,227.12039184570312,164.29168701171875,236.54417419433594,134.56715393066406,253.21914672851562,125.46109008789062,286.7507019042969,111.73799896240234,339.5879821777344,127.91163635253906,405.8360595703125,0
3411,213.9296417236328,148.61744689941406,493.255126953125,149.65771484375,206.41009521484375,211.48086547851562,162.43519592285156,219.48582458496094,182.1889190673828,249.654296875,179.62974548339844,227.1057586669922,164.2429656982422,236.5081329345703,134.60719299316406,253.20669555664062,125.44548034667969,286.7344665527344,111.69573211669922,339.2077331542969,127.82013702392578,405.6191101074219,0
3412,213.8341064453125,148.73080444335938,493.23004150390625,149.64495849609375,207.3273162841797,203.57891845703125,161.82247924804688,216.0746612548828,184.5864715576172,244.26205444335938,180.12149047851562,222.2743682861328,165.75608825683594,233.3845672607422,136.37290954589844,253.4911651611328,126.33460235595703,288.5551452636719,111.99541473388672,337.2211608886719,115.83604431152344,380.9381103515625,0
3413,213.95242309570312,148.51708984375,493.2869567871094,149.58522033691406,207.5845184326172,207.03524780273438,162.41429138183594,215.4671173095703,183.99595642089844,244.977294921875,180.02232360839844,222.6419677734375,165.34982299804688,232.88824462890625,136.35574340820312,253.31349182128906,125.87876892089844,289.1776428222656,111.35243225097656,336.1886901855469,114.30982971191406,378.218994140625,0
3414,213.97390747070312,148.1267852783203,493.2441101074219,149.56570434570312,213.1772003173828,220.8666229248047,166.2796173095703,218.80978393554688,180.68890380859375,251.3699188232422,182.8293914794922,228.56199645996094,166.60723876953125,235.8842010498047,134.61082458496094,252.13958740234375,125.42572021484375,286.515625,108.88274383544922,335.9561767578125,121.33550262451172,404.7390441894531,0
3415,213.98770141601562,148.14508056640625,493.2109375,149.5559844970703,213.1809844970703,220.8653106689453,166.28199768066406,218.80670166015625,180.68658447265625,251.37049865722656,182.82855224609375,228.56460571289062,166.6119384765625,235.88706970214844,134.6356658935547,252.15789794921875,125.41844177246094,286.5077819824219,108.91615295410156,335.78509521484375,121.28594207763672,404.66357421875,0
3416,213.99957275390625,148.20684814453125,493.1713562011719,149.48069763183594,215.62860107421875,225.46994018554688,168.94593811035156,219.00257873535156,179.60903930664062,252.18875122070312,184.81008911132812,230.57815551757812,167.7042999267578,236.22518920898438,134.60079956054688,251.12100219726562,125.51075744628906,285.9663391113281,108.73664855957031,334.852783203125,111.48633575439453,375.5361022949219,0
3417,213.93533325195312,148.41513061523438,493.1700439453125,149.559326171875,218.41737365722656,229.7462921142578,172.89854431152344,221.30982971191406,180.8624267578125,254.99319458007812,186.75050354003906,232.65255737304688,170.73797607421875,236.7738494873047,134.6778106689453,249.4098358154297,124.96527862548828,286.0096130371094,106.40716552734375,333.4639587402344,106.08419799804688,374.0138244628906,0
3418,214.0364227294922,148.38417053222656,493.2252502441406,149.5005340576172,218.59078979492188,232.5311737060547,173.88682556152344,223.0757293701172,181.4768829345703,257.4608154296875,187.1603546142578,234.60845947265625,171.381103515625,238.1695098876953,135.1318817138672,249.69985961914062,123.92573547363281,286.4949951171875,103.8695068359375,336.0047607421875,103.75357055664062,379.56951904296875,0
3419,213.92324829101562,148.62969970703125,493.2352600097656,149.5325927734375,219.35263061523438,235.6886749267578,173.67884826660156,225.3781280517578,181.65289306640625,260.75048828125,187.15728759765625,237.98800659179688,171.89512634277344,242.6558074951172,135.17752075195312,250.0601043701172,123.6036148071289,285.77423095703125,102.37325286865234,335.41064453125,102.5278091430664,376.37689208984375,0
3420,213.91775512695312,148.6166534423828,493.2352600097656,149.53346252441406,219.35374450683594,235.68594360351562,173.6784210205078,225.3803253173828,181.6487579345703,260.7460632324219,187.1576690673828,237.98651123046875,171.8944091796875,242.65199279785156,135.17149353027344,250.05039978027344,123.61015319824219,285.7706604003906,102.45624542236328,335.4367980957031,102.5361328125,376.398681640625,0
3421,213.96649169921875,148.54949951171875,493.29913330078125,149.3781280517578,218.01095581054688,238.41551208496094,172.95179748535156,226.3212432861328,180.39974975585938,262.30902099609375,186.708984375,239.32327270507812,171.66604614257812,243.95208740234375,135.2293243408203,250.7664031982422,123.77200317382812,285.802490234375,102.79273223876953,336.71783447265625,102.46194458007812,380.130859375,0
3422,214.01986694335938,148.6936798095703,493.302734375,149.32528686523438,216.64419555664062,239.84031677246094,171.39988708496094,230.60870361328125,179.2667694091797,265.5316162109375,185.8819580078125,242.2903289794922,171.0113983154297,247.15225219726562,135.33770751953125,251.24916076660156,123.82521057128906,285.30426025390625,102.24727630615234,338.142578125,105.95152282714844,390.6310729980469,0
3423,213.97874450683594,148.56471252441406,493.23052978515625,149.3709259033203,214.83399963378906,240.41026306152344,169.17938232421875,231.65867614746094,177.52272033691406,266.5299377441406,183.52674865722656,242.73342895507812,169.5764923095703,247.40830993652344,135.12081909179688,252.69412231445312,124.44580841064453,284.7942810058594,102.46070098876953,336.5003662109375,107.95808410644531,398.5262145996094,0
3424,214.15957641601562,148.630615234375,493.3057556152344,149.27334594726562,210.61935424804688,238.8778839111328,165.00167846679688,232.8686065673828,176.61476135253906,267.6390380859375,181.0415496826172,244.4783172607422,166.85525512695312,249.03118896484375,135.42947387695312,255.49290466308594,125.40287017822266,284.0184020996094,103.21190643310547,333.7533264160156,104.92155456542969,376.4475402832031,0
3425,214.15101623535156,148.61300659179688,493.3209533691406,149.26661682128906,210.6315460205078,238.88092041015625,165.05555725097656,232.83309936523438,176.6326904296875,267.6213684082031,181.0902099609375,244.4456024169922,166.90013122558594,248.94264221191406,135.40438842773438,255.39317321777344,125.36573028564453,284.0348205566406,103.17050170898438,333.8290100097656,104.906982421875,376.5518493652344,0
3426,214.1580047607422,148.5449981689453,493.2464904785156,149.22360229492188,207.12008666992188,239.1864471435547,162.35845947265625,233.2622833251953,175.436767578125,268.45916748046875,179.11570739746094,244.19573974609375,165.08517456054688,249.64454650878906,135.7097625732422,256.8227844238281,126.00999450683594,283.94390869140625,104.94703674316406,334.9437255859375,111.37506103515625,402.967529296875,0
3427,214.26809692382812,148.63272094726562,493.3101501464844,149.5313262939453,202.33848571777344,232.62667846679688,157.7238311767578,233.8161163330078,174.18446350097656,267.82183837890625,174.21258544921875,243.49630737304688,161.1767120361328,249.61114501953125,135.23374938964844,256.515869140625,124.52275848388672,283.75469970703125,101.92672729492188,334.5857238769531,107.94526672363281,399.54058837890625,0
3428,214.08424377441406,148.6295623779297,493.4028625488281,149.48098754882812,196.72543334960938,226.50914001464844,151.94351196289062,233.33216857910156,172.8826446533203,266.3523254394531,170.65206909179688,241.2856903076172,158.88644409179688,249.10955810546875,134.07566833496094,258.11553955078125,124.7525405883789,283.8431396484375,103.41299438476562,329.06201171875,99.76828002929688,370.1839294433594,0
3429,214.14309692382812,148.7385711669922,493.5094299316406,149.500244140625,192.2660369873047,228.733154296875,144.18980407714844,236.0821075439453,167.89825439453125,267.98223876953125,164.9633331298828,242.3250732421875,152.75267028808594,250.78842163085938,130.6079864501953,260.8819580078125,124.86752319335938,284.6843566894531,107.56034088134766,329.7644958496094,102.83684539794922,372.77093505859375,0
3430,214.17715454101562,148.69085693359375,493.50738525390625,149.4973602294922,192.29058837890625,228.7339630126953,144.18751525878906,236.0853729248047,167.9418487548828,267.97027587890625,164.98106384277344,242.31918334960938,152.77293395996094,250.77947998046875,130.6222381591797,260.8702697753906,124.86741638183594,284.6930847167969,107.51618957519531,330.0290222167969,102.80178833007812,373.17486572265625,0
3431,213.96339416503906,148.59033203125,493.36944580078125,149.48062133789062,185.42344665527344,226.56163024902344,140.1259002685547,237.56150817871094,166.24642944335938,267.6416320800781,159.7620391845703,242.7381591796875,148.8549346923828,251.40049743652344,129.47708129882812,261.76605224609375,124.54448699951172,284.6761169433594,108.60576629638672,329.58221435546875,103.39530181884766,372.9334716796875,0
3432,213.94541931152344,148.54568481445312,493.3947448730469,149.47560119628906,185.39193725585938,226.51368713378906,140.11207580566406,237.6029815673828,166.3765106201172,267.63690185546875,159.79180908203125,242.69839477539062,148.8920440673828,251.39266967773438,129.5232391357422,261.8075256347656,124.55062103271484,284.733154296875,108.6270980834961,329.58856201171875,103.43192291259766,373.1723937988281,0
3433,213.84388732910156,148.6873016357422,493.4136657714844,149.50924682617188,180.22434997558594,226.4947509765625,134.87965393066406,236.02789306640625,160.74658203125,265.59112548828125,154.9434051513672,241.98953247070312,143.9812469482422,249.4251251220703,127.96963500976562,262.28045654296875,124.62155151367188,284.8973388671875,108.55939483642578,327.63775634765625,103.25655364990234,370.05352783203125,0
3434,214.00755310058594,148.634033203125,493.3474426269531,149.36550903320312,179.37936401367188,224.4601593017578,134.3114776611328,236.26377868652344,160.7950897216797,265.00177001953125,154.7855987548828,241.36949157714844,143.82620239257812,249.50405883789062,127.78018951416016,263.0700988769531,124.37667846679688,285.47137451171875,108.26776123046875,328.39581298828125,103.63262939453125,370.3831787109375,0
3435,213.92327880859375,148.64675903320312,493.3734436035156,149.45809936523438,183.33506774902344,219.27655029296875,136.2241668701172,232.0419464111328,162.9347686767578,263.1376037597656,156.08909606933594,238.03567504882812,145.4734344482422,247.7642059326172,127.78937530517578,259.1187744140625,124.46138000488281,284.26763916015625,108.44208526611328,327.671630859375,103.3677978515625,369.3612060546875,0
3436,213.9324188232422,148.65411376953125,493.3603515625,149.45199584960938,183.3340606689453,219.27261352539062,136.2194366455078,232.04762268066406,162.9342803955078,263.1380310058594,156.08837890625,238.0314483642578,145.47311401367188,247.76112365722656,127.79559326171875,259.12109375,124.4639663696289,284.266845703125,108.4413070678711,327.6781005859375,103.36489868164062,369.34942626953125,0
3437,213.94680786132812,148.58926391601562,493.2022705078125,149.45394897460938,188.44862365722656,217.15786743164062,139.8232421875,228.5037384033203,164.5558319091797,260.30859375,158.71261596679688,234.71897888183594,147.6055450439453,244.51272583007812,128.37646484375,258.1558837890625,125.08678436279297,284.9062194824219,108.2822265625,330.3236999511719,103.31166076660156,373.45001220703125,0
3438,213.99583435058594,148.62115478515625,493.2211608886719,149.63182067871094,193.21087646484375,211.13584899902344,143.9324188232422,223.9670867919922,168.93161010742188,253.9630889892578,164.9137420654297,230.1886749267578,151.54298400878906,240.57884216308594,128.61293029785156,255.88247680664062,124.29142761230469,285.6943664550781,107.07150268554688,329.6744384765625,103.31641387939453,371.5078125,0
3439,214.0926513671875,148.72293090820312,493.1759948730469,149.60147094726562,197.94068908691406,204.4991455078125,148.97154235839844,219.05044555664062,171.73989868164062,248.94219970703125,168.75439453125,223.83871459960938,154.88092041015625,233.52105712890625,129.59982299804688,256.06439208984375,122.79410552978516,286.6835632324219,102.84947967529297,333.9468994140625,101.34764862060547,375.6691589355469,0
3440,214.0076904296875,148.2387237548828,493.1643371582031,149.6380615234375,196.2843017578125,191.1318359375,151.142333984375,213.5106201171875,179.00416564941406,237.20870971679688,172.35694885253906,214.6273956298828,159.79345703125,228.7279815673828,133.0911407470703,253.15699768066406,123.04063415527344,288.0028381347656,102.58929443359375,331.3965148925781,97.94001007080078,373.1566467285156,0
3441,213.9865264892578,148.25437927246094,493.1462707519531,149.64657592773438,196.2820281982422,191.12786865234375,151.16647338867188,213.49874877929688,179.0002899169922,237.21127319335938,172.36424255371094,214.6201171875,159.79434204101562,228.7217254638672,133.06480407714844,253.13864135742188,123.03775787353516,288.00244140625,102.58378601074219,331.38629150390625,97.91992950439453,373.15460205078125,0
3442,214.11209106445312,148.50619506835938,493.2041320800781,149.60284423828125,197.75144958496094,184.9375,154.05975341796875,208.06350708007812,181.39463806152344,232.9982147216797,174.09951782226562,208.89181518554688,162.39772033691406,222.17575073242188,135.35183715820312,251.10614013671875,122.69023895263672,288.04608154296875,101.74909210205078,330.6498107910156,96.7908935546875,370.9803466796875,0
3443,214.17320251464844,148.48553466796875,493.24639892578125,149.67274475097656,197.02499389648438,182.06370544433594,155.04469299316406,205.9011688232422,183.79183959960938,229.6305389404297,175.71453857421875,205.95074462890625,164.03021240234375,219.30426025390625,137.17955017089844,247.56179809570312,120.33562469482422,288.38885498046875,95.71720123291016,329.0453796386719,88.03106689453125,368.2789306640625,1
3444,214.1659393310547,148.53736877441406,493.0743103027344,149.5692596435547,196.2454071044922,180.02357482910156,154.3489227294922,205.2633819580078,183.15557861328125,228.16224670410156,175.4383544921875,204.65707397460938,163.3936767578125,218.4178466796875,138.17823791503906,246.89295959472656,121.16078186035156,287.6604309082031,94.62638092041016,331.104736328125,86.07388305664062,374.14605712890625,1
3445,214.30271911621094,148.3817596435547,493.1861267089844,149.6566925048828,196.5852508544922,175.8662872314453,153.64425659179688,201.5029296875,183.0595703125,223.00775146484375,175.47689819335938,200.30502319335938,164.02781677246094,215.40113830566406,140.8350830078125,243.43728637695312,122.69329071044922,285.022705078125,98.13899230957031,328.32110595703125,90.63836669921875,370.3652038574219,1
3446,214.2982177734375,148.4027099609375,493.17218017578125,149.69778442382812,196.58584594726562,175.8730926513672,153.62245178222656,201.48216247558594,183.05921936035156,223.0410919189453,175.4668731689453,200.33135986328125,164.0274200439453,215.39535522460938,140.8813934326172,243.40394592285156,122.69237518310547,285.0284423828125,98.15460205078125,328.3148193359375,90.62725830078125,370.3520202636719,1
3447,214.31930541992188,148.31524658203125,493.1559753417969,149.54518127441406,197.24172973632812,173.88601684570312,153.8400421142578,199.3780975341797,183.580810546875,221.55398559570312,175.69418334960938,199.1193084716797,164.44911193847656,213.5056610107422,141.22756958007812,242.3743133544922,123.03287506103516,285.3387756347656,98.53083801269531,329.4158630371094,91.3300552368164,371.5760498046875,1
3448,213.903564453125,147.45526123046875,493.16290283203125,149.49679565429688,203.31295776367188,165.43287658691406,160.906494140625,190.27252197265625,189.14398193359375,211.58880615234375,181.71597290039062,191.257080078125,170.14956665039062,201.8499755859375,145.99801635742188,239.18405151367188,122.99373626708984,281.9434814453125,96.76649475097656,323.09619140625,87.21236419677734,363.722900390625,1
3449,215.27012634277344,145.76344299316406,493.0434265136719,149.4494171142578,207.87887573242188,158.0167694091797,168.38980102539062,180.53781127929688,194.30166625976562,201.96832275390625,187.31796264648438,181.59262084960938,175.7841339111328,195.87913513183594,150.4963836669922,230.825927734375,122.29986572265625,278.8962707519531,91.33285522460938,327.36859130859375,83.31041717529297,372.40997314453125,1
3450,212.6776123046875,143.7906036376953,493.0892333984375,149.49359130859375,212.2242431640625,148.7389678955078,172.29827880859375,176.6326141357422,199.9806365966797,196.7538299560547,190.6107940673828,175.15809631347656,181.44818115234375,189.0892333984375,152.742431640625,224.94984436035156,122.99423217773438,274.4563293457031,90.88915252685547,324.04339599609375,80.1560287475586,368.1682434082031,1
3451,211.4432830810547,145.8821563720703,493.02227783203125,149.4333953857422,213.0530242919922,142.9458770751953,174.9532470703125,169.9724884033203,202.3970184326172,187.28396606445312,194.01217651367188,168.751953125,184.90216064453125,183.05662536621094,156.4166717529297,220.37713623046875,123.90874481201172,270.687744140625,90.75886535644531,320.4255065917969,82.20964813232422,364.9803771972656,1
3452,224.97764587402344,149.68533325195312,492.89385986328125,149.45416259765625,213.63153076171875,129.92581176757812,177.9021453857422,155.0019073486328,207.33929443359375,170.78480529785156,197.67117309570312,153.2935028076172,188.94969177246094,167.6171417236328,162.6766357421875,210.50338745117188,127.69496154785156,260.05010986328125,91.0367202758789,307.9410095214844,83.30614471435547,350.9054260253906,1
3453,227.03099060058594,148.90774536132812,492.93609619140625,149.43263244628906,213.64300537109375,121.56085205078125,178.65255737304688,146.77938842773438,208.64492797851562,161.0672149658203,198.00746154785156,144.48497009277344,189.63302612304688,157.1519775390625,166.99012756347656,202.63662719726562,131.60617065429688,255.17454528808594,92.20315551757812,301.985595703125,83.09551239013672,349.32037353515625,1
3454,182.98724365234375,122.87908935546875,493.06890869140625,149.4696807861328,216.27978515625,103.63221740722656,185.0012969970703,126.3694076538086,213.14349365234375,138.99656677246094,203.4830322265625,125.30812072753906,194.45611572265625,138.98797607421875,171.1499786376953,186.82464599609375,137.63418579101562,241.36074829101562,100.80718994140625,276.3025817871094,88.45703125,321.00799560546875,0
3455,182.9467315673828,122.83646392822266,493.0444030761719,149.44210815429688,216.18350219726562,103.45455169677734,184.99876403808594,126.33942413330078,213.159912109375,138.97128295898438,203.52622985839844,125.24432373046875,194.4752655029297,138.952392578125,171.14308166503906,186.9075927734375,137.6502685546875,241.3515625,100.85850524902344,276.33843994140625,88.44835662841797,321.0384826660156,0
3456,191.681640625,113.57220458984375,493.09149169921875,149.40130615234375,221.87774658203125,96.6173095703125,191.8496856689453,114.81017303466797,220.47451782226562,130.1753387451172,209.0189666748047,115.626708984375,201.4746551513672,129.2020721435547,179.07833862304688,174.025146484375,141.42263793945312,235.83245849609375,111.6986083984375,273.0582580566406,90.74221801757812,314.9344177246094,0
3457,202.719970703125,95.60665893554688,493.174560546875,149.52542114257812,231.17481994628906,80.2823715209961,202.09886169433594,98.92882537841797,231.05160522460938,113.07988739013672,219.90455627441406,96.54997253417969,212.72320556640625,110.90802001953125,194.20257568359375,154.2818145751953,158.79283142089844,215.7849578857422,127.95291137695312,243.67945861816406,104.0128173828125,271.630126953125,0
3458,205.772216796875,90.45187377929688,493.06787109375,149.39268493652344,235.32464599609375,72.52286529541016,205.80413818359375,91.96277618408203,235.2458038330078,105.30656433105469,223.28421020507812,89.84227752685547,216.84732055664062,104.74336242675781,198.21627807617188,151.89659118652344,168.6523895263672,209.84828186035156,139.0532684326172,234.3889923095703,114.8717041015625,257.78338623046875,0
3459,207.05511474609375,88.83409881591797,493.2138366699219,149.54644775390625,235.14768981933594,73.88648986816406,207.4417724609375,86.75637817382812,235.31126403808594,101.7522201538086,224.11985778808594,88.39929962158203,217.12911987304688,100.86380004882812,200.44361877441406,147.7833709716797,174.06834411621094,213.8673858642578,150.44573974609375,239.49273681640625,124.33637237548828,260.2475891113281,0
3460,207.0626983642578,88.82357025146484,493.2198181152344,149.609619140625,235.13792419433594,73.8857192993164,207.44522094726562,86.75270080566406,235.3099822998047,101.75316619873047,224.12171936035156,88.38471984863281,217.13047790527344,100.81936645507812,200.3440399169922,147.56150817871094,174.08285522460938,213.84458923339844,150.57652282714844,239.41015625,124.58338165283203,259.9767761230469,0
3461,206.8032989501953,87.62059020996094,493.104736328125,149.44271850585938,235.05712890625,73.60993194580078,208.92758178710938,85.27149200439453,236.30535888671875,97.65870666503906,225.07485961914062,85.92742156982422,218.949462890625,98.3688735961914,201.53060913085938,146.85333251953125,175.0516815185547,214.25473022460938,150.64736938476562,241.47909545898438,124.17337799072266,264.7699890136719,0
3462,206.82965087890625,87.6262435913086,493.11602783203125,149.43447875976562,235.0620880126953,73.5356674194336,208.97314453125,85.27130126953125,236.29693603515625,97.66348266601562,225.10621643066406,85.91301727294922,218.99191284179688,98.37357330322266,201.4514617919922,146.19580078125,175.056640625,214.27227783203125,150.6059112548828,241.5208740234375,124.13488006591797,264.897216796875,0
3463,201.86288452148438,143.73411560058594,493.2497253417969,149.37454223632812,230.51589965820312,81.02606964111328,214.3789520263672,84.8277359008789,240.82192993164062,94.11201477050781,226.72109985351562,88.59209442138672,223.3410186767578,96.05514526367188,202.62713623046875,140.88180541992188,174.6155548095703,213.10208129882812,148.054931640625,244.13343811035156,123.71202850341797,270.8863220214844,0
3464,210.905029296875,108.36604309082031,493.1539611816406,149.4397735595703,231.04891967773438,84.32011413574219,219.13284301757812,87.82677459716797,242.60009765625,94.03726196289062,225.42251586914062,99.49337005615234,221.5889434814453,109.51152801513672,201.66058349609375,143.25209045410156,175.68319702148438,211.3055877685547,148.8994140625,244.0032958984375,123.08656311035156,272.8722229003906,0
3465,214.905517578125,97.4755630493164,493.0531311035156,149.42935180664062,235.51638793945312,75.58989715576172,221.5274200439453,80.77886199951172,246.84588623046875,88.03935241699219,235.18003845214844,86.44294738769531,228.92161560058594,98.07928466796875,211.55096435546875,137.47695922851562,179.19027709960938,206.81024169921875,152.6073760986328,245.6982421875,129.05072021484375,278.6813049316406,0
3466,216.27796936035156,96.43455505371094,493.1066589355469,149.54306030273438,243.2620086669922,69.61422729492188,224.16856384277344,75.51294708251953,248.3471221923828,86.58648681640625,237.4487762451172,84.91839599609375,234.71807861328125,89.1900863647461,210.65890502929688,137.1867218017578,180.8982696533203,204.9293670654297,156.06053161621094,245.88558959960938,135.81092834472656,283.5721435546875,0
3467,215.00335693359375,96.64387512207031,493.20611572265625,149.6312713623047,244.20628356933594,66.3028335571289,223.38433837890625,71.02099609375,249.6094512939453,84.346923828125,237.59950256347656,75.40264129638672,232.89830017089844,87.0553970336914,208.728759765625,134.40850830078125,183.71018981933594,199.57054138183594,156.640625,247.92584228515625,131.85723876953125,304.001953125,0
3468,228.81243896484375,65.3853988647461,493.141845703125,149.5795135498047,250.9437713623047,56.3662223815918,224.439697265625,62.23737716674805,249.03602600097656,77.11763763427734,239.5765838623047,65.52100372314453,230.64749145507812,75.99406433105469,208.5808868408203,124.73213958740234,184.61721801757812,187.71478271484375,158.20330810546875,238.21730041503906,133.55039978027344,307.8477783203125,0
3469,225.66082763671875,159.8250732421875,493.18017578125,149.50430297851562,253.0615692138672,48.55352783203125,225.1572723388672,54.94169235229492,251.382080078125,72.76298522949219,240.9566650390625,59.668888092041016,232.5264129638672,70.31515502929688,211.02305603027344,115.39105224609375,185.36593627929688,175.6995391845703,161.89306640625,215.99964904785156,142.9412078857422,258.89654541015625,0
3470,225.5920867919922,159.78009033203125,493.2054748535156,149.5321502685547,253.0647430419922,48.556129455566406,225.1973114013672,54.89102554321289,251.34034729003906,72.79478454589844,240.93771362304688,59.67482376098633,232.5120391845703,70.3016586303711,210.9224395751953,115.49652862548828,185.35325622558594,175.69857788085938,161.8828887939453,216.0126495361328,142.9346160888672,258.89459228515625,0
3471,220.44993591308594,158.85755920410156,493.18328857421875,149.50830078125,252.30609130859375,40.695823669433594,224.01646423339844,54.45427322387695,254.42776489257812,68.99710845947266,241.4272918701172,55.78383255004883,234.52572631835938,67.59239196777344,215.40623474121094,113.20305633544922,183.9256591796875,169.59542846679688,152.6984405517578,208.20770263671875,124.51176452636719,244.864013671875,0
3472,220.5433807373047,158.52432250976562,493.1733703613281,149.4676055908203,253.39157104492188,40.67789077758789,223.22532653808594,58.52216720581055,253.6893310546875,73.49917602539062,241.45176696777344,58.006893157958984,235.08255004882812,70.85317993164062,216.2278289794922,116.10153198242188,185.60922241210938,173.643798828125,154.6707763671875,211.28866577148438,127.66020202636719,248.5992889404297,0
3473,220.95578002929688,158.08641052246094,493.1939697265625,149.34031677246094,256.8644714355469,45.385501861572266,225.15834045410156,56.9703483581543,254.13839721679688,73.17200469970703,243.41090393066406,60.11255645751953,234.78997802734375,71.26492309570312,216.1360626220703,117.33759307861328,186.3701171875,174.80189514160156,157.88650512695312,213.65689086914062,132.58392333984375,253.00799560546875,0
3474,220.8456573486328,159.01536560058594,493.2510986328125,149.4436798095703,272.9974365234375,62.09690856933594,238.9124755859375,58.5982780456543,261.5546875,84.96906280517578,254.19004821777344,64.79753112792969,242.40206909179688,75.09456634521484,216.36590576171875,114.81914520263672,186.21795654296875,173.31922912597656,158.5332489013672,218.59934997558594,136.11355590820312,283.9845886230469,0
3475,220.85134887695312,159.0181121826172,493.26751708984375,149.4036102294922,272.9931640625,62.09931564331055,238.91880798339844,58.60894775390625,261.55596923828125,84.9661865234375,254.1941680908203,64.79646301269531,242.41001892089844,75.09227752685547,216.37022399902344,114.82491302490234,186.2066650390625,173.3046875,158.52484130859375,218.61123657226562,136.0718231201172,284.1602783203125,0
3476,220.34275817871094,158.95947265625,493.1416931152344,149.45919799804688,277.1324462890625,65.1069107055664,245.51336669921875,59.231361389160156,265.3812255859375,85.44205474853516,259.8610534667969,68.08474731445312,247.33274841308594,76.05712890625,218.4710235595703,113.88260650634766,184.84104919433594,169.89601135253906,157.52413940429688,210.62042236328125,136.892333984375,260.15673828125,0
3477,216.78028869628906,160.39109802246094,493.22955322265625,149.47055053710938,293.82733154296875,65.75247955322266,260.36248779296875,57.458648681640625,276.05224609375,87.56563568115234,273.18536376953125,69.35308074951172,259.4080505371094,75.11280822753906,221.86080932617188,108.4958267211914,185.16712951660156,158.43003845214844,155.63673400878906,200.68264770507812,132.72711181640625,247.89866638183594,0
3478,215.36241149902344,156.2662811279297,493.15924072265625,149.32948303222656,303.1419982910156,68.08997344970703,268.5753479003906,58.288143157958984,281.9779357910156,89.6739501953125,280.21917724609375,69.64042663574219,266.5401611328125,74.28800201416016,226.94046020507812,106.39073181152344,185.9501495361328,149.0762939453125,155.67149353027344,187.17819213867188,136.97975158691406,227.9275360107422,0
3479,210.8798828125,153.7981414794922,493.0517883300781,149.5535430908203,319.9311828613281,70.17548370361328,284.2347412109375,61.53676223754883,296.4675598144531,92.94304656982422,295.7715148925781,72.7763900756836,280.68157958984375,76.1982650756836,239.48590087890625,96.10408020019531,190.09300231933594,119.03247833251953,152.3872833251953,147.14393615722656,126.26593017578125,178.4495086669922,0
3480,210.89288330078125,153.7985382080078,493.05889892578125,149.5399627685547,319.93243408203125,70.17605590820312,284.2294921875,61.541259765625,296.4722900390625,92.93199157714844,295.76776123046875,72.76851654052734,280.6654052734375,76.20298767089844,239.49945068359375,96.07072448730469,190.0760498046875,119.0316162109375,152.4060516357422,147.14271545410156,126.27471923828125,178.4415740966797,0
3481,210.50625610351562,152.4647979736328,493.0391540527344,149.40988159179688,327.3467102050781,69.44528198242188,292.21942138671875,61.606895446777344,301.1888122558594,94.3492660522461,302.7430419921875,73.00513458251953,287.2507629394531,76.56396484375,241.33473205566406,89.080078125,185.82666015625,108.84132385253906,145.97854614257812,129.30677795410156,118.28693389892578,171.10720825195312,0
3482,213.9852752685547,148.99969482421875,493.0269470214844,149.50360107421875,341.830078125,77.14344787597656,308.7180480957031,63.963932037353516,312.1712951660156,97.70475006103516,316.1474914550781,76.69743347167969,300.0209045410156,78.19242095947266,247.8019256591797,79.20279693603516,191.769775390625,95.89254760742188,142.7215576171875,115.075439453125,109.83935546875,162.57798767089844,0
3483,213.98008728027344,148.84967041015625,492.9997863769531,149.50791931152344,348.2591552734375,84.09932708740234,316.9765625,69.33137512207031,315.83441162109375,103.1942138671875,324.28228759765625,83.03883361816406,308.296875,82.67646026611328,252.5496826171875,79.279296875,195.03956604003906,88.6072006225586,149.3370361328125,104.10872650146484,118.01492309570312,144.44528198242188,0
3484,214.45904541015625,148.37644958496094,493.1409606933594,149.69857788085938,353.3826599121094,89.20197296142578,324.376220703125,74.57752227783203,323.06512451171875,107.22927856445312,330.30120849609375,87.87615203857422,315.22589111328125,87.7000503540039,261.1332092285156,79.10303497314453,202.3773193359375,83.27069091796875,160.7467498779297,87.71446228027344,129.4544219970703,112.94403076171875,0
3485,214.482177734375,148.38157653808594,493.17559814453125,149.70082092285156,353.38519287109375,89.20234680175781,324.3633728027344,74.58113098144531,323.0619812011719,107.23809814453125,330.3036193847656,87.87995147705078,315.2348937988281,87.7045669555664,261.291259765625,79.00792694091797,202.38641357421875,83.26641845703125,160.76126098632812,87.69771575927734,129.471435546875,112.93368530273438,0
3486,214.32772827148438,148.37042236328125,493.1838684082031,149.675537109375,360.04443359375,92.84451293945312,332.9229431152344,78.7862319946289,328.2890930175781,112.6976318359375,338.6709899902344,92.54326629638672,323.2157897949219,91.17999267578125,272.2112121582031,81.39897155761719,213.1434326171875,83.46446990966797,159.46665954589844,82.89019775390625,109.92500305175781,118.02850341796875,0
3487,214.56417846679688,148.50146484375,493.23858642578125,149.9866943359375,386.751708984375,98.2854995727539,357.6407775878906,83.8512954711914,355.5255432128906,116.30001831054688,362.69683837890625,97.00587463378906,347.22039794921875,96.81880187988281,295.4039306640625,85.95274353027344,239.97018432617188,74.93385314941406,192.6284637451172,83.01006317138672,149.01304626464844,117.01641845703125,0
3488,214.5531005859375,148.56271362304688,493.1430358886719,150.0296173095703,393.4354553222656,98.84552001953125,362.89764404296875,84.3492431640625,361.03192138671875,117.6214370727539,369.9869384765625,98.14921569824219,353.7343444824219,98.06887817382812,298.7914733886719,85.73184967041016,245.8928985595703,73.1715087890625,199.06654357910156,73.35675048828125,151.5250244140625,102.34950256347656,0
3489,214.18382263183594,148.63824462890625,493.0872497558594,150.0104522705078,407.1012878417969,102.51114654541016,376.3704833984375,85.20256805419922,373.5417175292969,119.59152221679688,381.4214172363281,99.94817352294922,366.1849670410156,98.79402160644531,312.959716796875,82.795654296875,260.07373046875,65.49754333496094,215.47076416015625,59.78694534301758,169.15203857421875,79.02303314208984,0
3490,214.16371154785156,148.64968872070312,493.09222412109375,150.00973510742188,407.10626220703125,102.4981460571289,376.3631896972656,85.10043334960938,373.517822265625,119.61280059814453,381.38427734375,99.87242889404297,366.1499938964844,98.73065185546875,312.945068359375,82.78771209716797,260.0782470703125,65.49974822998047,216.5900115966797,59.099666595458984,169.2576141357422,78.98538208007812,0
3491,214.2505645751953,148.38973999023438,493.1341857910156,149.93199157714844,411.292236328125,104.05445098876953,383.61773681640625,86.11795043945312,376.4569091796875,118.49969482421875,387.94769287109375,100.16757202148438,372.64263916015625,97.36198425292969,321.6225891113281,81.11774444580078,266.005859375,64.80211639404297,231.0767364501953,49.47847366333008,192.14044189453125,58.51629638671875,0
3492,214.36587524414062,148.46661376953125,492.8006896972656,149.97056579589844,415.5736389160156,106.03256225585938,396.2139892578125,88.05035400390625,389.1070861816406,118.10912322998047,397.0237731933594,101.64244842529297,383.5986328125,97.81963348388672,332.2569885253906,83.4624252319336,277.95135498046875,71.97653198242188,252.59402465820312,53.68455505371094,229.26779174804688,45.10698318481445,0
3493,214.51646423339844,148.41175842285156,492.6951904296875,149.90957641601562,416.51971435546875,108.60509490966797,399.343505859375,88.4361572265625,392.0351867675781,118.95800018310547,399.7434387207031,102.92375183105469,388.3382568359375,99.2431411743164,338.158203125,84.11853790283203,283.731201171875,73.84180450439453,258.0188903808594,57.98237228393555,233.60719299316406,53.10280990600586,0
3494,214.49221801757812,148.518310546875,492.59075927734375,149.906494140625,418.2310791015625,112.5840072631836,401.9317932128906,89.67545318603516,393.1610107421875,120.25532531738281,402.0449523925781,105.2490005493164,390.6075439453125,100.6509780883789,342.64715576171875,84.20217895507812,288.3714599609375,76.57591247558594,265.2043762207031,61.57491683959961,240.18328857421875,55.41600036621094,0
3495,214.59373474121094,148.61508178710938,492.5971984863281,149.9645233154297,421.9960632324219,114.31647491455078,405.88897705078125,92.68660736083984,396.1069030761719,122.38648223876953,407.01263427734375,107.24075317382812,394.1885986328125,102.0045166015625,346.1252136230469,88.60867309570312,292.31829833984375,76.9659423828125,273.2949523925781,60.51253890991211,257.02716064453125,51.20199966430664,0
3496,214.71681213378906,148.68862915039062,492.8449401855469,150.09475708007812,434.1460266113281,114.51481628417969,412.2071228027344,96.02185821533203,406.0399169921875,126.42732238769531,414.3783874511719,109.5049819946289,401.92327880859375,106.99919891357422,351.46923828125,92.58296203613281,295.3731689453125,81.5457534790039,276.7485656738281,73.18336486816406,261.92535400390625,66.63605499267578,0
3497,214.71629333496094,148.6892547607422,492.84515380859375,150.09490966796875,434.1113586425781,114.53451538085938,412.19769287109375,95.9512939453125,405.965087890625,126.43408203125,414.2876281738281,109.57488250732422,401.720703125,106.15653228759766,351.36834716796875,92.5479736328125,295.3796081542969,81.52005767822266,276.77838134765625,73.18679809570312,261.8732604980469,66.58653259277344,0
3498,214.62709045410156,148.5908660888672,492.9971923828125,149.9506072998047,439.91473388671875,116.16637420654297,418.11358642578125,95.59037017822266,410.7406311035156,128.48385620117188,420.8646240234375,110.95027160644531,406.8417663574219,106.6836166381836,353.54949951171875,93.57907104492188,299.346923828125,81.5011215209961,279.2887268066406,76.61868286132812,260.85443115234375,76.51007080078125,0
3499,214.490966796875,148.68893432617188,493.3787841796875,150.42674255371094,454.5477294921875,118.22494506835938,427.3980407714844,97.5634536743164,421.0143737792969,128.55992126464844,431.6918029785156,111.36548614501953,416.0888366699219,108.59413146972656,364.541015625,94.44651794433594,310.58050537109375,74.84524536132812,285.264892578125,71.3652114868164,266.88677978515625,82.94140625,-1
3500,214.623291015625,148.60980224609375,493.69830322265625,150.45167541503906,459.0314025878906,119.81845092773438,431.617919921875,95.83511352539062,424.3959045410156,128.10421752929688,435.9500732421875,111.95332336425781,421.0661315917969,107.7787857055664,371.2857360839844,94.30340576171875,319.0107421875,75.09723663330078,295.8461608886719,68.6358871459961,276.0677490234375,70.80298614501953,-1
3501,214.7115478515625,148.63861083984375,493.8622741699219,150.26759338378906,460.3963928222656,118.98273468017578,431.7652282714844,93.64982604980469,423.3576965332031,124.67752075195312,435.35333251953125,109.25385284423828,421.446044921875,105.48706817626953,373.7090759277344,88.04682159423828,322.0545349121094,68.34197235107422,302.6749267578125,56.96254348754883,292.98675537109375,56.538326263427734,-1
3502,214.7203369140625,148.67649841308594,493.8042907714844,150.3308868408203,460.4057312011719,118.97712707519531,431.7658996582031,93.64332580566406,423.3629455566406,124.6611328125,435.3553771972656,109.2504653930664,421.4433898925781,105.48567962646484,373.6553955078125,88.00348663330078,322.03839111328125,68.30131530761719,302.6844177246094,57.004241943359375,292.93975830078125,56.562618255615234,-1
3503,214.55084228515625,148.61170959472656,493.7183837890625,150.29537963867188,460.6496276855469,118.34168243408203,430.832275390625,91.6676025390625,422.62725830078125,123.49688720703125,434.7536315917969,107.95446014404297,420.736572265625,104.47734832763672,372.9129333496094,86.92123413085938,321.6694641113281,67.32806396484375,299.60662841796875,56.87429428100586,281.70648193359375,57.05397033691406,-1
3504,214.6017303466797,148.77589416503906,493.58245849609375,150.25856018066406,464.2701721191406,118.27510070800781,432.1251220703125,90.33753204345703,423.2783508300781,122.49329376220703,436.10308837890625,107.36271667480469,421.5931396484375,104.09801483154297,372.86676025390625,87.92760467529297,322.4258728027344,66.70419311523438,297.9573059082031,57.667518615722656,274.0504455566406,66.65686798095703,-1
3505,214.49716186523438,148.83651733398438,493.3403625488281,150.15286254882812,465.3303527832031,119.89956665039062,434.1283264160156,90.82576751708984,423.5720520019531,122.8239974975586,437.2905578613281,108.47738647460938,422.5986022949219,104.64582824707031,372.0583801269531,84.92451477050781,322.857177734375,65.9449462890625,299.7342529296875,56.382225036621094,277.8720703125,59.63337326049805,-1
3506,214.56764221191406,148.80149841308594,493.4111633300781,150.15097045898438,468.99114990234375,123.41919708251953,437.9287109375,93.69539642333984,424.63690185546875,123.8531723022461,439.6903076171875,111.5082778930664,426.6064453125,103.97506713867188,376.34130859375,84.5394058227539,326.5380859375,66.63630676269531,303.6590576171875,56.133155822753906,282.6905517578125,55.38700866699219,-1
3507,214.56118774414062,148.79591369628906,493.411376953125,150.15101623535156,468.9908752441406,123.41827392578125,437.9300231933594,93.69701385498047,424.6363830566406,123.85138702392578,439.6907958984375,111.50764465332031,426.60711669921875,103.97557830810547,376.34149169921875,84.53936767578125,326.53887939453125,66.6368637084961,303.6540832519531,56.13594436645508,282.666015625,55.394596099853516,-1
3508,214.51158142089844,148.59494018554688,493.9361877441406,150.92434692382812,470.8445739746094,129.15440368652344,441.4697570800781,96.53274536132812,427.4705810546875,127.32469940185547,442.3789978027344,113.37458038330078,430.37115478515625,105.98419189453125,377.3665771484375,85.3424072265625,329.7171630859375,66.84298706054688,304.0214538574219,55.70748519897461,276.6380920410156,63.66353225708008,-1
3509,214.4909210205078,148.6671142578125,494.50018310546875,151.53024291992188,472.706298828125,131.60650634765625,445.9774169921875,98.6916732788086,430.6934509277344,130.60653686523438,445.4525146484375,116.69007873535156,432.0834045410156,109.68950653076172,386.0032043457031,87.37140655517578,335.7559814453125,69.94123077392578,313.7316589355469,57.690128326416016,297.1246337890625,55.41603088378906,-1
3510,214.4531707763672,148.75270080566406,492.4804382324219,151.10023498535156,475.75439453125,131.52999877929688,446.7144775390625,99.19622802734375,431.8359680175781,131.9210968017578,448.1744384765625,117.8993148803711,432.7000427246094,111.89775848388672,386.3236999511719,88.94764709472656,337.5762023925781,75.11334991455078,319.2158508300781,66.23560333251953,307.885009765625,52.49612808227539,-1
3511,214.58245849609375,148.6544189453125,492.51641845703125,151.73336791992188,470.7408447265625,134.50848388671875,443.1439208984375,103.98285675048828,429.86810302734375,139.1484832763672,444.93341064453125,121.31903839111328,430.3340759277344,117.17408752441406,385.99200439453125,98.32852172851562,341.3852844238281,85.2397689819336,318.5155029296875,76.89102172851562,293.61273193359375,71.92837524414062,-1
3512,214.58071899414062,148.6851043701172,492.5124816894531,151.72894287109375,470.72637939453125,134.48428344726562,443.152587890625,103.92742156982422,429.80157470703125,139.0712890625,444.9220275878906,121.30094909667969,430.294189453125,117.04329681396484,385.946044921875,98.26624298095703,341.380859375,85.23944091796875,318.5213928222656,76.89338684082031,293.63714599609375,71.91635131835938,-1
3513,214.6362762451172,148.6759033203125,492.583251953125,151.5846405029297,465.46221923828125,138.83360290527344,441.49761962890625,107.90104675292969,427.2655944824219,139.50912475585938,442.5015869140625,125.2609634399414,429.46923828125,120.78071594238281,385.5115966796875,100.06356048583984,341.97613525390625,84.6396255493164,314.7807922363281,75.57441711425781,289.6189270019531,73.82919311523438,-1
3514,214.53843688964844,148.5319061279297,494.7397155761719,150.66636657714844,463.9936218261719,142.26425170898438,438.7210693359375,108.92890167236328,422.4171142578125,140.32679748535156,439.4052734375,127.61412811279297,426.04638671875,120.6683349609375,386.77587890625,96.54263305664062,346.54754638671875,75.56398010253906,324.83465576171875,59.57021713256836,310.7848205566406,51.36924362182617,-1
3515,214.6536407470703,148.5248260498047,492.8385009765625,151.15428161621094,464.46319580078125,139.38919067382812,438.3931884765625,110.3333740234375,425.4155578613281,143.76942443847656,439.8572082519531,128.27655029296875,427.8096618652344,120.91815185546875,388.8066711425781,97.12469482421875,348.1766357421875,74.3398666381836,324.05389404296875,56.89964294433594,306.6183776855469,42.22900390625,-1
3516,214.55458068847656,148.50167846679688,493.23504638671875,151.42974853515625,465.90826416015625,141.19680786132812,439.36151123046875,111.2525634765625,425.2666015625,146.3109588623047,440.7877197265625,129.79193115234375,428.63055419921875,123.61796569824219,388.5019226074219,99.03903198242188,348.46905517578125,75.81007385253906,327.0946960449219,61.483062744140625,310.8873596191406,54.71437072753906,-1
3517,214.55409240722656,148.50558471679688,493.1636657714844,151.4665985107422,465.92315673828125,141.22744750976562,439.30889892578125,111.26598358154297,425.1986389160156,146.32479858398438,440.71417236328125,129.8337860107422,428.5325012207031,123.60774993896484,388.4922180175781,99.02591705322266,348.4670715332031,75.80872344970703,327.0959167480469,61.484901428222656,310.8859558105469,54.71358871459961,-1
3518,214.60931396484375,148.57815551757812,493.0749206542969,151.27590942382812,465.7532043457031,144.01194763183594,439.13018798828125,111.91658020019531,424.8934020996094,147.82803344726562,440.68756103515625,131.4364013671875,427.9327087402344,125.13885498046875,388.0912780761719,100.05231475830078,348.26422119140625,75.75577545166016,329.19024658203125,65.5834732055664,313.429931640625,60.84296798706055,-1
3519,214.65220642089844,148.6802215576172,493.2776184082031,151.00894165039062,463.9166259765625,144.86917114257812,434.41436767578125,111.58776092529297,421.3962097167969,149.09912109375,438.6880187988281,132.703125,424.585693359375,126.4918212890625,389.0347595214844,100.11271667480469,348.6614990234375,76.69609069824219,326.10723876953125,63.05549240112305,307.8528747558594,55.96697998046875,-1
3520,214.5616912841797,148.6485137939453,493.2769775390625,150.95114135742188,463.3688049316406,144.41343688964844,433.64306640625,111.8343505859375,421.1165466308594,149.10690307617188,437.9097595214844,133.09791564941406,423.5522155761719,126.93802642822266,388.5974426269531,99.89655303955078,349.5669860839844,75.43096160888672,324.8660583496094,60.03466033935547,302.2817077636719,51.69021224975586,-1
3521,214.56521606445312,148.5299072265625,493.3415222167969,151.43829345703125,465.3295593261719,139.02606201171875,430.82122802734375,110.42399597167969,422.2538757324219,147.7895965576172,437.9381103515625,130.0539093017578,423.1728210449219,125.80716705322266,389.3466491699219,99.92443084716797,349.94403076171875,74.66282653808594,319.17669677734375,53.561275482177734,290.7445373535156,43.52690505981445,-1
3522,214.5736083984375,148.52992248535156,493.4949951171875,151.82862854003906,467.9470520019531,137.7874755859375,435.59722900390625,110.12931060791016,425.7674865722656,147.0896453857422,440.4709777832031,128.93392944335938,425.7933044433594,124.46994018554688,389.613525390625,100.2808837890625,349.87078857421875,74.7597427368164,314.142333984375,49.99217987060547,281.1276550292969,40.66645050048828,-1
3523,214.5299530029297,148.57247924804688,493.6849060058594,151.9704132080078,467.9830627441406,137.16261291503906,436.6904602050781,109.29253387451172,426.1805419921875,146.46185302734375,440.7815856933594,128.02674865722656,426.9615783691406,123.25873565673828,389.0255126953125,100.21932220458984,349.49688720703125,74.16588592529297,312.3326721191406,46.83330535888672,277.23199462890625,40.93550109863281,-1
3524,214.45419311523438,148.53085327148438,494.0210266113281,151.9289093017578,468.35406494140625,137.14540100097656,435.3594055175781,107.91508483886719,424.93408203125,144.7021026611328,439.91986083984375,127.27545166015625,425.875,122.03610229492188,389.76605224609375,99.95095825195312,349.5987854003906,74.31137084960938,314.0479431152344,47.46048355102539,278.2585144042969,41.08385467529297,-1
3525,214.4304962158203,148.5287628173828,493.85162353515625,152.10025024414062,467.7386779785156,136.2851104736328,433.19366455078125,105.61001586914062,423.2539978027344,144.5890350341797,438.4918212890625,126.45997619628906,424.57537841796875,122.61749267578125,389.17388916015625,98.9818344116211,349.1579895019531,74.60862731933594,317.5450744628906,49.12416076660156,288.48077392578125,41.76673889160156,-1
3526,214.4266357421875,148.58872985839844,493.8343505859375,152.08700561523438,467.75537109375,136.29197692871094,433.18902587890625,105.66536712646484,423.2757263183594,144.5955047607422,438.517822265625,126.52303314208984,424.58258056640625,122.65174865722656,389.2269592285156,99.17257690429688,349.138916015625,74.53240203857422,317.4881286621094,49.13103103637695,288.45477294921875,41.764869689941406,-1
3527,214.45030212402344,148.69830322265625,493.6844787597656,151.88345336914062,466.7384338378906,136.14027404785156,431.5394287109375,104.67910766601562,421.1186218261719,143.78009033203125,436.6200256347656,125.44013214111328,423.07147216796875,121.43162536621094,388.4510803222656,98.04785919189453,348.9740295410156,74.86290740966797,315.4119873046875,49.999473571777344,285.1744689941406,40.949974060058594,-1
3528,214.38330078125,148.69256591796875,494.4794921875,151.1720428466797,466.6109313964844,125.37310028076172,423.7841491699219,101.85919189453125,421.29083251953125,142.6221466064453,433.533935546875,121.75127410888672,419.42529296875,120.58074951171875,386.8601379394531,98.682373046875,347.51641845703125,77.5785140991211,307.6116638183594,49.07172393798828,270.1836242675781,44.267791748046875,-1
3529,214.50991821289062,148.6890106201172,494.19696044921875,150.937744140625,467.8424987792969,122.05401611328125,423.7712097167969,100.22578430175781,422.2123107910156,140.5325469970703,434.24224853515625,119.95638275146484,419.64630126953125,119.16558074951172,385.9845275878906,98.94075012207031,345.4788513183594,78.34998321533203,305.154296875,52.746402740478516,267.60955810546875,45.737640380859375,-1
3530,214.67794799804688,148.53465270996094,493.8245544433594,150.7519073486328,468.2647399902344,113.77000427246094,419.99359130859375,94.1695785522461,423.2855224609375,134.59742736816406,434.00579833984375,113.27191162109375,418.1538391113281,114.01152038574219,380.3700256347656,97.82791900634766,342.60052490234375,78.32534790039062,295.3328857421875,54.80202102661133,247.3776092529297,42.4827880859375,-1
3531,214.67999267578125,148.5375213623047,493.76129150390625,150.72972106933594,468.2911376953125,113.77955627441406,420.0375061035156,94.18547058105469,423.30816650390625,134.61990356445312,434.0285339355469,113.27928924560547,418.18505859375,114.01708984375,380.3843994140625,97.82903289794922,342.595703125,78.32511901855469,295.3174133300781,54.787757873535156,247.4784393310547,42.522403717041016,-1
3532,214.6345977783203,148.42332458496094,493.7579040527344,150.48948669433594,463.02618408203125,106.19252014160156,415.4398498535156,91.78701782226562,421.0852966308594,132.9130859375,428.91741943359375,108.71644592285156,414.3808288574219,111.86227416992188,377.7394714355469,98.0760269165039,342.932373046875,80.1176986694336,294.578369140625,56.043209075927734,245.82266235351562,42.54765701293945,0
3533,214.75038146972656,148.5811309814453,493.3895568847656,150.19778442382812,456.8785705566406,96.2370376586914,406.9252014160156,84.705078125,415.58221435546875,125.48897552490234,421.8572082519531,100.44239044189453,407.36920166015625,104.36441802978516,376.37884521484375,98.31269836425781,343.54669189453125,81.26642608642578,294.88311767578125,56.1716194152832,246.19580078125,41.396488189697266,0
3534,214.54843139648438,148.58233642578125,493.3685302734375,150.00123596191406,456.9911804199219,90.81053161621094,405.4273376464844,82.2770767211914,415.4605712890625,122.57616424560547,421.8263244628906,97.95844268798828,405.96722412109375,103.01961517333984,374.0844421386719,97.76932525634766,340.8807678222656,81.09468078613281,293.09014892578125,56.15166473388672,245.6665496826172,41.165199279785156,0
3535,214.80508422851562,148.5526123046875,493.2535095214844,149.97817993164062,459.7207946777344,75.78813171386719,407.7449035644531,76.84966278076172,422.34600830078125,112.42571258544922,425.0755310058594,88.55480194091797,408.7048645019531,96.18226623535156,373.7518005371094,97.42799377441406,336.5744934082031,81.36011505126953,289.183349609375,54.965633392333984,243.05377197265625,40.471744537353516,0
3536,214.7703094482422,148.53956604003906,493.2704162597656,149.92991638183594,459.72821044921875,75.77168273925781,407.6246337890625,76.81420135498047,422.33941650390625,112.4132080078125,425.01422119140625,88.52262115478516,408.6527404785156,96.17929077148438,373.767333984375,97.42302703857422,336.5727233886719,81.35255432128906,289.1927185058594,54.95561981201172,243.10472106933594,40.45335006713867,0
3537,214.71435546875,148.5550537109375,493.1643371582031,149.8582305908203,461.8989562988281,74.29761505126953,409.9880676269531,74.55850219726562,424.5125427246094,109.5935287475586,427.9609680175781,86.16979217529297,411.9913635253906,92.23764038085938,374.27777099609375,97.55436706542969,335.22528076171875,81.39895629882812,287.5091857910156,54.22377014160156,241.4471893310547,40.08402633666992,0
3538,214.63198852539062,148.6016082763672,493.38519287109375,149.83602905273438,465.94134521484375,66.38935089111328,414.81427001953125,72.89379119873047,433.6225891113281,105.85497283935547,433.8170166015625,81.85612487792969,417.68212890625,90.78309631347656,377.0525207519531,98.28952026367188,335.2580871582031,80.5630111694336,287.5411376953125,53.96720886230469,241.61029052734375,40.30760192871094,0
3539,214.49349975585938,148.5143280029297,493.1831359863281,149.8310089111328,467.47137451171875,61.62526321411133,417.5144348144531,70.04947662353516,436.4317321777344,102.98116302490234,435.6883544921875,79.56946563720703,419.43304443359375,89.2538833618164,378.2674255371094,98.42826080322266,335.30426025390625,81.41142272949219,286.9339904785156,54.34990692138672,240.32200622558594,40.03936767578125,0
3540,214.58187866210938,148.62109375,493.2642822265625,149.71348571777344,466.0661315917969,50.54440689086914,418.0125732421875,65.46369171142578,441.1646728515625,95.47586822509766,436.6026611328125,71.14375305175781,422.2927551269531,84.18193817138672,379.36761474609375,98.4245834350586,335.2100524902344,82.27105712890625,286.80230712890625,54.221153259277344,240.83404541015625,40.30544662475586,0
3541,214.50877380371094,148.65724182128906,493.2622985839844,149.70639038085938,466.0689392089844,50.54703140258789,418.07818603515625,65.52885437011719,441.1724853515625,95.46304321289062,436.6191101074219,71.14996337890625,422.31787109375,84.23001861572266,379.334228515625,98.47272491455078,335.2427062988281,82.2741470336914,287.4228820800781,53.95414733886719,241.95965576171875,40.476131439208984,0
3542,214.67648315429688,148.6750030517578,493.1769714355469,149.70794677734375,462.22991943359375,41.48372268676758,418.0848083496094,64.42447662353516,442.57366943359375,90.73114013671875,437.7264099121094,67.97023010253906,423.5654602050781,80.86314392089844,379.8374938964844,99.22866821289062,334.24578857421875,82.91295623779297,286.1761169433594,54.068424224853516,238.39739990234375,40.26777648925781,0
3543,214.56793212890625,148.50807189941406,493.16259765625,149.80653381347656,456.5135192871094,40.83631896972656,413.6161193847656,67.37017059326172,440.5494384765625,92.62626647949219,434.31243896484375,68.84276580810547,421.3118896484375,83.09526062011719,380.1526184082031,99.89678955078125,335.0791320800781,83.37703704833984,287.1067810058594,54.60636901855469,240.50250244140625,40.23381805419922,0
3544,214.5526885986328,148.48373413085938,493.0590515136719,149.83108520507812,455.72528076171875,40.34149169921875,412.726806640625,68.29373931884766,440.55731201171875,92.6151351928711,433.5281677246094,69.31414031982422,421.0105895996094,83.59979248046875,380.52166748046875,99.7292709350586,336.47882080078125,83.8054428100586,288.2885437011719,54.594730377197266,240.68609619140625,40.41751480102539,0
3545,214.62911987304688,148.6275634765625,493.1173400878906,149.7885284423828,452.1949462890625,42.977783203125,407.91552734375,71.65532684326172,438.6747741699219,95.52261352539062,431.279052734375,71.63931274414062,418.626220703125,86.69657897949219,380.3193054199219,100.69139099121094,337.1579284667969,84.10504913330078,289.3139343261719,55.16741943359375,241.0367431640625,40.528968811035156,0
3546,214.6300811767578,148.63058471679688,493.1543273925781,149.8112030029297,452.1944580078125,42.971580505371094,407.9276123046875,71.58650207519531,438.6568603515625,95.51390838623047,431.2768249511719,71.62183380126953,418.6268005371094,86.68099212646484,380.1847229003906,100.74759674072266,337.154296875,84.08665466308594,289.3190612792969,55.164363861083984,241.03341674804688,40.528717041015625,0
3547,214.7078399658203,148.61874389648438,493.24249267578125,149.85499572753906,452.32879638671875,46.60755157470703,407.29876708984375,74.66143035888672,437.72808837890625,98.212158203125,430.7832336425781,73.48506164550781,417.6531677246094,89.0953369140625,380.1270751953125,101.07374572753906,337.367919921875,84.10934448242188,289.5940246582031,55.1618537902832,241.04803466796875,40.42687225341797,0
3548,214.59616088867188,148.6881866455078,493.1907653808594,150.02590942382812,453.9952087402344,56.041439056396484,406.626220703125,78.5946273803711,435.9822082519531,104.56686401367188,428.2293395996094,79.50070190429688,415.3833312988281,93.3614273071289,378.6291198730469,102.15918731689453,337.9682922363281,84.10792541503906,290.0667724609375,55.23257064819336,241.27627563476562,40.391475677490234,0
3549,214.6507110595703,148.51805114746094,493.19091796875,149.89404296875,454.48443603515625,56.1064338684082,406.0920715332031,78.32637786865234,434.7030944824219,105.8702621459961,428.08306884765625,80.06348419189453,414.8624572753906,93.53010559082031,378.6429443359375,101.83635711669922,338.3814697265625,83.92120361328125,289.7191162109375,54.8590087890625,240.46279907226562,40.22115707397461,0
3550,214.6676025390625,148.71023559570312,492.968505859375,149.9342498779297,447.50299072265625,52.90119934082031,400.6486511230469,78.88627624511719,431.4569091796875,103.26163482666016,424.1249694824219,79.977783203125,411.52667236328125,92.1213607788086,378.6169128417969,101.02814483642578,341.94512939453125,84.90986633300781,292.56488037109375,55.21407699584961,242.5033416748047,40.553287506103516,0
3551,214.6528778076172,148.71400451660156,492.99945068359375,149.8805694580078,447.50537109375,52.87431335449219,400.6514587402344,78.87681579589844,431.4314270019531,103.25860595703125,424.1260681152344,79.94192504882812,411.51324462890625,92.1103286743164,378.62823486328125,101.02039337158203,341.9476013183594,84.90873718261719,292.57781982421875,55.19647979736328,242.55499267578125,40.56816482543945,0
3552,214.64332580566406,148.63699340820312,493.02056884765625,149.8572540283203,439.9804382324219,47.5508918762207,397.791015625,80.2242202758789,430.9752502441406,101.60604095458984,421.65374755859375,78.79342651367188,410.03045654296875,91.44317626953125,380.3662109375,101.32196044921875,343.1051025390625,85.36357116699219,294.0160217285156,55.26101303100586,243.27947998046875,40.755470275878906,0
3553,214.5005645751953,148.5693359375,493.0084228515625,149.71566772460938,433.69622802734375,43.05311584472656,390.0405578613281,73.8126220703125,424.63623046875,97.0377426147461,414.0890808105469,72.37718963623047,404.4948425292969,87.50685119628906,380.95745849609375,99.85725402832031,344.35791015625,89.03648376464844,296.3492431640625,58.885040283203125,245.87294006347656,41.58609390258789,0
3554,214.5376434326172,148.53073120117188,493.0105285644531,149.6849822998047,429.1769714355469,41.80458450317383,387.37908935546875,72.95464324951172,422.4979553222656,95.21473693847656,410.6671447753906,72.06867980957031,401.472412109375,86.37994384765625,381.56939697265625,98.3968505859375,347.1670837402344,90.24163055419922,299.0726318359375,61.484458923339844,247.38265991210938,42.1639518737793,0
3555,214.4920654296875,148.4077911376953,493.0365905761719,149.6934051513672,419.9282531738281,50.533966064453125,381.6998291015625,77.69023132324219,418.716064453125,99.43302154541016,406.826904296875,74.62374877929688,398.3646545410156,87.39305877685547,380.0739440917969,96.71774291992188,348.3682556152344,88.38626098632812,300.951904296875,62.07233810424805,248.07440185546875,42.712921142578125,0
3556,214.49244689941406,148.40704345703125,493.0228271484375,149.68817138671875,419.8750915527344,50.67662048339844,381.69580078125,77.70248413085938,418.7110595703125,99.44029998779297,406.8121337890625,74.65501403808594,398.36151123046875,87.40977478027344,380.0804748535156,96.74372863769531,348.3774719238281,88.38679504394531,300.956298828125,62.076786041259766,248.06907653808594,42.72091293334961,0
3557,214.40618896484375,148.537841796875,493.1401672363281,149.69309997558594,419.6465759277344,55.617740631103516,380.708251953125,80.57103729248047,417.4960632324219,102.07463073730469,405.702880859375,79.44693756103516,397.87738037109375,89.94108581542969,381.92608642578125,98.73353576660156,350.3707275390625,88.49932098388672,303.287353515625,62.68556594848633,250.04788208007812,42.11918640136719,0
3558,214.25454711914062,148.4280242919922,493.1893005371094,149.64024353027344,418.20684814453125,64.7433853149414,378.78240966796875,84.38510131835938,415.9905700683594,106.48893737792969,402.6037292480469,84.89080047607422,395.9437561035156,95.94825744628906,385.0866394042969,100.17638397216797,352.345947265625,90.67642211914062,305.25537109375,64.2425537109375,251.66561889648438,42.9913330078125,0
3559,214.22572326660156,148.57818603515625,493.00006103515625,149.682861328125,423.2269287109375,74.61859130859375,379.6844482421875,89.53732299804688,416.2135925292969,110.79694366455078,405.19256591796875,89.26425170898438,398.66107177734375,98.14763641357422,387.49359130859375,100.89254760742188,355.3351135253906,90.68589782714844,307.2627258300781,63.66806411743164,252.36557006835938,43.00325012207031,0
3560,214.24566650390625,148.78421020507812,493.10107421875,149.79949951171875,425.761474609375,84.75362396240234,380.2318420410156,94.567626953125,413.1781921386719,118.18535614013672,405.2055358886719,92.29072570800781,398.6884765625,101.42634582519531,391.0589904785156,101.76835632324219,359.4371337890625,96.6689453125,308.3365783691406,67.88843536376953,251.1236114501953,43.12733840942383,0
3561,214.25067138671875,148.78477478027344,493.0752868652344,149.83828735351562,425.72845458984375,84.72350311279297,380.3171081542969,94.60809326171875,413.2724304199219,118.22801208496094,405.1937561035156,92.3648452758789,398.6263122558594,101.50127410888672,391.1178283691406,101.6683120727539,359.4469909667969,96.63449096679688,308.3267822265625,67.90153503417969,251.12750244140625,43.12806701660156,0
3562,214.27938842773438,148.7882843017578,493.1694641113281,149.73036193847656,421.2288513183594,85.2267837524414,379.1710205078125,95.18070983886719,412.82794189453125,118.8379898071289,401.79144287109375,94.50861358642578,397.664794921875,102.1532211303711,393.0388488769531,101.302490234375,359.1263122558594,97.14038848876953,308.0300598144531,67.18600463867188,252.23956298828125,43.300697326660156,0
3563,214.2596435546875,148.8192901611328,493.0238342285156,149.99398803710938,421.00225830078125,86.34800720214844,377.0246276855469,95.77051544189453,410.8147888183594,118.66917419433594,401.895751953125,93.22106170654297,395.36444091796875,103.78787231445312,391.0539245605469,102.12220001220703,357.91534423828125,97.69963836669922,306.80224609375,71.07514953613281,250.80734252929688,43.654571533203125,0
3564,214.23052978515625,148.50054931640625,493.05694580078125,149.82022094726562,419.6717529296875,83.04683685302734,377.7929992675781,93.95520782470703,411.15765380859375,118.58575439453125,401.2680358886719,94.05216979980469,395.6429443359375,103.30422973632812,390.5314636230469,100.82048034667969,354.0660095214844,93.5582275390625,305.6536865234375,70.22450256347656,249.70872497558594,43.792171478271484,0
3565,214.5306854248047,148.42889404296875,493.1927795410156,149.9944305419922,422.7372131347656,97.49198913574219,378.2942810058594,95.22297668457031,406.85302734375,119.84828186035156,395.0527038574219,82.40323638916016,397.3096618652344,101.06326293945312,391.4880065917969,101.68470764160156,352.7154846191406,92.62491607666016,302.9461669921875,69.2442398071289,247.3478240966797,43.949195861816406,0
3566,214.53245544433594,148.42884826660156,493.194091796875,149.99424743652344,422.9229736328125,97.40266418457031,378.2408752441406,95.16173553466797,406.8177795410156,119.80943298339844,395.22967529296875,82.42182922363281,397.3736267089844,101.07814025878906,391.5776062011719,101.5822982788086,352.7216796875,92.63473510742188,302.9486999511719,69.24494934082031,247.36917114257812,43.95634078979492,0
3567,214.57568359375,148.68304443359375,493.1914367675781,149.96807861328125,421.08544921875,99.98298645019531,378.69647216796875,98.57022857666016,415.9241943359375,90.3582763671875,397.8094787597656,86.51378631591797,398.15716552734375,100.80198669433594,389.0873107910156,103.87415313720703,351.84259033203125,92.5689468383789,302.362548828125,69.0263900756836,247.33665466308594,44.06312561035156,0
3568,214.52915954589844,148.66477966308594,493.2565612792969,150.0326385498047,422.19195556640625,99.19844055175781,378.3583068847656,98.67516326904297,408.16741943359375,122.6631088256836,399.5799865722656,87.94425201416016,398.17034912109375,102.75533294677734,389.215087890625,104.43064880371094,351.8271179199219,92.98088073730469,302.0933837890625,69.06220245361328,247.13681030273438,43.925392150878906,0
3569,214.5592498779297,148.7454376220703,493.2088928222656,150.19338989257812,422.7274169921875,97.63375854492188,379.2796630859375,97.90747833251953,410.81781005859375,121.67668914794922,399.9117736816406,88.24640655517578,398.7884826660156,102.92839050292969,392.91766357421875,103.08967590332031,351.4347229003906,92.6251449584961,301.9118957519531,69.13697814941406,246.99969482421875,43.96955108642578,0
3570,214.4213104248047,148.6713409423828,493.12567138671875,150.0818634033203,424.0889892578125,98.37455749511719,381.6298828125,97.70194244384766,412.39227294921875,121.01551055908203,401.2532958984375,85.92841339111328,401.2062683105469,97.8619384765625,395.1308898925781,102.62626647949219,350.9039001464844,92.44989776611328,301.7514343261719,69.04146575927734,247.02273559570312,44.012794494628906,0
3571,214.44712829589844,148.6928253173828,493.12744140625,150.077392578125,424.0854797363281,98.35462951660156,381.6274719238281,97.70001983642578,412.43218994140625,121.02120208740234,401.24774169921875,85.91943359375,401.1875305175781,97.86512756347656,395.1134338378906,102.63634490966797,350.9208068847656,92.460693359375,301.8205871582031,69.12185668945312,247.06578063964844,44.002906799316406,0
3572,214.31275939941406,148.63316345214844,493.1743469238281,149.9804229736328,390.67803955078125,56.19837951660156,380.109619140625,99.122314453125,418.1521301269531,89.62264251708984,399.0252990722656,84.82293701171875,399.53851318359375,97.82869720458984,395.6621398925781,104.37433624267578,351.272705078125,92.2730484008789,301.17681884765625,68.85755920410156,246.1665802001953,43.96434020996094,0
3573,214.37628173828125,148.5318145751953,493.2534484863281,150.0169219970703,422.8332214355469,100.90716552734375,380.8702697753906,95.67707824707031,422.82183837890625,87.57652282714844,398.0141296386719,82.69884490966797,401.0500793457031,97.93328857421875,396.85302734375,102.86104583740234,350.6044006347656,92.01173400878906,300.9736633300781,68.98029327392578,246.22207641601562,44.071346282958984,0
3574,214.3928985595703,148.6160888671875,493.2698974609375,149.86453247070312,427.4505615234375,96.63589477539062,381.36505126953125,99.48817443847656,413.0929870605469,123.69391632080078,405.3489990234375,100.4500503540039,398.7697448730469,105.70572662353516,401.55426025390625,97.3115463256836,349.951416015625,91.30379486083984,300.4830017089844,68.73627471923828,246.28573608398438,44.24155807495117,0
3575,214.33792114257812,148.4798583984375,493.3350830078125,150.06358337402344,435.6507873535156,99.69205474853516,385.5271911621094,102.22569274902344,414.02362060546875,126.19210052490234,408.4862976074219,101.86172485351562,401.4466247558594,107.16181182861328,403.7129821777344,94.25959777832031,349.43170166015625,90.94232940673828,299.78094482421875,68.78231048583984,246.22349548339844,44.317623138427734,0
3576,214.33792114257812,148.49635314941406,493.33380126953125,150.0207977294922,435.61474609375,99.6984634399414,385.52777099609375,102.22366333007812,414.01239013671875,126.19214630126953,408.48138427734375,101.86528015136719,401.4448547363281,107.1659164428711,403.7181701660156,94.25467681884766,349.4322509765625,90.94230651855469,299.7906188964844,68.7915267944336,246.2365264892578,44.321807861328125,0
3577,214.20233154296875,148.5941925048828,493.3395690917969,150.14382934570312,437.7462463378906,103.08352661132812,388.0328369140625,102.16260528564453,413.3709716796875,127.09537506103516,410.4259948730469,104.0268325805664,400.3939514160156,106.40879821777344,404.439697265625,95.88854217529297,349.28765869140625,90.85828399658203,299.0639953613281,68.69172668457031,245.22203063964844,43.94516372680664,0
3578,214.20297241210938,148.5485076904297,493.5032958984375,149.91253662109375,438.1498718261719,101.67316436767578,388.3966979980469,102.28804779052734,413.2139892578125,125.34659576416016,411.10797119140625,103.41278076171875,401.5691833496094,107.08158111572266,405.0158386230469,96.4403076171875,348.4594421386719,92.04251098632812,298.3723449707031,69.72955322265625,243.72781372070312,44.30659484863281,0
3579,214.18385314941406,148.5350799560547,493.5032653808594,149.88494873046875,436.5386657714844,98.59033966064453,388.1546936035156,102.92092895507812,414.82196044921875,124.58741760253906,411.2916564941406,102.75662231445312,402.8211669921875,107.57107543945312,405.54156494140625,96.43876647949219,348.0726013183594,91.9914321899414,297.8276062011719,69.02388000488281,242.92886352539062,43.90168762207031,0
3580,214.27426147460938,148.5290985107422,493.3370056152344,149.8784637451172,436.76605224609375,97.93994140625,386.6412048339844,101.73741149902344,414.1171569824219,123.86662292480469,409.91021728515625,102.62596893310547,400.4615783691406,106.7375717163086,402.41357421875,96.31047821044922,342.5478515625,93.36298370361328,292.43927001953125,72.042236328125,237.59719848632812,43.98616027832031,0
3581,214.4921112060547,148.41482543945312,493.2529602050781,149.8144073486328,432.0838623046875,99.14025115966797,383.3562927246094,101.95198822021484,413.45184326171875,123.81295776367188,408.2548828125,100.66169738769531,397.9875793457031,106.58426666259766,403.0125732421875,99.38311767578125,340.92462158203125,96.01657104492188,290.9677429199219,78.74170684814453,242.15846252441406,50.26335906982422,0
3582,214.5137176513672,148.68455505371094,493.3177185058594,149.87686157226562,430.3159484863281,100.29029846191406,382.63720703125,102.13182067871094,413.73309326171875,123.11567687988281,405.63336181640625,100.2525863647461,397.9828796386719,104.8272705078125,400.9786071777344,99.31005859375,335.3196105957031,98.60945892333984,297.0687561035156,90.40858459472656,259.5469665527344,70.81710815429688,0
3583,214.5498809814453,148.7325439453125,493.1821594238281,149.88470458984375,419.43096923828125,104.4029541015625,381.4562072753906,101.22520446777344,403.4789123535156,123.23756408691406,400.7110290527344,101.36703491210938,394.7487487792969,105.72551727294922,398.08953857421875,97.78216552734375,331.7007141113281,102.48117065429688,277.5545654296875,94.52984619140625,221.1609344482422,74.27178955078125,0
3584,214.54534912109375,148.56475830078125,493.1235046386719,149.71267700195312,417.36468505859375,106.21260833740234,378.41259765625,100.33294677734375,404.72784423828125,125.3770980834961,398.03778076171875,101.28031921386719,392.95062255859375,105.88272094726562,392.08172607421875,103.1296615600586,332.406982421875,104.98712921142578,275.8263244628906,98.95368957519531,217.56898498535156,73.20873260498047,0
3585,214.5518341064453,148.5701446533203,493.12518310546875,149.7085723876953,417.457275390625,106.09513854980469,378.41314697265625,100.32001495361328,404.7331237792969,125.4023666381836,398.001953125,101.28488159179688,392.8903503417969,105.90826416015625,392.0775146484375,103.14897918701172,332.40570068359375,104.97919464111328,275.82330322265625,98.92171478271484,217.48297119140625,73.15940856933594,0
3586,214.08807373046875,148.3251495361328,493.0656433105469,149.78952026367188,423.00140380859375,87.6730728149414,375.61541748046875,94.7550277709961,397.3053283691406,124.06974792480469,395.0787048339844,99.79618835449219,382.71417236328125,108.8625259399414,358.8576354980469,108.89298248291016,318.4894714355469,110.51400756835938,267.4663391113281,115.45285034179688,219.6724395751953,96.55738067626953,0
3587,214.12652587890625,148.05621337890625,493.1288757324219,149.8271942138672,424.92230224609375,79.55117797851562,377.1112060546875,84.9372329711914,390.8354797363281,117.22885131835938,393.2947082519531,92.98937225341797,378.2745361328125,102.29206085205078,348.3002014160156,103.92083740234375,309.4335021972656,111.01600646972656,259.6847839355469,110.3978271484375,188.85643005371094,93.25479888916016,0
3588,214.11224365234375,147.967529296875,493.0609130859375,149.8719940185547,423.6213073730469,80.72704315185547,378.02862548828125,81.81685638427734,388.0574645996094,114.93821716308594,392.62872314453125,90.53153991699219,376.49249267578125,99.17438507080078,346.7821044921875,104.19969940185547,307.0439453125,113.04231262207031,255.67037963867188,111.98130798339844,189.02256774902344,92.67902374267578,0
3589,214.0098114013672,148.20753479003906,492.8892517089844,149.8323516845703,419.87286376953125,85.17383575439453,377.7819519042969,74.78272247314453,382.4430236816406,108.63282012939453,389.7742614746094,87.80184173583984,374.0932312011719,90.90445709228516,338.95635986328125,95.06019592285156,295.7844543457031,108.24531555175781,243.53085327148438,108.18753051757812,183.51646423339844,92.1946792602539,0
3590,214.1598358154297,148.53594970703125,492.90673828125,149.7734375,417.4676513671875,88.14761352539062,376.758056640625,76.52864837646484,379.8905029296875,109.4331283569336,388.23675537109375,89.2955093383789,372.4474182128906,92.2652587890625,335.6632385253906,96.06468200683594,292.04541015625,103.19962310791016,238.4356231689453,101.40519714355469,179.9539031982422,84.10745239257812,0
3591,214.0967254638672,148.57925415039062,492.91583251953125,149.78506469726562,417.28851318359375,88.19799041748047,376.72857666015625,76.55925750732422,379.8957824707031,109.40733337402344,388.22540283203125,89.30086517333984,372.3979187011719,92.23501586914062,335.6614074707031,96.0592041015625,291.9399719238281,103.22999572753906,238.35641479492188,101.41936492919922,179.98187255859375,84.07967376708984,0
3592,214.20835876464844,148.7810821533203,492.96673583984375,149.69485473632812,409.16119384765625,112.79900360107422,379.51690673828125,92.75794219970703,374.7059326171875,123.83598327636719,385.2074279785156,107.03076934814453,371.6273193359375,106.00108337402344,332.91180419921875,97.2016830444336,288.8486328125,98.78065490722656,232.29205322265625,93.30052947998047,171.60597229003906,74.75630950927734,0
3593,214.1035614013672,148.47039794921875,493.01031494140625,149.72125244140625,407.4526062011719,130.14990234375,385.43450927734375,106.36343383789062,374.55755615234375,136.9236602783203,387.8370056152344,121.21041870117188,375.11773681640625,117.56771850585938,334.2950744628906,101.14639282226562,287.6937561035156,93.1980972290039,232.1292266845703,83.93791961669922,174.7530517578125,72.64754486083984,0
3594,214.44078063964844,148.6007537841797,493.0458068847656,149.7294464111328,400.6098327636719,144.492431640625,388.0749816894531,119.87035369873047,372.3704528808594,147.24501037597656,385.7673034667969,134.59446716308594,375.7315673828125,128.2885284423828,335.5801086425781,104.71265411376953,288.5743103027344,86.06546020507812,236.1423797607422,70.01432800292969,183.28652954101562,52.56766891479492,0
3595,214.4391632080078,148.60072326660156,493.03814697265625,149.73406982421875,400.5901184082031,144.45201110839844,388.01007080078125,119.67259216308594,372.3426513671875,147.25425720214844,385.6848449707031,134.42625427246094,375.7238464355469,128.0868682861328,336.2408447265625,104.44739532470703,288.5786437988281,86.03985595703125,236.12904357910156,70.00580596923828,183.24781799316406,52.54441833496094,0
3596,214.4922637939453,148.48338317871094,492.95892333984375,149.7709197998047,392.3584899902344,153.81564331054688,389.5961608886719,129.33876037597656,369.08502197265625,152.66317749023438,383.1833801269531,142.2754669189453,375.530029296875,134.7008514404297,337.3318786621094,106.10597229003906,289.7407531738281,84.94451141357422,238.05886840820312,66.49022674560547,185.95053100585938,52.37837600708008,0
3597,214.44607543945312,148.40846252441406,492.9861145019531,149.78895568847656,392.4068298339844,173.3626708984375,389.3289489746094,151.14732360839844,366.77191162109375,170.19577026367188,382.7793273925781,162.1596221923828,375.64044189453125,154.83953857421875,343.2331848144531,115.38992309570312,294.48602294921875,84.92193603515625,241.46144104003906,63.402557373046875,188.0995330810547,49.822242736816406,0
3598,214.49639892578125,148.33604431152344,493.0345458984375,149.82766723632812,392.3223571777344,184.73617553710938,390.90185546875,162.13296508789062,366.7186279296875,179.37664794921875,383.0107116699219,172.06480407714844,377.19287109375,164.07247924804688,347.7244873046875,120.67729949951172,299.35296630859375,87.33816528320312,247.33364868164062,65.18678283691406,189.80763244628906,50.51064682006836,0
3599,214.5731964111328,148.38404846191406,493.0416564941406,149.86268615722656,402.5746765136719,210.2730255126953,397.9956359863281,186.1202392578125,374.51177978515625,205.10995483398438,391.53973388671875,198.3484344482422,383.8841552734375,188.57826232910156,354.9203186035156,135.37718200683594,315.5667724609375,91.34703826904297,264.4919128417969,63.502784729003906,210.57537841796875,47.97407913208008,0
3600,214.5892791748047,148.32969665527344,493.0146789550781,149.90496826171875,402.63323974609375,210.245361328125,397.9595642089844,186.17799377441406,374.6390686035156,205.2060089111328,391.5710144042969,198.38536071777344,383.894775390625,188.63214111328125,354.8172302246094,135.3106689453125,315.572509765625,91.33052825927734,264.4851989746094,63.523521423339844,210.5908203125,47.97057342529297,0
3601,214.611572265625,148.2215576171875,493.1288146972656,150.04722595214844,406.46807861328125,220.3873291015625,404.09027099609375,198.0642852783203,380.9056701660156,216.44754028320312,396.42144775390625,207.70706176757812,390.51318359375,199.2594451904297,360.7936096191406,148.7684326171875,322.349365234375,99.70689392089844,274.146484375,69.77847290039062,218.90211486816406,51.82114791870117,0
3602,214.36509704589844,148.2902069091797,493.2451171875,150.1000518798828,428.235595703125,246.50621032714844,421.91650390625,223.29046630859375,398.6327819824219,242.82272338867188,415.0708312988281,232.1762237548828,408.4747314453125,225.29989624023438,375.57861328125,172.59246826171875,342.3423156738281,120.17556762695312,304.34423828125,83.09097290039062,257.6798095703125,62.64683532714844,0
3603,214.4980926513672,148.580322265625,493.07476806640625,150.0199737548828,436.86322021484375,260.52703857421875,431.9939270019531,235.88140869140625,408.4272155761719,254.9072265625,424.5916442871094,247.314453125,417.41412353515625,238.14138793945312,387.4606628417969,188.64935302734375,353.4789733886719,134.065185546875,321.98260498046875,91.5382308959961,280.8439025878906,67.22537994384766,0
3604,214.5345001220703,148.33396911621094,493.2872009277344,149.98297119140625,452.2162170410156,292.76593017578125,447.0980224609375,264.8627014160156,422.3703918457031,284.2028503417969,439.8396911621094,277.2795104980469,432.21112060546875,267.50750732421875,405.15155029296875,217.798583984375,370.5472106933594,162.15139770507812,345.1190490722656,114.52766418457031,309.0551452636719,83.074462890625,0
3605,214.5109100341797,148.3844451904297,493.3638000488281,149.9882354736328,456.027099609375,305.05487060546875,453.8238525390625,280.33087158203125,429.1652526855469,296.3537292480469,445.4273986816406,290.6231384277344,439.2980651855469,281.9982604980469,411.12835693359375,232.2554473876953,369.96087646484375,179.99685668945312,350.63433837890625,147.20237731933594,332.0657653808594,117.02546691894531,0
3606,214.53341674804688,148.3602294921875,493.349853515625,150.02061462402344,456.0133361816406,305.0980224609375,453.8601989746094,280.3100280761719,429.1663818359375,296.2802734375,445.4364929199219,290.5897521972656,439.2974548339844,281.90545654296875,411.1527404785156,232.36085510253906,369.9225158691406,179.97369384765625,350.5120544433594,147.12213134765625,331.2369384765625,117.0414047241211,0
3607,214.25469970703125,148.5399169921875,493.2605285644531,149.78211975097656,462.1687927246094,316.2906494140625,463.02349853515625,293.6266174316406,436.4932861328125,309.1009216308594,454.77099609375,303.7321472167969,447.7655029296875,295.40203857421875,413.0307922363281,244.78721618652344,372.5743713378906,203.7940216064453,349.4234313964844,172.56314086914062,329.7185363769531,145.1171112060547,0
3608,214.37939453125,148.69239807128906,493.0928955078125,149.71560668945312,488.9203796386719,344.1785888671875,484.77264404296875,320.91815185546875,462.56927490234375,339.6528015136719,476.8309326171875,329.1737060546875,470.6132507324219,322.9320068359375,433.32769775390625,279.0458679199219,385.7350158691406,234.76174926757812,353.6715393066406,210.5070037841797,325.31146240234375,192.01296997070312,0
3609,214.26565551757812,148.7711639404297,493.1520690917969,149.61856079101562,511.04058837890625,376.0511169433594,507.98345947265625,351.5505676269531,483.92193603515625,368.3134765625,499.6779479980469,360.2198791503906,492.4644470214844,351.79571533203125,457.78558349609375,306.3787841796875,417.4570617675781,259.99346923828125,385.92340087890625,232.03062438964844,353.1475830078125,213.17999267578125,0
3610,214.29446411132812,148.8544464111328,493.1313171386719,149.77767944335938,517.0941162109375,391.4885559082031,517.9157104492188,366.02685546875,493.0058898925781,379.97125244140625,508.2762451171875,376.21270751953125,503.0325622558594,367.5085754394531,469.5594787597656,317.8730773925781,422.00445556640625,272.93841552734375,391.00775146484375,236.40223693847656,357.9285888671875,201.64404296875,0
3611,214.35426330566406,148.8188934326172,493.0847473144531,149.7369384765625,517.1875610351562,391.4705505371094,517.8928833007812,365.96575927734375,493.08892822265625,380.0775451660156,508.3775939941406,376.27325439453125,503.1103515625,367.6847229003906,469.6175842285156,318.0343933105469,422.0085754394531,272.9286804199219,391.0045471191406,236.34384155273438,357.9429931640625,201.76229858398438,0
3612,214.36387634277344,148.8448944091797,493.0563049316406,149.69671630859375,524.2359619140625,400.57196044921875,526.7631225585938,377.0502014160156,499.7940673828125,389.3114013671875,517.0665893554688,386.8460998535156,510.3771057128906,377.2862854003906,474.1929931640625,326.9886169433594,427.60400390625,286.6117248535156,400.6416320800781,255.6159210205078,376.9021301269531,232.03919982910156,0
3613,214.3885498046875,148.8070068359375,492.9284973144531,149.74586486816406,534.929443359375,414.7679748535156,540.4051513671875,389.0611877441406,513.69873046875,404.78021240234375,530.68798828125,400.2493591308594,523.8114013671875,390.6549377441406,486.58099365234375,344.175537109375,438.22943115234375,304.93316650390625,411.7511901855469,282.88372802734375,386.4078674316406,265.21588134765625,0
3614,214.2371368408203,148.59036254882812,492.9805908203125,149.88136291503906,544.3150634765625,420.1446533203125,544.2066040039062,391.6451416015625,520.14208984375,410.7050476074219,536.9951782226562,405.5227966308594,528.30029296875,394.0553894042969,489.2597961425781,346.7950134277344,445.0628356933594,305.8662109375,418.8451843261719,279.3943786621094,393.83978271484375,261.67132568359375,0
3615,214.2284698486328,148.5898895263672,493.04150390625,149.82272338867188,544.3128051757812,420.14837646484375,544.2073974609375,391.6357421875,520.1461791992188,410.70660400390625,536.99462890625,405.5220642089844,528.3006591796875,394.0612487792969,489.2920227050781,346.7826843261719,445.0619812011719,305.8672790527344,418.8368225097656,279.3873596191406,393.7803649902344,261.635498046875,0
3616,214.2617950439453,148.65614318847656,493.0594482421875,149.67942810058594,550.0626220703125,423.794677734375,552.4376831054688,395.2901611328125,525.4922485351562,411.85540771484375,542.238525390625,408.30108642578125,537.2763061523438,398.24560546875,497.9057922363281,352.290283203125,452.6112365722656,308.5578918457031,430.97711181640625,278.70654296875,408.0078430175781,258.1742248535156,0
3617,214.29910278320312,148.4876251220703,492.8388977050781,149.90765380859375,570.5697021484375,427.1156311035156,565.6741943359375,393.7910461425781,544.2660522460938,415.04437255859375,558.3983764648438,407.4003601074219,551.975830078125,398.9829406738281,511.341552734375,355.9840087890625,468.829833984375,314.8455810546875,443.8095703125,272.4644470214844,412.206298828125,236.427001953125,0
3618,214.3536834716797,148.5045166015625,492.93048095703125,149.54733276367188,574.70068359375,435.1347351074219,572.138671875,398.3549499511719,548.5291137695312,416.41510009765625,564.9774169921875,413.8119201660156,556.2789916992188,401.7242126464844,515.5156860351562,361.0570983886719,469.60113525390625,323.22637939453125,446.17535400390625,284.81781005859375,425.7967529296875,254.40689086914062,0
3619,214.4326629638672,148.4499053955078,492.9166259765625,149.55946350097656,581.0491943359375,449.2164001464844,580.890869140625,404.246337890625,556.151611328125,421.8419189453125,571.9376220703125,421.4858093261719,565.1920776367188,408.74078369140625,522.94384765625,368.9769287109375,471.7996520996094,340.6838073730469,442.59429931640625,303.4954833984375,409.26263427734375,272.7153625488281,0
3620,214.48410034179688,148.44972229003906,492.93109130859375,149.52577209472656,581.0401611328125,449.2099914550781,580.93212890625,404.2818603515625,556.1702880859375,421.8623352050781,571.9620361328125,421.5267333984375,565.2469482421875,408.810546875,523.2876586914062,368.94512939453125,471.88433837890625,340.6917724609375,442.6199035644531,303.5449523925781,409.23486328125,272.7077941894531,0
3621,214.47488403320312,148.45901489257812,492.87835693359375,149.65045166015625,584.5220947265625,451.5783996582031,583.3563842773438,407.164306640625,557.3384399414062,425.7938232421875,574.2662353515625,422.9573669433594,566.7599487304688,410.6169738769531,522.3927612304688,373.4281921386719,471.3765869140625,348.2245178222656,442.2700500488281,318.5975036621094,414.45404052734375,284.1961669921875,0
3622,214.46348571777344,148.44630432128906,492.9922180175781,149.58734130859375,598.8475341796875,442.3297119140625,581.8687133789062,400.8028869628906,559.8187255859375,427.3170471191406,578.3955688476562,419.42138671875,567.4317626953125,410.3952941894531,519.4146728515625,377.1272888183594,470.37567138671875,351.64666748046875,437.857421875,318.866943359375,400.5564880371094,282.4234619140625,0
3623,214.5473175048828,148.43649291992188,492.94427490234375,149.399658203125,600.4312133789062,440.8939208984375,580.3928833007812,398.7216796875,560.3609008789062,426.9859313964844,579.2066650390625,417.8578186035156,566.589599609375,409.0602722167969,517.2462768554688,377.67620849609375,471.2232971191406,352.5101318359375,441.3838806152344,320.3685302734375,409.494873046875,284.88580322265625,0
3624,214.50218200683594,148.48324584960938,492.859375,149.3985595703125,603.1070556640625,428.96923828125,575.9486083984375,389.455810546875,559.3505249023438,420.5050964355469,576.2098388671875,408.24578857421875,562.36767578125,401.2126159667969,516.9550170898438,375.13934326171875,470.4378967285156,350.2000427246094,445.5464172363281,317.9313049316406,428.51983642578125,282.1850280761719,0
3625,214.50750732421875,148.4786376953125,492.90557861328125,149.47430419921875,603.1106567382812,428.9809265136719,576.1709594726562,389.82635498046875,559.3759765625,420.5908203125,576.3303833007812,408.3612365722656,562.7177124023438,401.2183532714844,517.8570556640625,375.3907775878906,470.3330078125,350.19232177734375,445.5635986328125,317.89910888671875,428.5211181640625,282.1719970703125,0
3626,214.51231384277344,148.4415740966797,492.994140625,149.35308837890625,599.9898681640625,424.0752868652344,574.5418090820312,382.096923828125,555.3741455078125,412.4458312988281,573.4426879882812,400.90673828125,560.2412109375,393.50341796875,516.1355590820312,371.1614990234375,467.8610534667969,349.1484069824219,445.5787658691406,312.63775634765625,431.86627197265625,272.6710510253906,0
3627,214.61073303222656,148.49655151367188,492.9766540527344,149.46835327148438,591.9329833984375,412.9923400878906,566.2927856445312,368.9874267578125,548.1610107421875,399.9977722167969,564.86376953125,390.5216064453125,551.6232299804688,382.29193115234375,506.67547607421875,367.291748046875,459.56988525390625,351.0950622558594,436.2961120605469,312.7224426269531,416.1833190917969,262.39300537109375,0
3628,214.42019653320312,148.5807647705078,492.9703674316406,149.51846313476562,586.882568359375,408.5294189453125,559.3923950195312,366.3827209472656,543.6898803710938,397.0971984863281,559.956787109375,386.4565124511719,546.6513061523438,377.0991516113281,503.3700256347656,364.4422607421875,457.0379638671875,350.82421875,432.8925476074219,317.0157470703125,419.4747619628906,267.5653076171875,0
3629,214.4630889892578,148.5492706298828,492.9440612792969,149.52049255371094,583.2081298828125,391.4178771972656,546.2367553710938,361.5205993652344,538.5924682617188,397.36737060546875,552.109130859375,378.9931945800781,538.2232055664062,377.86322021484375,497.3885498046875,365.80511474609375,453.7961120605469,351.9709167480469,427.0375671386719,318.352294921875,425.06329345703125,262.9028015136719,0
3630,214.45216369628906,148.5472869873047,492.9618225097656,149.5251922607422,583.1956176757812,391.395751953125,546.2325439453125,361.5247802734375,538.5726318359375,397.3458251953125,552.0885620117188,378.9847412109375,538.1724853515625,377.8841552734375,497.3828430175781,365.79119873046875,453.7959899902344,351.9667053222656,427.0484924316406,318.3489685058594,425.0385437011719,262.9150085449219,0
3631,214.24818420410156,148.56997680664062,492.995361328125,149.53416442871094,583.268310546875,383.32708740234375,541.4917602539062,356.23382568359375,536.1940307617188,394.1394958496094,550.3934936523438,376.2737731933594,535.0765991210938,375.01763916015625,496.25494384765625,365.3566589355469,454.1274108886719,351.77777099609375,423.3305358886719,321.79205322265625,419.4973449707031,267.5459899902344,0
3632,214.15586853027344,148.6837615966797,493.1034851074219,149.72799682617188,580.4058227539062,376.2310791015625,538.4854125976562,351.31884765625,535.236328125,388.99267578125,547.4822387695312,370.2158508300781,531.39208984375,369.94317626953125,494.9914245605469,361.60107421875,454.7039489746094,352.6435546875,418.24334716796875,323.9964599609375,421.26239013671875,265.5707092285156,0
3633,214.2071075439453,148.74188232421875,493.1219482421875,149.71426391601562,581.0587158203125,376.87298583984375,537.9502563476562,351.7505798339844,535.009033203125,389.12957763671875,547.0523071289062,370.322509765625,530.7692260742188,370.18731689453125,494.68896484375,361.8689270019531,454.7244567871094,353.0083312988281,418.5423583984375,325.1733093261719,424.02880859375,272.0033874511719,0
3634,214.27865600585938,148.66552734375,493.23577880859375,149.6779327392578,577.8502807617188,379.4051208496094,537.4204711914062,353.2381591796875,533.0903930664062,390.714599609375,544.8490600585938,372.3666076660156,529.3992919921875,371.498779296875,493.9289855957031,363.3821105957031,454.815673828125,353.3669738769531,416.7426452636719,320.8974914550781,435.5902404785156,268.7451477050781,0
3635,214.2803955078125,148.66615295410156,493.2228088378906,149.46742248535156,577.8546752929688,379.40478515625,537.4212646484375,353.2381286621094,533.0946044921875,390.7082214355469,544.8496704101562,372.3631591796875,529.4017333984375,371.4978942871094,493.9339294433594,363.3846435546875,454.8153991699219,353.3666687011719,416.734375,320.8257141113281,435.634521484375,268.753662109375,0
3636,214.38377380371094,148.59376525878906,493.26910400390625,149.6414794921875,577.1172485351562,381.5769348144531,537.1765747070312,354.4471435546875,532.2361450195312,392.8951110839844,543.9306640625,374.15045166015625,529.1602172851562,372.86126708984375,493.20208740234375,363.72589111328125,454.8649597167969,353.55828857421875,415.5005187988281,321.8084411621094,435.2496643066406,270.65625,0
3637,214.36764526367188,148.4430389404297,493.3243713378906,149.52096557617188,578.3076782226562,380.4442443847656,536.9305419921875,355.0301818847656,533.2764892578125,393.1864929199219,544.8901977539062,374.1983337402344,529.713623046875,373.5936584472656,493.5916442871094,364.7489318847656,454.9691467285156,354.1711730957031,415.38262939453125,325.48077392578125,433.3416442871094,278.1143798828125,0
3638,214.45111083984375,148.48968505859375,493.4107666015625,149.6868133544922,577.7979125976562,381.1286926269531,536.9603881835938,355.1593933105469,532.7830200195312,391.2293701171875,544.8676147460938,374.29541015625,529.9341430664062,373.06915283203125,493.7607116699219,365.4097595214844,453.9326477050781,354.202880859375,415.20611572265625,329.69158935546875,428.3876037597656,283.3116760253906,0
3639,214.33702087402344,148.70626831054688,493.2748107910156,149.7150421142578,578.0184326171875,379.0315246582031,536.8934326171875,355.85577392578125,533.8583984375,393.1669616699219,545.0470581054688,374.541259765625,529.9859619140625,374.1444396972656,493.2850341796875,366.5881042480469,454.27783203125,354.6523742675781,414.4933166503906,331.31634521484375,434.1274108886719,283.7814025878906,0
3640,214.33035278320312,148.664794921875,493.2619934082031,149.72792053222656,578.0178833007812,379.0174560546875,536.8446655273438,355.8674011230469,533.8817138671875,393.19482421875,545.0497436523438,374.56304931640625,529.9969482421875,374.1501159667969,493.245361328125,366.6722106933594,454.2657470703125,354.64154052734375,414.4413146972656,331.2166442871094,434.044921875,283.7712707519531,0
3641,214.336181640625,148.71583557128906,493.2060546875,149.57347106933594,578.5914916992188,377.9225769042969,536.0869750976562,355.468017578125,533.7180786132812,392.5046081542969,545.2752685546875,374.0527648925781,529.8253784179688,373.6018981933594,492.81451416015625,367.0206604003906,453.9734191894531,354.2023620605469,413.641845703125,331.0321044921875,432.9466552734375,284.5060119628906,0
3642,214.29681396484375,148.62306213378906,493.18292236328125,149.51512145996094,575.0167236328125,376.9508361816406,532.952392578125,353.7434997558594,531.4849853515625,391.69195556640625,542.2828369140625,372.3092346191406,527.07958984375,372.8870849609375,491.0934753417969,367.4638366699219,454.11895751953125,356.1152038574219,413.5273742675781,342.6771545410156,404.3997497558594,293.9315185546875,0
3643,214.34471130371094,148.71014404296875,493.20391845703125,149.4438018798828,574.877685546875,378.1817321777344,532.9762573242188,353.8032531738281,530.9567260742188,391.8466796875,542.0369873046875,372.5763854980469,527.0525512695312,372.9776306152344,491.2333984375,367.3586120605469,454.37738037109375,355.8681640625,410.29986572265625,342.9554748535156,383.10211181640625,299.8025207519531,0
3644,214.43377685546875,148.6079559326172,493.3155212402344,149.48532104492188,575.7001342773438,381.772216796875,533.98095703125,355.8746643066406,531.6304931640625,393.74365234375,542.1664428710938,374.5773620605469,527.6570434570312,374.39599609375,490.4999084472656,367.5760803222656,453.2316589355469,353.84259033203125,408.47613525390625,338.8044738769531,367.78375244140625,307.72601318359375,0
3645,214.4347686767578,148.6080780029297,493.3150634765625,149.48573303222656,575.7008666992188,381.77130126953125,533.981201171875,355.8745422363281,531.6316528320312,393.7425842285156,542.1666259765625,374.5782775878906,527.6597900390625,374.3967590332031,490.501708984375,367.57305908203125,453.2300720214844,353.8426818847656,408.4756774902344,338.80413818359375,367.7808532714844,307.7214660644531,0
3646,214.46791076660156,148.62181091308594,493.2198791503906,149.5090789794922,575.247802734375,382.4234619140625,533.2522583007812,355.8931579589844,530.2805786132812,394.33270263671875,541.4920043945312,375.0201416015625,526.9226684570312,374.5914306640625,489.9950866699219,367.3089904785156,453.3558349609375,352.7574157714844,405.4020080566406,334.75323486328125,361.3264465332031,304.7431640625,0
3647,214.38739013671875,148.68197631835938,493.3448791503906,149.41146850585938,574.834228515625,386.63189697265625,534.4736938476562,356.521240234375,528.3193969726562,394.8999328613281,541.5628662109375,376.2325134277344,527.3809204101562,374.9738464355469,490.12213134765625,366.7091979980469,453.55279541015625,352.6473083496094,399.5699157714844,332.41558837890625,349.5926513671875,298.3824768066406,0
3648,214.1907196044922,148.66978454589844,493.24462890625,149.40045166015625,573.0656127929688,392.1069030761719,535.0313110351562,357.3006896972656,524.4627075195312,395.2597351074219,539.92919921875,377.970703125,526.1231689453125,375.42230224609375,490.44293212890625,365.726806640625,454.572021484375,352.7997131347656,399.3460693359375,332.04669189453125,346.79718017578125,299.53240966796875,0
3649,214.23866271972656,148.54336547851562,493.207763671875,149.48255920410156,568.1026611328125,399.0711364746094,532.7828369140625,359.96368408203125,520.81201171875,396.1174011230469,537.8609619140625,381.2625732421875,524.7517700195312,377.7341613769531,490.2742004394531,365.1983947753906,454.6522216796875,352.2633056640625,397.9844970703125,329.3210754394531,343.4392395019531,295.570068359375,0
3650,214.25018310546875,148.5123748779297,493.1999816894531,149.48773193359375,568.1025390625,399.0721740722656,532.7799072265625,359.9671936035156,520.8118896484375,396.1166687011719,537.860595703125,381.2615051269531,524.7501220703125,377.73406982421875,490.2734375,365.1982116699219,454.65557861328125,352.2613830566406,398.0331115722656,329.3301696777344,343.4291687011719,295.5787353515625,0
3651,214.25457763671875,148.56907653808594,493.2216491699219,149.5031280517578,568.0955810546875,399.0642395019531,530.6632080078125,359.89501953125,519.8831787109375,396.19061279296875,536.953857421875,381.40234375,523.8817138671875,376.6470031738281,489.83782958984375,365.35809326171875,454.6524658203125,352.1363220214844,398.25469970703125,329.04791259765625,342.537841796875,294.76556396484375,0
3652,214.2751922607422,148.54495239257812,493.23992919921875,149.59185791015625,567.3497314453125,400.21136474609375,531.9646606445312,361.3299255371094,519.6378784179688,397.18951416015625,536.5874633789062,383.8116149902344,523.3786010742188,378.0715637207031,489.9280090332031,365.6938781738281,454.3188781738281,351.70166015625,400.09124755859375,329.1101989746094,343.597900390625,294.8954162597656,0
3653,214.29864501953125,148.56117248535156,493.3536682128906,149.641845703125,566.5105590820312,400.31097412109375,531.646728515625,361.96575927734375,518.3494262695312,398.445068359375,536.065185546875,384.7677307128906,522.3707885742188,379.1290588378906,490.2915344238281,365.953369140625,454.7146301269531,351.7250671386719,401.15484619140625,327.5821838378906,343.5635681152344,293.149658203125,0
3654,214.23193359375,148.57888793945312,493.40631103515625,149.6032257080078,562.964111328125,401.7669372558594,529.4547729492188,362.94915771484375,515.779052734375,398.9022521972656,533.0280151367188,385.46636962890625,519.5223388671875,379.3704528808594,490.12957763671875,365.9764404296875,454.8729248046875,351.5958251953125,401.4914245605469,327.50994873046875,343.2349548339844,292.8397216796875,0
3655,214.21722412109375,148.58016967773438,493.3736572265625,149.60073852539062,562.9349975585938,401.6975402832031,529.4971923828125,362.9311828613281,515.8525390625,398.7906494140625,533.0567016601562,385.4541320800781,519.5319213867188,379.3627014160156,490.1100769042969,365.9939880371094,454.8662109375,351.60198974609375,401.24005126953125,327.4513854980469,342.9964904785156,292.555908203125,0
3656,214.27989196777344,148.62425231933594,493.3743591308594,149.55126953125,561.5940551757812,401.8632507324219,528.8623046875,362.9404602050781,516.1406860351562,399.4849853515625,532.6754150390625,385.3270263671875,519.2653198242188,379.5587463378906,489.3635559082031,366.1809997558594,454.8227233886719,351.52935791015625,401.54400634765625,327.54443359375,344.4227600097656,294.02032470703125,0
3657,214.38917541503906,148.72967529296875,493.27752685546875,149.67239379882812,564.925537109375,401.3196716308594,529.89697265625,363.7804870605469,517.5455322265625,399.98687744140625,535.3359985351562,385.83795166015625,520.3638305664062,380.6380920410156,489.700927734375,366.5780334472656,454.92047119140625,351.35760498046875,402.0021667480469,326.75750732421875,343.98480224609375,293.0192565917969,0
3658,214.282958984375,148.67918395996094,493.3141174316406,149.53684997558594,565.123046875,401.2229919433594,529.6080322265625,364.2638244628906,516.7824096679688,401.3310241699219,534.984130859375,386.6083984375,519.6962280273438,381.5404357910156,489.55615234375,366.5428771972656,455.1805114746094,351.0572509765625,403.32159423828125,325.64739990234375,345.02044677734375,291.896728515625,0
3659,214.4246368408203,148.64463806152344,493.3581237792969,149.68617248535156,561.1834716796875,401.4686584472656,528.4149169921875,363.3936767578125,515.3692626953125,401.10980224609375,532.420166015625,386.5570373535156,519.562744140625,382.10772705078125,489.3916931152344,366.5366516113281,456.0513000488281,351.21197509765625,403.5521240234375,325.68902587890625,344.5892333984375,290.64044189453125,0
3660,214.4484100341797,148.6094512939453,493.3720397949219,149.58212280273438,559.8694458007812,400.54656982421875,527.27294921875,362.5855712890625,514.7672729492188,401.37548828125,531.9698486328125,386.3873596191406,519.1373291015625,382.1835021972656,488.9975891113281,366.3194274902344,456.3436279296875,351.3298645019531,403.9229431152344,325.9484558105469,344.6393127441406,292.4400329589844,0
3661,214.47682189941406,148.80995178222656,493.3580322265625,149.56280517578125,559.7684936523438,400.8768005371094,527.33251953125,362.5641174316406,514.6757202148438,401.4715881347656,531.9525756835938,386.47589111328125,519.13671875,382.355224609375,488.7555236816406,366.6732177734375,456.3475341796875,351.1910400390625,403.7984924316406,325.87738037109375,343.99530029296875,291.8585510253906,0
3662,214.44961547851562,148.77334594726562,493.36968994140625,149.5491943359375,564.0292358398438,401.2345886230469,527.5675659179688,363.4609375,515.9363403320312,401.57666015625,532.8409423828125,386.854248046875,520.1989135742188,382.8916320800781,488.66351318359375,365.96990966796875,456.3756103515625,351.2105407714844,403.83935546875,325.90008544921875,344.4117431640625,291.8015441894531,0
3663,214.42860412597656,148.78897094726562,493.3633117675781,149.57664489746094,564.0138549804688,401.2210998535156,527.5599975585938,363.4806213378906,516.0346069335938,401.57745361328125,532.8748168945312,386.822265625,520.2056274414062,382.96478271484375,488.70556640625,366.0166015625,456.45123291015625,351.2348327636719,403.75537109375,325.8111267089844,344.21868896484375,291.8123779296875,0
3664,214.35028076171875,148.75784301757812,493.45269775390625,149.60446166992188,565.5609741210938,401.6290588378906,527.92822265625,363.9919738769531,515.93359375,401.8019714355469,533.5677490234375,386.7376708984375,520.46435546875,382.86236572265625,489.1920471191406,366.6512451171875,456.4245910644531,351.3043518066406,403.8360290527344,325.7173156738281,344.1611022949219,291.63128662109375,0
3665,214.3462371826172,148.77626037597656,493.4293518066406,149.61907958984375,565.5617065429688,401.620849609375,527.9292602539062,364.01483154296875,515.9384765625,401.794677734375,533.5755615234375,386.7513732910156,520.4866943359375,382.8707275390625,489.1798095703125,366.7613830566406,456.2975158691406,351.32513427734375,403.73333740234375,325.61846923828125,344.1512756347656,291.6274108886719,0
3666,214.42166137695312,148.62376403808594,493.2881774902344,149.51101684570312,563.6895141601562,400.976318359375,527.7984008789062,363.22576904296875,516.0961303710938,402.2486572265625,533.0208740234375,386.8135986328125,520.4114990234375,383.2592468261719,488.998779296875,366.0657958984375,456.4630432128906,351.3533020019531,403.74420166015625,325.749755859375,344.0821228027344,291.64666748046875,0
3667,214.36581420898438,148.80189514160156,493.3957214355469,149.61770629882812,559.7133178710938,401.4232482910156,526.948974609375,362.98565673828125,515.092041015625,402.5028991699219,531.848876953125,386.5728759765625,519.4872436523438,383.2952880859375,489.8805847167969,366.9571228027344,456.4053039550781,351.296630859375,404.02239990234375,325.7622985839844,344.27532958984375,291.7257385253906,0
3668,214.37057495117188,148.750244140625,493.4414367675781,149.5909423828125,563.7197875976562,399.7071533203125,527.5133666992188,363.1621398925781,515.6930541992188,402.25079345703125,532.948974609375,386.503662109375,520.1968994140625,383.0638732910156,489.8269958496094,366.67816162109375,456.4450378417969,351.3261413574219,404.1937255859375,325.77734375,343.9937438964844,291.2987060546875,0
3669,214.29747009277344,148.8981475830078,493.4590148925781,149.5492706298828,565.2096557617188,399.2475891113281,527.37158203125,363.1279602050781,516.456787109375,402.2247009277344,534.1201782226562,385.19976806640625,519.5469360351562,381.6423034667969,490.45556640625,366.6455993652344,456.90521240234375,351.3088684082031,404.1542663574219,325.7336730957031,344.1994323730469,291.36724853515625,0
3670,214.29861450195312,148.8997039794922,493.4134521484375,149.60360717773438,565.2581176757812,399.3030700683594,528.4160766601562,362.9475402832031,516.3970947265625,402.2586669921875,534.1047973632812,385.1927185058594,519.3665771484375,381.68389892578125,490.23974609375,366.7503356933594,456.9080810546875,351.3108215332031,404.1446228027344,325.7333068847656,344.2344665527344,291.3694763183594,0
3671,214.32151794433594,148.81451416015625,493.42559814453125,149.5670166015625,563.493408203125,393.4583740234375,525.041015625,361.8465576171875,517.5533447265625,402.67218017578125,532.3568115234375,384.1217041015625,519.6327514648438,382.59033203125,489.37762451171875,366.2377624511719,456.8961181640625,351.4838562011719,404.2848815917969,325.7607727050781,344.50811767578125,291.56719970703125,0
3672,214.50730895996094,148.71322631835938,493.35076904296875,149.67189025878906,561.3368530273438,383.20013427734375,521.2314453125,360.4877014160156,520.1170654296875,403.0277099609375,530.4600830078125,382.8909606933594,518.229736328125,382.53314208984375,488.8458251953125,367.7701721191406,457.81292724609375,351.4879150390625,404.8043212890625,326.1651916503906,345.01318359375,292.2452392578125,0
3673,214.42625427246094,148.58541870117188,493.426513671875,149.58885192871094,559.574462890625,379.9533386230469,519.0400390625,358.6896057128906,519.7402954101562,401.9005126953125,528.988037109375,381.52569580078125,517.115966796875,382.26947021484375,488.379150390625,368.16485595703125,457.9484558105469,351.3519287109375,404.991455078125,326.2400207519531,345.3844299316406,292.4383850097656,0
3674,214.50804138183594,148.5425567626953,493.44842529296875,149.61569213867188,555.6883544921875,379.5211181640625,517.0689697265625,357.0777893066406,518.9366455078125,399.769287109375,528.7398071289062,378.74755859375,516.7334594726562,380.0726623535156,487.7896423339844,367.7991638183594,457.8219299316406,351.3262023925781,404.9255676269531,326.4559631347656,344.4927062988281,292.0797424316406,0
3675,214.50335693359375,148.57350158691406,493.4539489746094,149.5934600830078,562.5985107421875,378.2765197753906,520.66943359375,355.5827331542969,520.4637451171875,399.175537109375,531.1839599609375,378.08612060546875,517.9046630859375,377.5296325683594,488.4144592285156,367.76025390625,457.6764221191406,351.634033203125,404.6403503417969,326.2889404296875,344.2549133300781,291.4375305175781,0
3676,214.64019775390625,148.43115234375,493.37310791015625,149.55348205566406,569.056884765625,377.859130859375,524.2488403320312,355.7963562011719,523.0769653320312,398.59197998046875,535.3614501953125,377.0349426269531,521.9619750976562,376.8326416015625,488.7674560546875,367.6192932128906,456.8584899902344,351.4869384765625,404.4512023925781,326.1031799316406,344.2485046386719,291.6252746582031,0
3677,214.62696838378906,148.44236755371094,493.37542724609375,149.5576629638672,569.0558471679688,377.91448974609375,524.357666015625,355.9507141113281,523.108642578125,398.5888366699219,535.5236206054688,377.051025390625,522.0444946289062,376.9823913574219,488.6785888671875,367.57757568359375,456.7987060546875,351.4398193359375,404.45550537109375,326.0819396972656,344.3916931152344,291.6597900390625,0
3678,214.60765075683594,148.3653564453125,493.4141845703125,149.61190795898438,569.712890625,380.60955810546875,525.3004760742188,356.0128173828125,524.0924682617188,399.2554626464844,537.050537109375,377.3858642578125,522.962890625,377.2974853515625,488.82647705078125,367.5422668457031,456.9197692871094,351.39215087890625,404.2272644042969,326.0061950683594,343.96826171875,291.5378723144531,0
3679,214.4654083251953,148.5096435546875,493.28973388671875,149.61769104003906,568.7598266601562,381.3641662597656,525.2976684570312,356.2060546875,523.7872924804688,399.2088623046875,536.5445556640625,377.47845458984375,523.1890869140625,376.67242431640625,488.81787109375,367.3846130371094,456.8066711425781,351.3824462890625,404.33526611328125,326.0410461425781,344.2741394042969,291.2298583984375,0
3680,214.48204040527344,148.51475524902344,493.2864990234375,149.61624145507812,568.5932006835938,381.3226318359375,525.249755859375,356.0959167480469,523.5939331054688,399.18475341796875,536.3594970703125,377.4697265625,522.3922729492188,377.2425231933594,488.80023193359375,367.3421325683594,456.81903076171875,351.4050598144531,404.3485107421875,326.04803466796875,344.2738342285156,291.2310791015625,0
3681,214.5888214111328,148.627685546875,493.2481689453125,149.5830078125,565.941162109375,383.3286437988281,522.3865356445312,356.62603759765625,518.0761108398438,398.86688232421875,532.1652221679688,378.98748779296875,519.0527954101562,378.3778076171875,489.0518493652344,365.6169128417969,458.0227355957031,351.9079895019531,404.7964172363281,326.09930419921875,344.3289489746094,290.8568115234375,0
3682,214.5914764404297,148.6292266845703,493.23736572265625,149.62437438964844,565.9165649414062,383.3825378417969,521.4797973632812,356.34423828125,518.0762939453125,398.8473205566406,532.147705078125,378.8979187011719,518.9971313476562,378.378173828125,489.0654602050781,365.669921875,457.9708557128906,351.883056640625,404.9102478027344,326.1729736328125,344.4293518066406,291.0553283691406,0
3683,214.49903869628906,148.7580108642578,493.2205810546875,149.46896362304688,563.2734375,383.1221923828125,520.2219848632812,354.6299743652344,516.051513671875,397.4832763671875,529.7393798828125,377.4708557128906,516.7867431640625,376.7064208984375,488.00909423828125,366.8678283691406,455.3175354003906,351.6142578125,402.25244140625,324.6252136230469,344.1935119628906,291.2991943359375,0
3684,214.5747528076172,148.79107666015625,493.1359558105469,149.4287567138672,561.10400390625,380.2223205566406,514.0223388671875,355.847412109375,512.9566650390625,398.8745422363281,525.4676513671875,378.0354919433594,511.8815002441406,378.0231628417969,485.482666015625,367.5940856933594,454.9790954589844,351.54608154296875,401.5840148925781,324.4922790527344,343.085205078125,288.65386962890625,0
3685,214.48828125,148.7154541015625,493.1438293457031,149.57525634765625,565.0200805664062,373.7562561035156,515.184326171875,352.9998474121094,516.4869384765625,396.22216796875,527.165283203125,373.904541015625,513.4512329101562,375.8011169433594,484.3315124511719,368.1601867675781,453.3142395019531,351.3223876953125,399.6670227050781,323.46124267578125,341.7699279785156,288.5928039550781,0
3686,214.48190307617188,148.6336669921875,493.1842956542969,149.57894897460938,567.2662963867188,368.6855773925781,515.8955688476562,348.67730712890625,520.8607177734375,393.548828125,530.2929077148438,370.4703369140625,515.6546020507812,373.52130126953125,484.12896728515625,368.7188415527344,451.8469543457031,351.1061096191406,398.2366638183594,322.8160095214844,341.6066589355469,287.83221435546875,0
3687,214.40179443359375,148.6068572998047,493.2150573730469,149.47808837890625,569.7964477539062,356.86419677734375,518.667236328125,345.6654968261719,527.9063720703125,386.2738952636719,533.6959838867188,362.7554016113281,518.3077392578125,368.7430725097656,484.79156494140625,368.55084228515625,448.6623840332031,351.2674255371094,395.57427978515625,321.9664611816406,339.66357421875,287.4263000488281,0
3688,214.43577575683594,148.61048889160156,493.1644287109375,149.43310546875,569.602783203125,350.0886535644531,519.5266723632812,343.17291259765625,530.7520751953125,381.838134765625,535.1692504882812,358.4969787597656,519.8046264648438,364.75665283203125,485.94769287109375,368.88848876953125,447.69317626953125,351.2708740234375,395.2175598144531,321.7612609863281,339.6064147949219,287.2746887207031,0
3689,214.2061004638672,148.5251922607422,493.14630126953125,149.4717559814453,575.9790649414062,345.9830322265625,525.3469848632812,340.512451171875,536.9110107421875,377.68109130859375,541.6332397460938,354.0127258300781,525.12939453125,360.8741455078125,487.48876953125,368.0656433105469,446.0199890136719,352.2113342285156,394.027099609375,322.68743896484375,337.8253479003906,285.6831970214844,0
3690,214.194580078125,148.53672790527344,493.1373596191406,149.48526000976562,575.9775390625,345.98223876953125,525.3438110351562,340.5068664550781,536.9091796875,377.678955078125,541.6325073242188,354.0056457519531,525.1280517578125,360.8701171875,487.45416259765625,368.13800048828125,445.9985046386719,352.1932678222656,394.0055236816406,322.6678161621094,337.7415771484375,285.6204833984375,0
3691,214.32827758789062,148.4543914794922,493.1585998535156,149.49404907226562,576.26025390625,346.2559509277344,525.5633544921875,341.239501953125,537.5433349609375,377.92822265625,541.5887451171875,354.3070373535156,525.1460571289062,361.4676513671875,487.9627685546875,369.12750244140625,445.093505859375,353.8004455566406,394.1435546875,323.7792663574219,338.63848876953125,286.5192565917969,0
3692,214.20484924316406,148.6801300048828,493.2717590332031,149.5330810546875,574.03125,349.010498046875,525.425537109375,343.5652770996094,535.1959228515625,380.7142333984375,540.6302490234375,357.6601867675781,525.311767578125,361.8668518066406,487.262939453125,368.6465759277344,444.7860412597656,354.11029052734375,393.65789794921875,325.97747802734375,338.3687438964844,286.3765563964844,0
3693,214.21095275878906,148.82421875,493.2057189941406,149.54087829589844,573.447509765625,350.921630859375,523.96240234375,344.5002746582031,533.5983276367188,381.3647155761719,539.73876953125,358.4808349609375,524.2557983398438,362.4626770019531,486.46551513671875,368.2995300292969,444.8595275878906,353.9491882324219,393.3157653808594,326.5961608886719,338.7941589355469,286.3409423828125,0
3694,214.464599609375,148.7187042236328,493.3215026855469,149.5538787841797,569.1891479492188,358.4249572753906,522.2105712890625,345.630615234375,527.9692993164062,384.2879638671875,536.0632934570312,361.9534912109375,519.1571044921875,366.3037109375,484.575927734375,367.4725341796875,444.943115234375,353.8802490234375,393.3509826660156,328.29718017578125,338.9582214355469,286.2748718261719,0
3695,214.47406005859375,148.71673583984375,493.3238830566406,149.55670166015625,569.1976318359375,358.43353271484375,522.2771606445312,345.69989013671875,527.9970703125,384.2936096191406,536.15478515625,361.9877014160156,519.2109375,366.3377380371094,484.5893859863281,367.47039794921875,444.94232177734375,353.8670349121094,393.3646240234375,328.3196105957031,338.955810546875,286.27508544921875,0
3696,214.41952514648438,148.8118133544922,493.1415100097656,149.42726135253906,568.8299560546875,361.6368408203125,520.863525390625,346.635009765625,525.0732421875,386.4476318359375,533.601318359375,363.9369812011719,517.8974609375,368.5135803222656,483.1933898925781,366.1494140625,444.72216796875,353.82110595703125,393.31890869140625,327.87469482421875,338.37176513671875,285.02825927734375,0
3697,214.486083984375,148.84132385253906,493.1055603027344,149.50180053710938,563.633544921875,371.3063049316406,519.539306640625,348.50213623046875,519.4793090820312,387.62408447265625,529.3697509765625,367.3828430175781,515.0237426757812,369.48455810546875,481.921875,365.5539855957031,444.94134521484375,354.0038757324219,393.4226379394531,329.3346252441406,339.1181945800781,285.1553649902344,0
3698,214.35025024414062,148.76785278320312,493.2359924316406,149.42648315429688,560.5474853515625,380.0384521484375,520.3760375976562,350.299072265625,515.2369995117188,387.8886413574219,527.6932983398438,370.8515625,513.6396484375,370.01055908203125,481.1914978027344,363.3825988769531,445.23699951171875,353.9508056640625,394.3674011230469,329.641357421875,340.4070129394531,285.14984130859375,0
3699,214.38922119140625,148.70050048828125,493.2359313964844,149.35699462890625,559.193115234375,390.881591796875,522.7640380859375,356.3337707519531,513.287353515625,394.2311706542969,528.2813110351562,377.38006591796875,514.9692993164062,374.8125,482.4656982421875,363.36737060546875,446.31500244140625,353.791015625,395.93841552734375,328.8582763671875,345.12603759765625,281.4619140625,0
3700,214.3545379638672,148.69973754882812,493.2366638183594,149.33277893066406,559.193603515625,390.8811950683594,522.7636108398438,356.3331604003906,513.2843627929688,394.23114013671875,528.2808227539062,377.37896728515625,514.9692993164062,374.81304931640625,482.4661560058594,363.36517333984375,446.31439208984375,353.791259765625,395.9331359863281,328.86083984375,345.0726318359375,281.3244934082031,0
3701,214.42991638183594,148.6196746826172,493.1929016113281,149.36947631835938,557.8560791015625,393.40582275390625,522.4444580078125,357.6939392089844,509.709228515625,395.5777893066406,527.4495849609375,378.39825439453125,514.19970703125,375.85186767578125,482.56982421875,363.6285095214844,447.0299072265625,354.4662170410156,396.1706237792969,327.95733642578125,347.2621765136719,280.1087341308594,0
3702,214.49554443359375,148.53662109375,493.196044921875,149.47549438476562,552.8403930664062,393.13604736328125,520.0867919921875,358.1161804199219,507.2928771972656,395.6942443847656,525.6004028320312,378.96258544921875,511.3066101074219,376.54315185546875,481.0250244140625,363.0793762207031,446.95458984375,354.1360778808594,396.2393798828125,327.2638244628906,349.79443359375,275.59698486328125,0
3703,214.5691680908203,148.52975463867188,493.1287841796875,149.36834716796875,553.8805541992188,393.5340576171875,519.802978515625,357.5563659667969,506.89678955078125,394.7449645996094,525.00390625,378.5876770019531,510.5770568847656,375.577880859375,480.4775390625,362.3887023925781,446.884765625,354.1613464355469,396.00775146484375,327.0941467285156,349.9458923339844,275.3172607421875,0
3704,214.52027893066406,148.61676025390625,493.2144775390625,149.40133666992188,554.8251953125,389.7855529785156,519.3345336914062,355.57635498046875,506.1378173828125,393.29913330078125,523.3966064453125,377.7635192871094,510.22247314453125,374.2243957519531,480.67535400390625,361.9003601074219,446.5503845214844,353.8076171875,396.2201232910156,327.5111999511719,350.2497253417969,275.4151916503906,0
3705,214.52061462402344,148.61602783203125,493.2145080566406,149.40065002441406,554.8399658203125,389.575927734375,519.3019409179688,355.6015319824219,506.1368713378906,393.3941650390625,523.4219970703125,377.75701904296875,510.2691955566406,374.29803466796875,480.7381591796875,361.9627380371094,446.5519714355469,353.8024597167969,396.2225646972656,327.51226806640625,350.2554016113281,275.44207763671875,0
3706,214.44671630859375,148.60293579101562,493.0791015625,149.47879028320312,554.1296997070312,389.1484680175781,518.7810668945312,355.2525634765625,506.0699768066406,393.0744934082031,523.04443359375,377.71343994140625,509.92864990234375,374.0970458984375,480.74267578125,361.8166198730469,447.00909423828125,353.96710205078125,395.8586120605469,327.10986328125,349.10760498046875,274.4970397949219,0
3707,214.4705047607422,148.4992218017578,493.0262145996094,149.606689453125,556.7032470703125,390.60528564453125,519.2551879882812,356.6556701660156,506.75555419921875,393.9229431152344,524.2153930664062,378.2389221191406,510.8863220214844,374.9153137207031,480.8805847167969,362.2516784667969,446.94329833984375,353.92425537109375,395.99884033203125,327.08953857421875,349.5254211425781,275.2174377441406,0
3708,214.3549041748047,148.57852172851562,493.0008544921875,149.53543090820312,555.5144653320312,390.4177551269531,518.7385864257812,356.32244873046875,506.4412536621094,394.10400390625,523.70556640625,378.14398193359375,510.144775390625,374.9288635253906,480.38592529296875,362.7205810546875,447.1398010253906,353.6886901855469,396.5859069824219,327.2476501464844,350.23797607421875,275.9953918457031,0
3709,214.47079467773438,148.61888122558594,493.12030029296875,149.52345275878906,553.2368774414062,390.433349609375,516.9703369140625,355.9508361816406,505.50537109375,393.7977600097656,522.3468017578125,377.8861389160156,510.2412414550781,375.4920654296875,480.19476318359375,362.72100830078125,447.333740234375,353.5960998535156,396.48828125,326.7886047363281,349.7276916503906,275.04290771484375,0
3710,214.3257598876953,148.556884765625,493.0984191894531,149.5287322998047,552.2828979492188,389.7542724609375,517.3116455078125,355.6344909667969,504.7467956542969,393.6808776855469,521.7830200195312,378.0956726074219,509.8240661621094,374.9177551269531,479.9623107910156,362.5443420410156,447.6296081542969,353.6059265136719,396.8375549316406,327.1110534667969,349.9051208496094,275.2724914550781,0
3711,214.3325653076172,148.60745239257812,493.09735107421875,149.4871368408203,552.3192138671875,390.7678527832031,517.3377685546875,355.63604736328125,505.31463623046875,393.7597351074219,522.2877197265625,378.28521728515625,510.42889404296875,375.2650451660156,480.0899963378906,362.4951477050781,447.5498352050781,353.74951171875,396.37939453125,326.6931457519531,349.49371337890625,274.22589111328125,0
3712,214.33607482910156,148.60568237304688,493.08551025390625,149.49961853027344,552.2852783203125,390.75390625,517.259033203125,355.7146301269531,505.2870788574219,393.7444763183594,522.2337646484375,378.281982421875,510.3604431152344,375.3156433105469,480.0756530761719,362.454345703125,447.506591796875,353.7746887207031,396.4049072265625,326.6993103027344,349.4755859375,274.2197265625,0
3713,214.25674438476562,148.7657928466797,493.0713806152344,149.48707580566406,555.7491455078125,391.04791259765625,519.1573486328125,356.2589416503906,506.8508605957031,393.8109130859375,523.9193725585938,378.0555419921875,510.35498046875,375.0970153808594,480.81439208984375,363.4029846191406,447.25579833984375,353.615234375,396.14825439453125,326.3542785644531,348.8921813964844,272.5563659667969,0
3714,214.21189880371094,148.60818481445312,493.08856201171875,149.57815551757812,554.07958984375,392.04071044921875,518.8766479492188,356.296142578125,506.0371398925781,394.08905029296875,523.5518798828125,378.4804992675781,510.0244445800781,375.140869140625,481.18084716796875,363.3526611328125,447.3498229980469,353.3608703613281,396.5334777832031,326.5889587402344,349.1316223144531,274.6385803222656,0
3715,214.29702758789062,148.5673828125,493.1842041015625,149.57308959960938,553.9231567382812,392.30535888671875,518.7437133789062,356.27337646484375,505.8651123046875,394.06500244140625,523.3711547851562,378.4375915527344,509.95562744140625,375.219970703125,480.8558044433594,363.1153259277344,447.31146240234375,353.36065673828125,396.4231872558594,326.4897155761719,348.6352233886719,274.091796875,0
3716,214.24485778808594,148.62179565429688,493.3275451660156,149.5990753173828,556.44677734375,391.716796875,519.4656372070312,356.42864990234375,507.0784912109375,394.1282958984375,524.0872802734375,378.14886474609375,510.6898498535156,375.265380859375,481.31182861328125,363.321533203125,447.18145751953125,353.3662109375,396.7663269042969,326.619384765625,349.76898193359375,275.0191955566406,0
3717,214.2345428466797,148.61488342285156,493.2908935546875,149.62451171875,556.4166870117188,391.68304443359375,519.4918823242188,356.4478454589844,507.0851135253906,394.0995788574219,524.1552734375,378.15374755859375,510.7603759765625,375.2519836425781,481.331298828125,363.26031494140625,447.1711730957031,353.3731994628906,396.73699951171875,326.56634521484375,349.7618103027344,275.0039367675781,0
3718,214.23052978515625,148.4181365966797,493.2668762207031,149.62014770507812,556.0660400390625,391.3840026855469,519.2553100585938,356.1919250488281,507.2587585449219,394.2775573730469,523.971435546875,377.98388671875,510.6936340332031,375.2017822265625,481.3241271972656,363.5431213378906,447.44232177734375,353.40155029296875,397.19952392578125,326.93377685546875,350.12127685546875,275.7881164550781,0
3719,214.24502563476562,148.39190673828125,493.3096923828125,149.66029357910156,554.8110961914062,392.0032043457031,518.91064453125,355.8271484375,506.5100402832031,393.9029541015625,523.7026977539062,378.2299499511719,510.43646240234375,375.07977294921875,481.0718688964844,363.4046630859375,447.5706481933594,353.363525390625,397.0731506347656,326.7121276855469,349.61834716796875,275.90673828125,0
3720,214.24786376953125,148.61288452148438,493.2315368652344,149.591064453125,555.8578491210938,391.88836669921875,518.9456176757812,355.60577392578125,506.9766845703125,393.85455322265625,524.0296630859375,378.2026672363281,510.59130859375,375.0911865234375,480.5104675292969,363.4201965332031,447.270751953125,353.33367919921875,396.8207092285156,326.4664611816406,348.8184509277344,275.2350158691406,0
3721,214.35833740234375,148.61407470703125,493.16741943359375,149.5960693359375,555.921630859375,390.63458251953125,517.961669921875,355.1549377441406,507.77935791015625,393.6136169433594,524.369140625,378.0926513671875,510.767822265625,375.12408447265625,481.0464172363281,364.02166748046875,447.5299377441406,353.3341979980469,397.1087646484375,326.57391357421875,349.464111328125,276.9762268066406,0
3722,214.37498474121094,148.6119842529297,493.1833190917969,149.56520080566406,555.9179077148438,390.6418762207031,517.8192749023438,355.1261901855469,507.7308044433594,393.5980224609375,524.3171997070312,378.1162414550781,510.6943664550781,375.0842590332031,480.9927978515625,363.97589111328125,447.5190124511719,353.3277587890625,397.08251953125,326.5522155761719,349.4598083496094,276.9227294921875,0
3723,214.42178344726562,148.70413208007812,493.2244567871094,149.46762084960938,556.0940551757812,390.6012878417969,517.9647216796875,355.2397155761719,507.49334716796875,393.88873291015625,524.219970703125,378.2085876464844,510.67950439453125,375.1331481933594,481.1784362792969,363.6699523925781,447.72125244140625,353.163330078125,396.5679016113281,326.0392150878906,348.665771484375,274.4576721191406,0
3724,214.43212890625,148.6211700439453,493.28277587890625,149.4642333984375,558.508056640625,390.2719421386719,518.4668579101562,355.13507080078125,509.3834533691406,393.7587890625,525.0625,377.73828125,511.536865234375,375.00640869140625,481.05523681640625,364.1657409667969,448.0890808105469,353.1678161621094,396.8636779785156,326.293212890625,349.22906494140625,274.7635498046875,0
3725,214.3821258544922,148.72039794921875,493.36767578125,149.56878662109375,559.56298828125,390.04443359375,520.6612548828125,356.11077880859375,512.8290405273438,393.8947448730469,526.8917846679688,377.07867431640625,513.4480590820312,375.1418151855469,481.935791015625,363.8548889160156,447.9608459472656,353.2247009277344,397.8213806152344,326.7908630371094,350.4023742675781,276.93597412109375,0
3726,214.25723266601562,148.86410522460938,493.15155029296875,149.92434692382812,561.2445068359375,387.6565856933594,518.8847045898438,358.30328369140625,515.209716796875,397.3479919433594,530.039306640625,379.1961669921875,515.9388427734375,378.22119140625,484.5309753417969,365.36529541015625,451.9839782714844,352.2125244140625,403.5680847167969,324.5858459472656,358.0821838378906,269.87493896484375,0
3727,214.23435974121094,148.86068725585938,492.99493408203125,149.83067321777344,557.0852661132812,381.209716796875,514.7193603515625,358.1889343261719,514.8362426757812,398.0652770996094,526.105712890625,377.8841247558594,512.994140625,378.6202392578125,484.86700439453125,365.8678283691406,452.2933044433594,351.63897705078125,404.2209167480469,323.718505859375,358.9141845703125,266.6627502441406,0
3728,214.38348388671875,149.0642547607422,493.0583190917969,149.8536834716797,554.0365600585938,382.1251220703125,513.9155883789062,356.3861999511719,513.089599609375,396.7821044921875,524.9943237304688,376.9392395019531,511.8740234375,376.87371826171875,484.22357177734375,366.0293273925781,452.3267822265625,351.7391357421875,403.747802734375,323.69903564453125,357.7416687011719,266.620361328125,0
3729,214.30421447753906,148.8897705078125,493.2139892578125,149.80596923828125,554.1160888671875,379.1168518066406,512.5673217773438,356.3861389160156,512.174560546875,396.9416198730469,524.5571899414062,376.2872619628906,511.23040771484375,376.6871337890625,483.9095458984375,366.4573974609375,452.69384765625,351.7392272949219,403.19012451171875,323.46728515625,357.4347839355469,266.9989013671875,0
3730,214.28233337402344,148.7913360595703,493.3097229003906,149.8177490234375,556.6582641601562,372.6966247558594,511.068603515625,354.6419372558594,515.9068603515625,395.3520202636719,524.8134765625,373.1735534667969,510.9319763183594,375.5185546875,483.81427001953125,367.97686767578125,452.7755432128906,351.7419128417969,403.8182373046875,324.1063232421875,358.314208984375,268.71038818359375,0
3731,214.20704650878906,148.80300903320312,493.1877746582031,149.85595703125,556.678955078125,372.70989990234375,511.1294250488281,354.5957946777344,515.885498046875,395.3685607910156,524.8897705078125,373.1650695800781,511.0198974609375,375.4972229003906,483.73187255859375,367.9262390136719,452.7815246582031,351.7765197753906,403.8586120605469,324.10870361328125,358.2544860839844,268.8401794433594,0
3732,214.2123565673828,148.74493408203125,493.1151428222656,149.85848999023438,559.2831420898438,374.513916015625,514.6454467773438,354.71893310546875,517.34765625,396.3067932128906,527.0787353515625,374.5176086425781,513.4832153320312,376.2735290527344,484.34503173828125,367.9141540527344,453.1719970703125,352.0029296875,404.3480529785156,324.2342224121094,358.3262939453125,269.4476013183594,0
3733,214.10202026367188,148.7303466796875,493.1662292480469,149.92401123046875,566.572509765625,379.2518615722656,519.2986450195312,356.235107421875,520.5856323242188,398.4728088378906,532.3181762695312,377.162841796875,517.4430541992188,377.6334533691406,486.9285583496094,368.340087890625,454.2586669921875,351.9081726074219,404.2238464355469,324.3340759277344,356.818603515625,272.5677490234375,0
3734,214.16378784179688,148.80152893066406,493.1128845214844,149.89720153808594,567.6990966796875,381.4989013671875,520.3652954101562,356.5988464355469,520.5326538085938,399.51715087890625,533.1544189453125,377.41998291015625,518.3911743164062,378.2306213378906,487.20654296875,368.4739074707031,454.2511291503906,352.0151672363281,404.14141845703125,324.2165832519531,356.2713928222656,273.6999206542969,0
3735,214.11354064941406,148.67132568359375,493.2745361328125,149.76788330078125,562.6935424804688,386.6243896484375,516.9786987304688,359.4974060058594,515.8674926757812,402.6873779296875,528.0283203125,382.5119934082031,515.1991577148438,382.30072021484375,487.409423828125,367.248779296875,455.960205078125,352.0086669921875,405.23248291015625,324.3841857910156,355.10968017578125,276.3084411621094,0
3736,214.10081481933594,148.66671752929688,493.2715148925781,149.79412841796875,562.7001342773438,386.6204528808594,516.9793701171875,359.4959411621094,515.867919921875,402.69244384765625,528.036376953125,382.511474609375,515.1984252929688,382.2995910644531,487.4042053222656,367.2505798339844,455.95904541015625,352.00860595703125,405.2292785644531,324.3818054199219,355.11334228515625,276.3191833496094,0
3737,214.1147003173828,148.561279296875,493.1388854980469,149.7950439453125,560.3057861328125,390.1853942871094,515.5927734375,360.3875427246094,513.295166015625,404.3530578613281,526.0538330078125,383.6500244140625,514.4962768554688,384.0591735839844,487.94012451171875,367.6076965332031,456.1485290527344,351.8641052246094,405.72723388671875,324.3345642089844,355.2528991699219,277.189453125,0
3738,214.0764617919922,148.61798095703125,493.15557861328125,149.8434295654297,553.702392578125,389.93438720703125,511.0306701660156,362.0459289550781,507.9003601074219,405.9953308105469,523.5848388671875,384.117431640625,510.9056396484375,383.3081359863281,487.67919921875,367.6603698730469,456.8846130371094,352.0860900878906,405.7697448730469,323.81890869140625,354.8623962402344,276.54833984375,0
3739,214.1183319091797,148.56661987304688,493.1273193359375,149.92401123046875,550.8425903320312,390.6885986328125,507.98101806640625,361.6718444824219,505.1570739746094,405.58245849609375,520.3915405273438,383.5527648925781,508.57415771484375,384.1779479980469,487.8764953613281,369.00244140625,456.5264892578125,352.0202941894531,405.2796325683594,323.5643615722656,353.59539794921875,276.3172912597656,0
3740,214.16151428222656,148.58006286621094,493.25604248046875,149.97024536132812,556.0638427734375,382.5828857421875,508.7390441894531,357.5553894042969,507.8056945800781,403.1780090332031,520.8330688476562,378.50201416015625,508.22308349609375,379.8414611816406,483.1302795410156,368.00189208984375,453.00836181640625,351.5948486328125,403.1611328125,322.9285583496094,351.6879577636719,278.91314697265625,0
3741,214.171630859375,148.5762939453125,493.3151550292969,149.79925537109375,556.0366821289062,382.5867004394531,508.7480773925781,357.5760498046875,507.7459716796875,403.17877197265625,520.791748046875,378.59259033203125,508.2093811035156,379.8941345214844,483.134033203125,367.9952697753906,453.00970458984375,351.5983581542969,403.1515197753906,322.93536376953125,351.6846923828125,278.9007873535156,0
3742,214.04501342773438,148.518798828125,493.339111328125,149.7218475341797,560.750244140625,373.4280090332031,510.34613037109375,352.482421875,512.9520263671875,397.468505859375,523.882080078125,373.1951904296875,509.4527282714844,374.8544921875,478.5817565917969,366.7143249511719,447.7258605957031,351.2903747558594,397.98876953125,320.5298156738281,345.4453430175781,275.8129577636719,0
3743,214.2568817138672,148.6085968017578,493.3582763671875,149.7347869873047,560.8549194335938,361.6302490234375,512.2223510742188,344.98797607421875,517.1854858398438,385.69830322265625,524.8670654296875,361.2917175292969,509.7314453125,364.080322265625,473.2111511230469,366.34100341796875,440.3900146484375,349.82220458984375,391.7917785644531,317.9501953125,342.46868896484375,270.51751708984375,0
3744,214.4302215576172,148.52037048339844,493.2096862792969,149.5391845703125,558.5459594726562,360.1490478515625,510.12017822265625,345.1854248046875,516.2412719726562,385.7130126953125,523.8737182617188,361.26641845703125,507.6278991699219,364.39013671875,470.0982971191406,367.1310729980469,436.0916748046875,348.55609130859375,389.9128112792969,316.5320739746094,343.0558166503906,266.8957824707031,0
3745,214.40322875976562,148.66954040527344,493.15997314453125,149.81224060058594,555.6498413085938,375.69580078125,515.7777709960938,353.8047790527344,514.9741821289062,391.40252685546875,524.6358642578125,370.7850341796875,508.7020568847656,371.5749206542969,464.0232849121094,366.2383117675781,418.65765380859375,352.6164245605469,379.7582702636719,314.90618896484375,342.2379455566406,260.18829345703125,0
3746,214.401123046875,148.68716430664062,493.2484130859375,149.7516326904297,555.6672973632812,375.70721435546875,515.7356567382812,353.90191650390625,514.928955078125,391.4148864746094,524.6492309570312,370.8890075683594,508.6885681152344,371.7381286621094,464.09698486328125,366.6978759765625,418.6880187988281,352.60235595703125,379.7501525878906,314.8714599609375,342.220703125,260.09564208984375,0
3747,214.3773651123047,148.77935791015625,493.194580078125,149.7400665283203,551.9850463867188,375.22198486328125,514.9729614257812,354.93206787109375,513.8576049804688,391.0064392089844,523.3573608398438,370.9490966796875,507.89605712890625,371.40325927734375,461.7506103515625,364.97021484375,413.7197570800781,351.54833984375,372.36187744140625,315.9971923828125,330.4080505371094,260.8544616699219,0
3748,214.30055236816406,148.741455078125,493.14501953125,149.70542907714844,547.6030883789062,379.4818115234375,512.3682861328125,357.45721435546875,506.5488586425781,392.0137939453125,519.34375,374.88092041015625,504.5268249511719,373.6834716796875,460.6802062988281,364.44329833984375,411.585693359375,352.951904296875,369.8674621582031,319.4237365722656,328.716552734375,261.1672058105469,0
3749,214.24929809570312,148.7256622314453,493.2176513671875,149.7005615234375,544.8546752929688,381.6096496582031,509.4781799316406,357.6376953125,503.5893249511719,391.5357666015625,516.3176879882812,375.2467346191406,501.0361633300781,373.7426452636719,458.6008605957031,364.6544189453125,410.5111999511719,353.0854187011719,368.42401123046875,320.7361755371094,327.7825622558594,259.6197509765625,0
3750,214.2459259033203,148.71218872070312,493.2486572265625,149.76913452148438,544.8636474609375,381.60833740234375,509.4871826171875,357.6323547363281,503.6310119628906,391.5495910644531,516.3306884765625,375.24310302734375,501.0390930175781,373.7379455566406,458.5641784667969,364.66741943359375,410.5027160644531,353.08551025390625,368.4079284667969,320.7237243652344,327.84100341796875,259.5371398925781,0
3751,214.1826934814453,148.6075897216797,493.3174133300781,149.80699157714844,540.2123413085938,383.18865966796875,505.35931396484375,354.895751953125,497.9051818847656,388.9027404785156,509.73187255859375,373.2131652832031,495.3551330566406,371.06365966796875,456.2335510253906,362.32525634765625,409.6875,354.62353515625,365.3972473144531,324.20233154296875,329.1662902832031,262.15069580078125,0
3752,214.176513671875,148.62411499023438,493.3149719238281,149.79188537597656,540.1986694335938,383.17181396484375,505.33648681640625,354.7914123535156,498.1845397949219,388.7599182128906,509.8492736816406,373.1600036621094,495.5339660644531,371.01446533203125,456.2341613769531,362.49737548828125,409.7281188964844,354.6142883300781,365.4168395996094,324.2232666015625,329.1708984375,262.1894226074219,0
3753,214.3740997314453,148.63381958007812,493.22607421875,149.7365264892578,530.0521850585938,396.3973693847656,506.87738037109375,360.02728271484375,490.6927490234375,390.08233642578125,505.31207275390625,377.23443603515625,493.3728332519531,372.41363525390625,456.68597412109375,361.2902526855469,409.9193420410156,356.3045959472656,365.9620361328125,329.0600280761719,331.49652099609375,263.1192321777344,0
3754,214.46505737304688,148.64572143554688,493.1783142089844,149.8377227783203,525.6549072265625,420.4449462890625,509.50042724609375,374.46124267578125,485.5790100097656,398.97515869140625,505.90570068359375,393.0789794921875,495.0973815917969,382.53753662109375,457.6282653808594,365.9082336425781,410.84613037109375,357.32354736328125,369.6028747558594,330.6914367675781,344.4774169921875,259.572998046875,0
3755,214.56051635742188,148.61529541015625,493.23590087890625,149.8284454345703,524.88720703125,423.1455993652344,508.387451171875,377.880126953125,484.4067687988281,400.8121337890625,505.0936279296875,396.4755554199219,493.2298889160156,385.5757141113281,459.2245788574219,366.01690673828125,411.6330871582031,356.63116455078125,370.4648132324219,329.4577331542969,345.8245849609375,259.8186340332031,0
3756,214.56224060058594,148.77442932128906,493.2674560546875,149.93218994140625,525.354736328125,424.7981262207031,507.77294921875,380.2170104980469,483.9878845214844,402.388671875,504.9767150878906,399.17083740234375,493.1800842285156,387.352294921875,459.1793518066406,366.4391174316406,412.2958679199219,356.6405944824219,371.3179931640625,331.023193359375,345.8659362792969,260.9402160644531,0
3757,214.55874633789062,148.7752227783203,493.2900390625,149.85610961914062,525.3564453125,424.7955322265625,507.74774169921875,380.2520751953125,483.92291259765625,402.3547668457031,504.9031982421875,399.20550537109375,493.1337890625,387.36285400390625,458.5174255371094,365.8766784667969,412.27374267578125,356.642822265625,371.2607727050781,330.95855712890625,345.8710021972656,260.9619445800781,0
3758,214.55499267578125,148.7689971923828,493.3677062988281,149.72238159179688,524.6172485351562,428.463134765625,507.0688171386719,380.57647705078125,481.5270080566406,403.61370849609375,503.8200378417969,400.9081726074219,491.6454162597656,388.2511901855469,458.25048828125,367.1015319824219,412.9938049316406,357.437255859375,371.83502197265625,333.0760192871094,348.5550537109375,263.2991638183594,0
3759,214.6104736328125,148.8013458251953,493.322509765625,149.74554443359375,523.6358032226562,423.55645751953125,505.72442626953125,378.1122131347656,480.4020080566406,401.82818603515625,501.9605407714844,397.8249206542969,490.0788269042969,385.92547607421875,456.3953552246094,365.0203857421875,413.0345153808594,356.5401611328125,372.12225341796875,332.8575744628906,351.822021484375,263.00604248046875,0
3760,214.53036499023438,148.66127014160156,493.3678894042969,149.89865112304688,523.2389526367188,420.34796142578125,505.1598815917969,375.0916442871094,480.04168701171875,401.2187805175781,501.2689514160156,395.7749328613281,488.498046875,385.6440734863281,456.30718994140625,364.4418029785156,413.27587890625,356.7047119140625,370.5615234375,333.0934143066406,347.49554443359375,264.2227478027344,0
3761,214.3596649169922,148.76739501953125,493.3255615234375,149.91969299316406,524.9553833007812,417.5514831542969,505.4215393066406,372.9925842285156,480.0067443847656,400.425537109375,501.8116455078125,393.8545837402344,487.95855712890625,384.0101013183594,455.212646484375,364.5543212890625,413.25909423828125,357.1426086425781,369.6161193847656,333.7760009765625,345.8544921875,265.5604553222656,0
3762,214.41017150878906,148.68141174316406,493.35919189453125,149.93191528320312,524.952880859375,417.5455017089844,505.379150390625,372.9614562988281,480.0147399902344,400.4234924316406,501.8162841796875,393.8626708984375,488.00726318359375,383.95355224609375,455.3011169433594,364.545166015625,413.256103515625,357.140869140625,369.7037048339844,333.8746337890625,345.84552001953125,265.0306396484375,0
3763,214.3949737548828,148.535400390625,493.35565185546875,149.94911193847656,525.44677734375,413.6742248535156,503.8174743652344,368.939453125,480.109130859375,397.5878601074219,500.5496520996094,390.41644287109375,487.2366027832031,379.65771484375,455.4743957519531,363.9525146484375,413.5638122558594,358.1496276855469,368.2188415527344,334.29705810546875,344.7698669433594,267.9103088378906,0
3764,214.42149353027344,148.4556121826172,493.29351806640625,149.79820251464844,525.0840454101562,409.44140625,500.53607177734375,365.8709716796875,477.9983825683594,396.4242858886719,498.57391357421875,386.65069580078125,485.5638427734375,377.07635498046875,453.4209899902344,363.2064208984375,413.19940185546875,357.9534912109375,368.8628234863281,335.3028564453125,344.5972595214844,269.1778564453125,0
3765,214.24440002441406,148.7564239501953,493.3611145019531,149.8150634765625,524.8896484375,410.8325500488281,500.4375,366.22900390625,478.0449523925781,396.90130615234375,498.7433776855469,387.3459777832031,485.8227233886719,377.8335266113281,453.3445739746094,363.52899169921875,413.0605163574219,357.8866882324219,366.8233337402344,333.3791198730469,340.8020935058594,270.0933837890625,0
3766,214.16842651367188,148.6687469482422,493.3626708984375,149.8508758544922,522.8798828125,412.45611572265625,500.0135803222656,366.61773681640625,476.9540710449219,395.8529052734375,497.5713806152344,387.6531677246094,485.2550964355469,377.2589416503906,453.396240234375,362.67840576171875,412.8941650390625,357.8458557128906,365.99853515625,333.6560363769531,338.364013671875,270.64752197265625,0
3767,214.26104736328125,148.70785522460938,493.3592529296875,149.78829956054688,520.3508911132812,415.05926513671875,499.4130859375,366.9549255371094,475.5905456542969,395.1502380371094,496.0126953125,388.2579040527344,484.3526611328125,377.5563049316406,453.23455810546875,362.1082763671875,412.7051696777344,356.8258056640625,365.5024108886719,333.0335998535156,336.4283447265625,269.4866943359375,0
3768,214.2477569580078,148.6855926513672,493.35467529296875,149.78053283691406,520.3407592773438,415.04486083984375,499.5547790527344,367.1245422363281,475.5036315917969,395.1028747558594,496.07830810546875,388.3121643066406,484.43280029296875,377.61199951171875,453.0554504394531,362.1407165527344,412.7148742675781,356.7818603515625,365.6089782714844,333.132080078125,336.4786682128906,269.5874938964844,0
3769,214.27664184570312,148.65829467773438,493.37152099609375,149.82936096191406,512.0809936523438,423.63812255859375,499.5201416015625,370.4310607910156,470.69970703125,394.125,492.81536865234375,392.54010009765625,482.12823486328125,379.5508117675781,454.4613952636719,360.70428466796875,414.04962158203125,356.603515625,367.41259765625,333.521484375,338.083984375,269.359619140625,0
3770,214.41012573242188,148.60394287109375,493.2073669433594,149.89801025390625,511.31201171875,425.5240783691406,499.1758728027344,372.4673156738281,471.4212646484375,395.2698974609375,492.6395568847656,394.4743957519531,482.1123046875,382.090576171875,455.1797180175781,361.6286315917969,414.48541259765625,356.41326904296875,368.1436767578125,332.84326171875,338.6645812988281,269.7203369140625,0
3771,214.47789001464844,148.65916442871094,493.1912536621094,149.90135192871094,509.3100280761719,426.9080505371094,499.4017333984375,372.82293701171875,470.9740905761719,395.70196533203125,492.42864990234375,395.2777099609375,482.2273254394531,382.8507080078125,455.7251892089844,361.5762939453125,415.8216552734375,356.9060974121094,367.8047180175781,333.1185607910156,336.60113525390625,268.6559143066406,0
3772,214.43533325195312,148.53289794921875,493.1695556640625,149.93162536621094,510.4402160644531,427.77252197265625,499.9361267089844,372.8197326660156,471.56585693359375,396.2757568359375,493.2803955078125,396.64666748046875,482.3240966796875,383.20550537109375,455.861572265625,362.1805725097656,415.7705383300781,356.52850341796875,368.08282470703125,333.1490173339844,335.4267883300781,270.278564453125,0
3773,214.45401000976562,148.56396484375,493.1708679199219,149.87689208984375,512.46630859375,427.33831787109375,499.7099914550781,373.19036865234375,472.4217529296875,396.5383605957031,494.04974365234375,396.60760498046875,482.6842956542969,383.53363037109375,455.69927978515625,362.13616943359375,414.97393798828125,356.5127258300781,367.8343200683594,333.6808776855469,333.2157897949219,270.8226318359375,0
3774,214.5255889892578,148.59649658203125,493.159423828125,149.81968688964844,513.353271484375,427.4466857910156,500.47979736328125,373.7961120605469,471.5299072265625,396.8164978027344,494.0849304199219,396.5931396484375,483.2019958496094,383.60687255859375,455.8657531738281,362.397705078125,414.42413330078125,356.3680419921875,366.5765686035156,332.7269287109375,331.59515380859375,271.7068786621094,0
3775,214.54750061035156,148.59373474121094,492.9930725097656,149.90093994140625,514.8299560546875,427.0404052734375,500.1930847167969,373.2896423339844,472.6034851074219,397.06658935546875,495.1468200683594,395.8340759277344,483.26239013671875,382.3429260253906,455.1087341308594,361.94140625,414.5819091796875,356.4565734863281,367.1330871582031,332.5870056152344,332.05474853515625,271.67767333984375,0
3776,214.51528930664062,148.5685577392578,493.1493225097656,149.80328369140625,514.3403930664062,426.59368896484375,501.76422119140625,373.27490234375,472.9055480957031,396.489990234375,495.151611328125,396.21728515625,484.5472106933594,383.0494384765625,456.4163818359375,362.9141845703125,414.5569763183594,356.42120361328125,366.92449951171875,332.4700927734375,331.84576416015625,271.6419982910156,0
3777,214.55389404296875,148.5240936279297,493.09210205078125,149.8341064453125,514.34814453125,426.6147155761719,501.8775329589844,373.1169128417969,472.9461364746094,396.5657653808594,495.1897277832031,396.29498291015625,484.6167907714844,383.4171142578125,456.5342102050781,362.91571044921875,414.52581787109375,356.4361877441406,367.0567626953125,332.53302001953125,331.72882080078125,271.6510925292969,0
3778,214.37109375,148.5779266357422,493.07269287109375,149.8865509033203,514.5508422851562,426.3331604003906,501.56561279296875,372.9986572265625,473.0687561035156,396.49603271484375,495.02911376953125,395.6712951660156,484.5548400878906,383.3189392089844,456.5401306152344,362.7115783691406,414.6734619140625,356.5076599121094,366.864990234375,332.9176330566406,331.199951171875,271.8553161621094,0
3779,214.41934204101562,148.54315185546875,493.0491943359375,149.85498046875,516.1942138671875,425.80377197265625,502.78350830078125,373.1260070800781,474.2597961425781,396.55072021484375,495.59918212890625,395.8498229980469,486.01177978515625,383.4020080566406,457.0679626464844,363.216796875,414.88726806640625,356.4851379394531,367.32940673828125,332.8152160644531,331.9620056152344,272.22906494140625,0
3780,214.4060821533203,148.671142578125,493.056884765625,149.9948272705078,515.8131713867188,425.5431823730469,502.0936584472656,373.14068603515625,473.43798828125,396.2656555175781,495.1617736816406,395.6405334472656,485.2015075683594,383.1697998046875,456.879638671875,362.533935546875,414.6245422363281,356.6757507324219,367.08843994140625,332.7454528808594,331.5856628417969,271.89019775390625,0
3781,214.39895629882812,148.6647491455078,493.0843811035156,149.95770263671875,515.8079833984375,425.5452880859375,502.10107421875,373.18731689453125,473.4721984863281,396.3223571777344,495.1819763183594,395.7295837402344,485.2164001464844,383.2086486816406,456.84478759765625,362.49951171875,414.6007385253906,356.6894226074219,367.0862731933594,332.73370361328125,331.5933532714844,271.89892578125,0
3782,214.4953155517578,148.599609375,492.9881286621094,149.91094970703125,515.6607055664062,425.2461853027344,502.5163879394531,372.9155578613281,473.72802734375,396.1715087890625,495.4997253417969,395.712890625,485.7229309082031,383.0732421875,457.2408142089844,362.5421142578125,415.0250244140625,356.65142822265625,367.16668701171875,332.8179931640625,331.272705078125,272.14776611328125,0
3783,214.40853881835938,148.73085021972656,493.0198974609375,149.99366760253906,515.5394897460938,425.83233642578125,503.5526428222656,373.1123352050781,474.62841796875,396.4198913574219,496.2428283691406,396.2305908203125,486.29644775390625,383.1737060546875,457.50732421875,362.6125183105469,414.8079833984375,356.4996032714844,367.281005859375,333.2872009277344,331.8021545410156,272.55926513671875,0
3784,214.42236328125,148.6825408935547,493.0451965332031,149.91648864746094,515.899169921875,426.273193359375,504.04486083984375,373.8127136230469,475.5685729980469,397.2373352050781,496.90191650390625,396.86444091796875,487.2345275878906,383.8331298828125,457.88006591796875,363.0113830566406,414.8544616699219,356.368408203125,367.2893371582031,333.416748046875,331.44622802734375,271.7965087890625,0
3785,214.32186889648438,148.62948608398438,492.9616394042969,149.8758544921875,515.7603759765625,426.05023193359375,503.718017578125,373.67388916015625,474.6421203613281,396.6244812011719,496.45428466796875,396.4958801269531,486.7481384277344,383.59661865234375,457.8416442871094,362.81591796875,414.7929992675781,356.433349609375,367.33642578125,332.8871154785156,331.8232116699219,271.70306396484375,0
3786,214.3544158935547,148.61900329589844,493.0442810058594,149.88665771484375,515.7572631835938,426.0572204589844,503.7323913574219,373.70916748046875,474.6551208496094,396.6138000488281,496.43524169921875,396.5155029296875,486.7708435058594,383.6318664550781,457.8478698730469,362.8128662109375,414.7918395996094,356.4341735839844,367.3389587402344,332.8887939453125,331.8262939453125,271.7093200683594,0
3787,214.33554077148438,148.7073516845703,493.0410461425781,149.86289978027344,515.5840454101562,426.1108703613281,503.8822937011719,373.2093811035156,475.2298889160156,396.672119140625,496.73199462890625,396.44403076171875,486.84619140625,383.3454284667969,457.9312744140625,362.884033203125,414.7791442871094,356.4082946777344,367.5415954589844,333.309814453125,331.26715087890625,271.0369567871094,0
3788,214.47813415527344,148.66424560546875,493.09814453125,149.7562255859375,516.7454833984375,425.9176940917969,504.2605895996094,373.3605041503906,475.6833801269531,397.11810302734375,497.4160461425781,396.6859130859375,487.40521240234375,383.60076904296875,457.8330078125,362.9261474609375,414.65899658203125,356.3450012207031,367.2320556640625,333.1416320800781,331.46881103515625,270.8392028808594,0
3789,214.52365112304688,148.7335968017578,493.07177734375,149.7593536376953,516.56640625,426.2135925292969,504.2147216796875,373.37908935546875,475.82684326171875,397.1830749511719,497.4164123535156,396.67901611328125,487.3033752441406,383.5650634765625,458.0067138671875,363.0274658203125,414.818115234375,356.3973388671875,367.42333984375,333.3060607910156,331.63690185546875,269.3280334472656,0
3790,214.47842407226562,148.66036987304688,492.9916687011719,149.7236328125,516.4421997070312,425.60797119140625,503.9994201660156,373.18646240234375,475.7408447265625,397.14410400390625,497.1003723144531,396.28466796875,487.1575927734375,383.2674865722656,457.9407958984375,363.1907043457031,414.5020446777344,356.4919128417969,366.87310791015625,332.8771057128906,331.4805603027344,269.811767578125,0
3791,214.36322021484375,148.4303436279297,493.0489501953125,149.79103088378906,516.2730712890625,425.9551696777344,504.400146484375,373.1960144042969,475.8020324707031,397.0595703125,497.3045349121094,396.2682189941406,487.0400695800781,383.0675964355469,457.6044006347656,363.355224609375,414.42156982421875,356.50286865234375,367.3526306152344,332.5562438964844,331.46490478515625,272.4393615722656,0
3792,214.36737060546875,148.6050567626953,492.9871826171875,150.07049560546875,517.2518920898438,426.389892578125,505.1239318847656,373.4446105957031,476.02197265625,397.60723876953125,498.25927734375,396.8814392089844,487.20050048828125,382.8459777832031,457.75164794921875,363.2373962402344,414.3377380371094,356.3585510253906,367.4884338378906,333.2845458984375,331.7552490234375,272.58331298828125,0
3793,214.3111114501953,148.6449432373047,493.0303649902344,149.91220092773438,517.5877685546875,426.48565673828125,505.609375,373.8240051269531,476.7397766113281,397.6888427734375,498.6861877441406,397.0863952636719,487.67205810546875,382.9158630371094,458.2012023925781,363.212890625,414.98919677734375,356.4306335449219,368.00299072265625,333.61151123046875,332.2656555175781,273.06304931640625,0
3794,214.4844512939453,148.5946044921875,493.11004638671875,149.92987060546875,517.9151000976562,425.7987060546875,505.4294738769531,373.1890563964844,476.33514404296875,397.1058349609375,498.4678039550781,396.4080505371094,487.2965087890625,382.09039306640625,458.5904541015625,362.3644714355469,414.823486328125,356.5752868652344,367.0592346191406,333.47967529296875,332.1328125,272.71856689453125,0
3795,214.48500061035156,148.5953369140625,493.14617919921875,149.85540771484375,517.9336547851562,425.7818908691406,505.42950439453125,373.1922607421875,476.3634033203125,397.0765380859375,498.4825744628906,396.4273376464844,487.325927734375,382.0747375488281,458.57086181640625,362.3440856933594,414.7867126464844,356.5968017578125,367.0534973144531,333.469970703125,332.13360595703125,272.72198486328125,0
3796,214.37673950195312,148.6712188720703,493.17059326171875,149.7238311767578,518.3366088867188,425.3654479980469,505.5169982910156,373.2193603515625,476.4394226074219,396.8445739746094,498.4012756347656,396.12738037109375,487.2669677734375,381.6387023925781,458.7530822753906,362.1883850097656,415.0927734375,356.61962890625,366.9832458496094,333.8256530761719,331.66693115234375,272.8590087890625,0
3797,214.3969268798828,148.5528106689453,493.1450500488281,149.76611328125,519.2798461914062,425.34088134765625,505.92181396484375,373.244140625,476.9928283691406,397.56622314453125,499.3999328613281,395.9690246582031,487.67755126953125,381.8624572753906,458.6745910644531,362.568115234375,415.1114807128906,356.6900329589844,367.27056884765625,333.9294128417969,331.89141845703125,274.02911376953125,0
3798,214.4256591796875,148.6492156982422,493.2694091796875,149.70530700683594,519.1284790039062,425.88812255859375,505.9678039550781,373.70672607421875,476.8453369140625,397.4367370605469,499.33868408203125,396.44964599609375,487.77294921875,382.1488952636719,458.9063415527344,362.2782897949219,415.1600646972656,356.70013427734375,367.5386962890625,334.0224914550781,331.934326171875,272.9923400878906,0
3799,214.54591369628906,148.69094848632812,493.2451171875,149.74172973632812,518.9246215820312,426.5745544433594,505.4593200683594,376.54412841796875,478.3875732421875,398.5956726074219,500.6517639160156,398.1885070800781,488.8899230957031,384.39306640625,458.0155334472656,363.0528564453125,415.0584716796875,357.2909240722656,367.5582580566406,334.153564453125,332.19598388671875,272.18719482421875,0
3800,214.54078674316406,148.6863555908203,493.2450866699219,149.74163818359375,518.9169921875,426.5731201171875,505.4407653808594,376.60003662109375,478.3813171386719,398.588134765625,500.6399841308594,398.2032470703125,488.8904113769531,384.4224853515625,458.0189514160156,363.05987548828125,415.0614013671875,357.28009033203125,367.5963134765625,334.19677734375,332.259521484375,272.1619567871094,0
3801,214.49937438964844,148.69061279296875,493.2369079589844,149.76039123535156,519.0076904296875,426.86309814453125,505.1808776855469,378.52484130859375,478.6486511230469,400.5381164550781,500.6765441894531,399.78076171875,489.3884582519531,385.8638610839844,457.609130859375,364.5296936035156,414.99481201171875,357.9364318847656,368.38140869140625,336.9736022949219,331.38922119140625,280.38751220703125,0
3802,214.59779357910156,148.6725311279297,493.2108459472656,149.7589569091797,513.5526123046875,430.08782958984375,500.1244201660156,378.69769287109375,472.7662658691406,403.3369140625,494.850341796875,400.9476623535156,484.16070556640625,389.76165771484375,455.4292297363281,364.5838928222656,416.08587646484375,357.6131591796875,366.1201477050781,339.7623291015625,324.4815979003906,286.6754150390625,0
3803,214.608642578125,148.5342254638672,493.2818298339844,149.6876983642578,511.0010070800781,430.27783203125,497.3778381347656,379.4267883300781,470.2623596191406,403.53094482421875,493.2461242675781,400.9424133300781,481.4627990722656,389.3388366699219,453.9720153808594,364.1153564453125,414.8912048339844,356.7361145019531,365.9261474609375,337.8367919921875,321.7764587402344,293.89361572265625,0
3804,214.64279174804688,148.7783966064453,493.32275390625,149.63433837890625,511.87506103515625,429.9187927246094,496.1171569824219,378.915283203125,469.5193176269531,403.8600158691406,492.1826171875,401.195068359375,480.3923034667969,389.8439025878906,453.22283935546875,364.3609619140625,415.46014404296875,356.8468322753906,364.38482666015625,337.11383056640625,317.230224609375,299.70855712890625,0
3805,214.6420135498047,148.77818298339844,493.3001708984375,149.65380859375,511.8841857910156,429.9228515625,496.12493896484375,378.9152526855469,469.529052734375,403.83026123046875,492.1883544921875,401.1714782714844,480.3949890136719,389.8367614746094,453.2278747558594,364.3633728027344,415.4623107910156,356.8509521484375,364.39495849609375,337.11761474609375,317.2308654785156,299.7090759277344,0
3806,214.60157775878906,148.6630859375,493.21044921875,149.5682373046875,508.6081848144531,432.67724609375,496.08203125,379.45343017578125,466.5105285644531,401.3265075683594,490.4076843261719,401.8255615234375,479.62969970703125,389.5141296386719,454.09893798828125,364.19085693359375,416.2129211425781,356.49395751953125,363.15350341796875,334.2359313964844,311.89276123046875,296.65380859375,0
3807,214.6051788330078,148.65736389160156,493.266845703125,149.7196502685547,507.5725402832031,442.8307189941406,499.1207580566406,386.8975524902344,469.21197509765625,409.0426330566406,492.3204650878906,410.12677001953125,482.34674072265625,395.95806884765625,457.473876953125,368.497314453125,417.2544860839844,356.09478759765625,367.1675720214844,333.45355224609375,319.7658386230469,297.37554931640625,0
3808,214.45291137695312,148.67498779296875,493.2392883300781,149.69581604003906,504.45025634765625,448.9579772949219,498.1358642578125,390.5118408203125,466.75274658203125,408.7900085449219,490.5320129394531,412.9922790527344,480.88909912109375,398.2628479003906,458.18878173828125,368.7642517089844,417.4538879394531,356.02099609375,366.54364013671875,332.43646240234375,313.0313720703125,292.112548828125,0
3809,214.4231414794922,148.61605834960938,493.2567138671875,149.8085174560547,491.52532958984375,457.6558837890625,496.5799865722656,401.9127197265625,462.9889831542969,412.4063720703125,484.5614318847656,422.1897888183594,478.8262939453125,403.8575134277344,460.3054504394531,369.3851623535156,417.4141540527344,354.5821838378906,364.8284912109375,331.7905578613281,310.8812255859375,289.5715637207031,0
3810,214.25689697265625,148.59945678710938,493.316162109375,149.68576049804688,490.5411071777344,464.3716125488281,495.5107727050781,406.6344299316406,461.731201171875,415.75115966796875,482.192626953125,427.0356750488281,477.109375,408.3056640625,460.3117980957031,370.5125732421875,417.03387451171875,354.08941650390625,364.39837646484375,331.7425842285156,310.00604248046875,288.3031005859375,0
3811,214.30404663085938,148.57009887695312,493.3087463378906,149.69630432128906,490.5276184082031,464.3766784667969,495.51031494140625,406.6347961425781,461.736083984375,415.7502136230469,482.1971130371094,427.04931640625,477.1025695800781,408.3017578125,460.3690490722656,370.5105285644531,417.0496520996094,354.115478515625,364.3523864746094,331.74896240234375,309.6889343261719,288.11126708984375,0
3812,214.3715362548828,148.6416473388672,493.16876220703125,149.8182373046875,487.7407531738281,470.0840148925781,496.7432861328125,412.3495788574219,460.991455078125,419.6478271484375,481.5933837890625,431.8423767089844,478.6236572265625,411.679443359375,461.0773010253906,372.9537048339844,416.4137878417969,353.81695556640625,364.1688537597656,331.7025451660156,310.08746337890625,288.48480224609375,0
3813,214.36138916015625,148.63023376464844,493.2813415527344,149.71768188476562,482.47076416015625,475.1199645996094,495.0297546386719,420.9263000488281,459.8738098144531,426.6871337890625,479.6269226074219,437.95068359375,477.3551940917969,419.72998046875,463.3594665527344,377.27764892578125,416.0590515136719,353.15167236328125,363.0084533691406,331.30426025390625,308.100341796875,287.1634216308594,0
3814,214.28701782226562,148.54344177246094,493.3066711425781,149.78453063964844,479.4313659667969,475.97088623046875,492.5804748535156,420.6142272949219,456.0990905761719,426.8481750488281,476.5389099121094,438.9363098144531,473.677978515625,420.26812744140625,460.53057861328125,376.286376953125,416.13116455078125,352.25042724609375,363.08441162109375,331.7575378417969,310.7992858886719,288.9561462402344,0
3815,214.29917907714844,148.54876708984375,493.30230712890625,149.80026245117188,479.426025390625,475.9745178222656,492.61517333984375,420.6750793457031,456.11859130859375,426.85479736328125,476.5234069824219,438.964111328125,473.655517578125,420.3414001464844,460.5542297363281,376.3005065917969,416.1207275390625,352.2449645996094,363.0771484375,331.76220703125,310.8006591796875,288.9670715332031,0
3816,214.33456420898438,148.6821746826172,493.2753601074219,149.68057250976562,480.7467956542969,474.107666015625,491.9618835449219,418.5022888183594,455.78729248046875,425.04718017578125,475.5184631347656,436.5635986328125,473.158935546875,418.5008850097656,459.3294982910156,376.6402282714844,415.9706115722656,352.0992126464844,362.74603271484375,331.68603515625,310.1647033691406,288.647216796875,0
3817,214.2486114501953,148.69386291503906,493.2572937011719,149.6245574951172,489.42462158203125,466.5438232421875,490.5655212402344,409.77581787109375,455.1802978515625,421.28802490234375,479.11614990234375,428.0719299316406,473.2808532714844,412.1072692871094,456.841796875,373.2628479003906,415.7857360839844,351.875,362.336669921875,331.6534729003906,310.0705261230469,288.3524475097656,0
3818,214.27626037597656,148.71337890625,493.22943115234375,149.73626708984375,491.0027770996094,461.58074951171875,494.6451110839844,404.38525390625,458.352294921875,417.101318359375,481.0535888671875,425.4246520996094,475.0730895996094,408.3387756347656,456.8144836425781,372.39422607421875,414.8520202636719,351.86285400390625,361.939208984375,331.37890625,309.2642822265625,287.7894287109375,0
3819,214.23638916015625,148.67115783691406,493.22283935546875,149.7648162841797,508.39007568359375,438.1497497558594,492.12225341796875,389.80517578125,464.2919006347656,414.6273498535156,488.5882568359375,412.92724609375,477.8381652832031,400.9944763183594,454.51983642578125,370.18170166015625,414.75079345703125,352.11529541015625,361.8648376464844,331.4241943359375,309.7096862792969,287.7543029785156,0
3820,214.2388916015625,148.67115783691406,493.19439697265625,149.73049926757812,508.3668212890625,438.2601013183594,492.1275329589844,389.79449462890625,464.2445068359375,414.55670166015625,488.5692443847656,412.9252014160156,477.8441162109375,400.9356384277344,454.3551330566406,370.07318115234375,414.76324462890625,352.0898132324219,361.851806640625,331.4403991699219,309.6932678222656,287.7154541015625,0
3821,214.32302856445312,148.74591064453125,493.2274475097656,149.7194366455078,517.0093994140625,426.7528381347656,491.9397888183594,381.4391174316406,468.61749267578125,412.1199645996094,490.1449279785156,403.5508117675781,477.6861267089844,393.5245056152344,452.8841857910156,367.66473388671875,414.1396789550781,352.4651184082031,361.935546875,331.4635009765625,309.36859130859375,289.0421142578125,0
3822,214.4134979248047,148.75950622558594,493.20166015625,149.7020721435547,522.1669921875,418.15728759765625,497.0015563964844,372.5806579589844,473.7279357910156,403.2074279785156,494.6135559082031,393.4785461425781,481.66485595703125,385.6875,451.09173583984375,365.8627624511719,413.9806823730469,352.8768005371094,360.8813171386719,331.1428527832031,308.08087158203125,288.27008056640625,0
3823,214.26690673828125,148.50648498535156,493.38165283203125,149.90606689453125,525.2633666992188,412.2301025390625,497.1162109375,367.6770324707031,476.7738037109375,400.087158203125,496.0179748535156,390.53192138671875,482.9322204589844,381.9232177734375,450.3382568359375,364.9885559082031,413.6216125488281,353.07415771484375,360.9107971191406,331.1733703613281,308.0500183105469,289.17132568359375,0
3824,214.1617889404297,148.67657470703125,493.2413024902344,149.87652587890625,523.0953369140625,402.8711242675781,494.2201843261719,363.42169189453125,475.9979553222656,397.1003112792969,494.1781311035156,384.688232421875,480.72998046875,378.29840087890625,448.5797424316406,364.1649169921875,413.52972412109375,353.3323974609375,360.75299072265625,331.3253173828125,307.3372497558594,289.6365966796875,0
3825,214.16734313964844,148.6754150390625,493.23870849609375,149.8751678466797,523.0945434570312,402.8680114746094,494.2220153808594,363.4229431152344,476.00042724609375,397.0913391113281,494.1708679199219,384.677734375,480.7253112792969,378.2879943847656,448.5355529785156,364.16632080078125,413.5281066894531,353.322998046875,360.7586975097656,331.3140563964844,307.3717956542969,289.60369873046875,0
3826,214.3733673095703,148.50547790527344,493.208984375,149.90530395507812,524.5639038085938,397.998046875,492.3846130371094,361.992919921875,477.3115234375,397.9226989746094,494.4793395996094,381.8232421875,480.5768127441406,377.3406066894531,447.5082092285156,364.996337890625,413.61004638671875,353.3913879394531,360.3490905761719,331.1053161621094,306.1656188964844,288.6288146972656,0
3827,214.39329528808594,148.562255859375,493.1513671875,149.7364959716797,523.0,375.705322265625,480.73583984375,355.65509033203125,480.2917175292969,395.49462890625,490.3857421875,374.962646484375,476.558837890625,374.32659912109375,445.69281005859375,367.4351806640625,413.5653076171875,353.95654296875,359.6914367675781,331.3357238769531,306.1628723144531,291.3313903808594,0
3828,214.47256469726562,148.5335693359375,493.0209045410156,149.62185668945312,521.224609375,372.8606262207031,480.0141296386719,353.4779052734375,479.6479797363281,393.5149230957031,490.1985778808594,372.9012145996094,476.27435302734375,373.0024719238281,444.8507080078125,366.52679443359375,413.3099670410156,353.9844970703125,359.3445739746094,331.3626708984375,305.7898864746094,291.6705017089844,0
3829,214.39437866210938,148.60040283203125,493.00347900390625,149.68954467773438,520.3445434570312,374.7490234375,480.4065856933594,351.1443786621094,476.52288818359375,392.46624755859375,489.4762268066406,372.0089416503906,475.5132751464844,370.90289306640625,444.4496154785156,366.0816650390625,413.1968078613281,353.90093994140625,359.2526550292969,331.2138977050781,306.1820983886719,291.89605712890625,0
3830,214.4263153076172,148.60693359375,493.0264892578125,149.6714630126953,520.3369140625,374.7388610839844,480.3713073730469,351.16217041015625,476.540771484375,392.44921875,489.4831848144531,372.0133056640625,475.53387451171875,370.9106750488281,444.41595458984375,366.12432861328125,413.2361755371094,353.86761474609375,359.23175048828125,331.20135498046875,306.1539306640625,291.87115478515625,0
3831,214.45269775390625,148.5972442626953,493.1221618652344,149.67637634277344,518.743896484375,373.7899475097656,479.2214660644531,351.84173583984375,475.867431640625,392.7958679199219,488.3771057128906,372.5895690917969,474.9371337890625,371.5681457519531,443.9747619628906,366.3890075683594,413.35260009765625,353.95269775390625,359.3131103515625,331.32293701171875,307.23345947265625,292.9140930175781,0
3832,214.44680786132812,148.43873596191406,493.10565185546875,149.6387939453125,519.795654296875,376.9650573730469,480.0812683105469,353.5990905761719,476.4893798828125,393.6278991699219,489.2961730957031,373.6341857910156,475.440673828125,372.8015441894531,444.1907653808594,366.2673034667969,413.5735168457031,353.9739685058594,358.9798583984375,331.255859375,305.3839416503906,291.52642822265625,0
3833,214.33616638183594,148.60153198242188,493.2265319824219,149.6102752685547,519.330322265625,375.7254333496094,479.7005920410156,353.2538146972656,476.4768981933594,393.6790771484375,488.94171142578125,373.4775390625,475.1935729980469,372.8425598144531,444.4221496582031,366.06610107421875,413.3807067871094,353.99090576171875,359.1500244140625,331.196044921875,305.6824035644531,291.6228332519531,0
3834,214.2832794189453,148.72068786621094,493.2897644042969,149.67776489257812,520.3224487304688,376.4189758300781,479.3941955566406,352.5090637207031,476.3001403808594,393.34844970703125,488.7618103027344,372.9497985839844,475.0589904785156,372.39404296875,444.0635681152344,366.85076904296875,413.2737731933594,354.1249694824219,359.3049621582031,331.2110900878906,306.2375793457031,291.393310546875,0
3835,214.27032470703125,148.7167205810547,493.22857666015625,149.7581329345703,520.3194580078125,376.4251403808594,479.39410400390625,352.5146484375,476.3010559082031,393.35601806640625,488.75872802734375,372.94317626953125,475.07965087890625,372.38482666015625,444.028076171875,366.7908630371094,413.30029296875,354.11395263671875,359.3027038574219,331.2121887207031,306.2403259277344,291.3948669433594,0
3836,214.21420288085938,148.71754455566406,493.2179870605469,149.57681274414062,521.314453125,375.979736328125,479.90216064453125,352.3841247558594,477.3179931640625,392.759521484375,489.4071044921875,372.5316467285156,475.9258728027344,371.76788330078125,444.0418701171875,366.3579406738281,413.4138488769531,354.0924377441406,359.49334716796875,331.2797546386719,306.2641296386719,291.2599182128906,0
3837,214.27418518066406,148.79405212402344,493.1582336425781,149.5355987548828,521.7192993164062,374.5126953125,478.9073181152344,352.0316467285156,477.4407043457031,392.360107421875,489.034912109375,371.7920227050781,475.51678466796875,371.4462890625,444.04632568359375,366.3097839355469,413.60595703125,354.18096923828125,359.5284423828125,331.38201904296875,306.0941162109375,291.5118103027344,0
3838,214.17526245117188,148.63031005859375,493.211669921875,149.65684509277344,521.336669921875,373.91790771484375,478.4087829589844,352.0257263183594,476.86468505859375,392.1527099609375,488.64501953125,371.8016357421875,475.11273193359375,371.5123596191406,443.9789123535156,366.3999938964844,413.6896057128906,354.1482849121094,359.8443908691406,331.6304626464844,306.4676208496094,291.6585998535156,0
3839,214.50357055664062,148.75686645507812,493.30859375,149.4883270263672,522.099365234375,373.5558166503906,479.06622314453125,351.7903747558594,478.47454833984375,392.2114562988281,489.4627990722656,371.17596435546875,475.6724548339844,370.9834289550781,444.00543212890625,366.66156005859375,413.6361083984375,354.1850891113281,359.7386779785156,331.3913879394531,306.5458984375,291.6559143066406,0
3840,214.45855712890625,148.7681427001953,493.3141174316406,149.49578857421875,522.1106567382812,373.5697326660156,479.0760803222656,351.7818298339844,478.46112060546875,392.2111511230469,489.4633483886719,371.18560791015625,475.69769287109375,370.9694519042969,444.01611328125,366.5667724609375,413.6763610839844,354.19573974609375,359.76202392578125,331.404296875,306.526611328125,291.66339111328125,0
3841,214.484130859375,148.65756225585938,493.2424621582031,149.6782684326172,522.4003295898438,373.3589782714844,479.356201171875,351.652099609375,479.3109130859375,391.97735595703125,490.0343322753906,371.201171875,476.0025939941406,371.09552001953125,444.73248291015625,366.4830322265625,413.8768615722656,354.0560302734375,359.80889892578125,331.49200439453125,306.4150695800781,291.7099914550781,0
3842,214.4134063720703,148.728271484375,493.24725341796875,149.49806213378906,521.6954956054688,373.58026123046875,479.318603515625,352.1839294433594,479.06170654296875,392.08416748046875,489.6247253417969,371.5336608886719,476.0287780761719,371.5248107910156,445.3810119628906,366.4098815917969,413.6746520996094,354.0625305175781,359.3934326171875,331.3085632324219,305.8130798339844,291.0603332519531,0
3843,214.4047088623047,148.7364044189453,493.36328125,149.5984649658203,520.9246826171875,373.9302978515625,479.4783630371094,352.0142517089844,478.8348388671875,392.54150390625,489.54217529296875,371.64129638671875,476.19036865234375,371.9542236328125,445.54656982421875,366.68548583984375,413.9075622558594,354.0951843261719,360.0347900390625,331.6282653808594,307.0063781738281,291.7884826660156,0
3844,214.42820739746094,148.7424774169922,493.3662109375,149.6568603515625,521.6441040039062,374.0116271972656,480.0491027832031,352.2415771484375,479.45904541015625,392.6336364746094,490.0089416503906,371.64794921875,476.6741943359375,372.22808837890625,445.4967041015625,366.8119201660156,414.2103576660156,354.1440124511719,359.625244140625,331.5210876464844,305.7862548828125,291.16162109375,0
3845,214.48414611816406,148.73228454589844,493.36297607421875,149.55287170410156,522.1761474609375,373.76434326171875,480.0799865722656,352.2042236328125,479.9839782714844,392.6641540527344,490.4589538574219,371.7338562011719,476.9303283691406,372.05584716796875,445.8103942871094,366.9313049316406,414.183349609375,354.10784912109375,359.7452392578125,331.602783203125,306.1172790527344,291.37030029296875,0
3846,214.30044555664062,148.73794555664062,493.3892822265625,149.6477813720703,522.7071533203125,373.7440490722656,480.188720703125,351.9313659667969,480.21026611328125,392.5252685546875,490.8103332519531,371.8837890625,477.0301818847656,371.96417236328125,446.0749206542969,367.17138671875,414.1868896484375,354.0875244140625,359.833740234375,331.642333984375,305.3210754394531,291.4173583984375,0
3847,214.31402587890625,148.68214416503906,493.3215637207031,149.60464477539062,522.6692504882812,374.0937805175781,480.6596374511719,352.205810546875,480.54437255859375,392.98785400390625,491.25390625,372.1425476074219,477.4251403808594,372.1770324707031,445.9939270019531,366.8953857421875,414.0135803222656,354.0580139160156,359.9961242675781,331.643310546875,305.9109191894531,291.7906494140625,0
3848,214.29454040527344,148.73594665527344,493.2650451660156,149.60012817382812,522.6737060546875,374.0979309082031,480.63983154296875,352.2188415527344,480.56427001953125,393.0373840332031,491.2328186035156,372.15228271484375,477.4068603515625,372.21051025390625,446.0348205566406,366.93377685546875,414.0264892578125,354.04693603515625,360.0560302734375,331.67010498046875,305.9028625488281,291.7665100097656,0
3849,214.36085510253906,148.66978454589844,493.2205810546875,149.5912322998047,523.2132568359375,374.5534362792969,480.8218688964844,352.5004577636719,480.7585754394531,393.12176513671875,491.298095703125,372.2026672363281,477.5028076171875,372.3417663574219,446.0538635253906,367.01556396484375,414.08544921875,354.1537780761719,359.85260009765625,331.5787658691406,305.6865539550781,291.5504150390625,0
3850,214.4370880126953,148.699951171875,493.2007141113281,149.65457153320312,523.0040283203125,375.2673645019531,481.01055908203125,352.39581298828125,480.4318542480469,393.0278625488281,491.1874084472656,372.4021911621094,477.6465148925781,372.3154602050781,446.06365966796875,366.8300476074219,414.3265686035156,354.1816101074219,360.3454895019531,331.7881164550781,306.3474426269531,292.0639953613281,0
3851,214.2613525390625,148.55642700195312,493.1552429199219,149.67816162109375,523.027587890625,374.9847717285156,480.7674865722656,352.4771728515625,481.2893981933594,393.1405334472656,491.5310974121094,372.2408447265625,477.7928466796875,372.2676086425781,446.60076904296875,366.947509765625,414.2697448730469,354.23931884765625,359.90869140625,331.615234375,305.5286865234375,291.4306335449219,0
3852,214.2631378173828,148.5478973388672,493.17193603515625,149.68246459960938,523.0297241210938,375.0002746582031,480.8170471191406,352.4687194824219,481.1687316894531,393.16583251953125,491.4795837402344,372.2704162597656,477.74700927734375,372.2753601074219,446.60076904296875,366.8669738769531,414.267822265625,354.2527160644531,359.9034118652344,331.6142578125,305.52239990234375,291.4443664550781,0
3853,214.29148864746094,148.41062927246094,493.14111328125,149.6570587158203,523.4472045898438,374.462890625,481.0907897949219,352.2755432128906,481.5231628417969,393.3359069824219,491.6672668457031,372.14813232421875,477.9742431640625,372.27093505859375,446.316650390625,367.4023742675781,414.40399169921875,354.2586364746094,360.2241516113281,331.7185363769531,306.38812255859375,292.18243408203125,0
3854,214.4019012451172,148.58131408691406,493.1504211425781,149.68753051757812,524.3721313476562,373.5065002441406,481.2664794921875,352.5140075683594,482.30712890625,392.8380126953125,492.2901306152344,372.1386413574219,476.98223876953125,372.72259521484375,446.9661865234375,367.2286071777344,414.3556213378906,354.34857177734375,360.07452392578125,331.6934814453125,306.20635986328125,292.1526794433594,0
3855,214.4010772705078,148.50840759277344,493.20947265625,149.69598388671875,524.1581420898438,373.3036193847656,481.3509216308594,352.467041015625,482.4351501464844,392.552734375,491.92596435546875,372.0643310546875,476.7287292480469,372.5860900878906,446.7964782714844,366.9902038574219,414.3721923828125,354.3543701171875,360.2108154296875,331.7830505371094,306.2421875,292.3172912597656,0
3856,214.35165405273438,148.55381774902344,493.263916015625,149.6775360107422,524.5567626953125,372.99591064453125,481.28131103515625,352.03936767578125,483.0713806152344,392.7524719238281,492.2133483886719,371.592529296875,476.8641052246094,372.3977355957031,446.7015380859375,367.2598571777344,414.553955078125,354.4040832519531,359.77581787109375,331.5922546386719,305.9132385253906,291.99359130859375,0
3857,214.3571014404297,148.55303955078125,493.2705383300781,149.75645446777344,524.6661376953125,372.84271240234375,481.1751403808594,351.9190368652344,483.0928955078125,392.78509521484375,492.2752380371094,371.5289306640625,476.9145202636719,372.3019104003906,446.763671875,367.2027587890625,414.5446472167969,354.4139404296875,359.77691650390625,331.59259033203125,305.91363525390625,291.9959411621094,0
3858,214.46937561035156,148.64181518554688,493.1978759765625,149.8082275390625,524.7266845703125,372.5234069824219,481.3076477050781,351.99566650390625,483.35321044921875,392.80218505859375,492.3329772949219,371.480712890625,476.9212341308594,372.34197998046875,446.9293212890625,367.2333679199219,414.411376953125,354.2322692871094,360.04534912109375,331.7581481933594,306.2960205078125,292.4321594238281,0
3859,214.3993682861328,148.38880920410156,493.1925048828125,149.68975830078125,524.7531127929688,372.36541748046875,481.1551208496094,351.3721618652344,483.2403259277344,392.2010498046875,492.1922607421875,370.96673583984375,476.90899658203125,371.94659423828125,447.09588623046875,367.0273742675781,414.412353515625,354.2782897949219,359.9447937011719,331.7601013183594,306.1589050292969,292.1678771972656,0
3860,214.28341674804688,148.4958953857422,493.25,149.79798889160156,525.0169677734375,372.502197265625,481.4181823730469,351.8316650390625,483.3228454589844,392.4695129394531,492.32061767578125,371.3677978515625,476.95123291015625,372.21563720703125,447.1683349609375,367.1310729980469,414.236083984375,354.1952819824219,359.6694030761719,331.65460205078125,305.52178955078125,291.787841796875,0
3861,214.40452575683594,148.6039276123047,493.328857421875,149.7088623046875,525.7198486328125,372.3935241699219,481.7244873046875,352.13409423828125,484.30963134765625,392.3937683105469,492.8735656738281,371.28228759765625,477.7284240722656,372.5400390625,447.371337890625,367.44146728515625,414.2969665527344,354.2069396972656,359.84808349609375,331.659423828125,306.35748291015625,292.43524169921875,0
3862,214.4154815673828,148.5415802001953,493.3409423828125,149.707275390625,525.7015991210938,372.3995361328125,481.7180480957031,352.1462707519531,484.309326171875,392.40155029296875,492.8795471191406,371.2883605957031,477.7578125,372.5484619140625,447.43011474609375,367.5031433105469,414.3388977050781,354.24493408203125,359.9212951660156,331.6921691894531,306.3692321777344,292.426025390625,0
3863,214.3990020751953,148.64849853515625,493.364990234375,149.80686950683594,525.7295532226562,372.3424377441406,481.6146240234375,352.1961975097656,484.17803955078125,392.4129638671875,492.83941650390625,371.3692321777344,477.6168212890625,372.5172424316406,447.525146484375,367.2491760253906,414.42669677734375,354.2640075683594,360.1789245605469,331.7884216308594,306.41796875,292.6265563964844,0
3864,214.3018341064453,148.74703979492188,493.2625732421875,149.73814392089844,525.042724609375,372.4874267578125,481.4078063964844,352.1289367675781,483.816162109375,392.4951171875,492.5843505859375,371.3084716796875,477.3250732421875,372.5111389160156,447.50323486328125,367.1636047363281,414.5984191894531,354.319580078125,360.3495178222656,331.8058776855469,306.5711975097656,292.7347412109375,0
3865,214.33779907226562,148.75576782226562,493.3289794921875,149.82347106933594,525.773681640625,372.8038330078125,481.6820068359375,352.1632385253906,484.27960205078125,392.28167724609375,492.8743896484375,371.219970703125,477.63299560546875,372.3793640136719,447.33551025390625,367.18218994140625,414.9143371582031,354.53179931640625,360.2675476074219,331.7918395996094,306.58135986328125,292.5087585449219,0
3866,214.4165802001953,148.73707580566406,493.2543029785156,149.86497497558594,526.4812622070312,372.6412353515625,481.91595458984375,352.2479248046875,484.2812805175781,391.77777099609375,493.0828552246094,371.2432556152344,477.72186279296875,372.4349060058594,447.8428955078125,367.448974609375,415.1446838378906,354.5272521972656,360.7328796386719,331.9792175292969,307.3439636230469,293.1461486816406,0
3867,214.4177703857422,148.7357177734375,493.2551574707031,149.86691284179688,526.4783935546875,372.64166259765625,481.9156188964844,352.2481689453125,484.2803955078125,391.7825927734375,493.08172607421875,371.24395751953125,477.7231750488281,372.4341125488281,447.8421630859375,367.45050048828125,415.1451416015625,354.526611328125,360.74029541015625,331.9821472167969,307.3193054199219,293.1350402832031,0
3868,214.38339233398438,148.72683715820312,493.2492370605469,149.79417419433594,525.9591064453125,372.64422607421875,481.865234375,352.34735107421875,484.23876953125,391.959716796875,492.9571228027344,371.31329345703125,477.7150573730469,372.6766662597656,449.58953857421875,367.1914367675781,414.4433898925781,354.3291320800781,360.2265930175781,331.7589416503906,306.4363098144531,292.48748779296875,0
3869,214.5386962890625,148.7232666015625,493.1783447265625,149.74774169921875,525.998779296875,373.0364685058594,481.79522705078125,352.568603515625,484.4320983886719,392.3447265625,493.09063720703125,371.4681701660156,477.9834899902344,372.7884521484375,447.47637939453125,367.9032897949219,415.02825927734375,354.5041809082031,360.3003234863281,331.79638671875,307.1267395019531,293.126220703125,0
3870,214.51011657714844,148.71624755859375,493.1777038574219,149.7098388671875,526.5237426757812,372.671142578125,482.3046875,352.59503173828125,484.78521728515625,392.35382080078125,493.30584716796875,371.50262451171875,478.1617126464844,372.85296630859375,449.45379638671875,367.300048828125,414.3316955566406,354.2139587402344,360.2202453613281,331.85186767578125,307.11932373046875,293.28546142578125,0
3871,214.48959350585938,148.765869140625,493.2076721191406,149.64698791503906,526.3761596679688,372.69500732421875,482.3589172363281,352.7604675292969,484.6387023925781,392.19659423828125,493.35430908203125,371.533447265625,478.1899719238281,372.8882751464844,449.72607421875,367.48974609375,414.42822265625,354.30633544921875,359.9918212890625,331.7105407714844,307.0423889160156,293.0754089355469,0
3872,214.52352905273438,148.74522399902344,493.2024841308594,149.63441467285156,526.3491821289062,372.6943359375,482.364013671875,352.74761962890625,484.6529846191406,392.21514892578125,493.38226318359375,371.5444030761719,478.2264709472656,372.8902893066406,449.73614501953125,367.4910583496094,414.4277648925781,354.2995300292969,360.04205322265625,331.7234802246094,307.0443115234375,293.08612060546875,0
3873,214.44583129882812,148.75445556640625,493.2760925292969,149.60728454589844,526.0267944335938,372.88165283203125,482.5152282714844,353.1582946777344,484.6919250488281,392.5040588378906,493.39349365234375,371.9296875,478.4016418457031,373.1576232910156,449.81573486328125,367.4582214355469,414.5962219238281,354.3192443847656,360.1465148925781,331.825439453125,306.7076416015625,292.7909240722656,0
3874,214.3980712890625,148.8845672607422,493.2999267578125,149.57078552246094,527.2801513671875,372.9561462402344,482.5619812011719,352.873291015625,484.952392578125,392.55029296875,493.7547912597656,371.6611633300781,478.5559387207031,372.9211120605469,449.5794372558594,367.56903076171875,414.8694152832031,354.60260009765625,360.2754211425781,331.9707946777344,307.71429443359375,293.7373962402344,0
3875,214.3601837158203,148.59510803222656,493.28564453125,149.66036987304688,527.4031372070312,372.9580383300781,482.31121826171875,352.78143310546875,484.66619873046875,392.3415222167969,493.8844299316406,371.5108337402344,478.6365966796875,372.9068908691406,449.6298522949219,367.7267150878906,414.8885498046875,354.6735534667969,359.892822265625,331.78985595703125,307.6419372558594,293.5804138183594,0
3876,214.34800720214844,148.67864990234375,493.2304992675781,149.7134246826172,525.9893798828125,372.6176452636719,482.1845703125,352.8875732421875,484.42205810546875,392.56805419921875,493.55908203125,371.6667175292969,478.3907470703125,373.0208435058594,449.664794921875,367.5498352050781,415.12457275390625,354.6379089355469,360.096923828125,331.9919738769531,307.9564514160156,293.9839172363281,0
3877,214.3447265625,148.6763153076172,493.23944091796875,149.66310119628906,525.9802856445312,372.6193542480469,482.0799865722656,352.9131774902344,484.4317932128906,392.5949401855469,493.52227783203125,371.71185302734375,478.3735046386719,372.9922180175781,449.7023010253906,367.5494079589844,415.1372375488281,354.6341247558594,360.12451171875,331.99859619140625,307.8836975097656,293.94268798828125,0
3878,214.3333282470703,148.7080078125,493.2560119628906,149.6418914794922,526.2181396484375,372.5877685546875,482.4322814941406,352.8125915527344,484.6504211425781,392.8069152832031,493.6392517089844,371.787353515625,478.56878662109375,372.88323974609375,447.7242736816406,367.92437744140625,415.1046142578125,354.4200134277344,360.0272216796875,331.8373107910156,306.83013916015625,292.97137451171875,0
3879,214.38296508789062,148.79136657714844,493.29248046875,149.68548583984375,527.3240356445312,373.0140075683594,482.952880859375,353.0164794921875,484.98272705078125,392.83349609375,493.8758544921875,371.9286804199219,478.8475646972656,373.1131286621094,449.83770751953125,367.2774353027344,415.1094665527344,354.4898986816406,360.1924133300781,331.90570068359375,307.6913146972656,293.5555419921875,0
3880,214.32015991210938,148.7286376953125,493.2730407714844,149.73678588867188,527.9204711914062,373.0679931640625,484.0688171386719,353.4458923339844,485.023681640625,392.6182861328125,494.0395202636719,372.16943359375,479.1575927734375,373.12127685546875,449.7490234375,367.0790710449219,415.2242126464844,354.4654235839844,360.4806213378906,331.9618225097656,307.0451354980469,293.0724792480469,0
3881,214.39093017578125,148.72596740722656,493.2590026855469,149.71299743652344,527.8248901367188,372.773193359375,483.19122314453125,353.2098388671875,485.1575622558594,392.6650695800781,494.1698303222656,371.988037109375,479.0030822753906,373.2779541015625,449.7182922363281,367.4786071777344,415.21466064453125,354.4542236328125,360.49560546875,332.0716247558594,307.9726867675781,294.1780090332031,0
3882,214.4028778076172,148.7481231689453,493.25604248046875,149.71307373046875,527.8491821289062,372.7760009765625,483.1770935058594,353.1882629394531,485.1283264160156,392.6520080566406,494.1564636230469,371.9708557128906,478.9700927734375,373.2658386230469,449.69134521484375,367.47119140625,415.21014404296875,354.455810546875,360.491455078125,332.0646057128906,307.9734191894531,294.1783142089844,0
3883,214.32736206054688,148.84097290039062,493.1966552734375,149.64144897460938,527.8621215820312,373.0131530761719,483.0249328613281,352.9476623535156,485.0998840332031,392.5315856933594,494.10943603515625,371.88079833984375,478.83709716796875,373.16278076171875,449.6725158691406,367.5345458984375,415.2335510253906,354.4067687988281,360.4144592285156,331.93634033203125,306.52001953125,293.1317138671875,0
3884,214.18540954589844,148.67816162109375,493.1060791015625,149.8659210205078,527.8685913085938,372.9820861816406,483.07025146484375,353.4704284667969,485.1202392578125,392.6675720214844,494.03057861328125,372.216064453125,478.9687194824219,373.4158020019531,449.61090087890625,367.47027587890625,415.2073669433594,354.3725280761719,360.6370849609375,332.08514404296875,307.4644470214844,294.0661315917969,0
3885,214.38706970214844,148.67054748535156,493.2250671386719,149.77037048339844,528.3544311523438,372.962158203125,483.3257141113281,353.4414367675781,485.3126525878906,393.011474609375,494.2877197265625,372.2090759277344,479.2196044921875,373.3291320800781,449.5484924316406,367.3819274902344,415.0588073730469,354.3391418457031,360.6702575683594,332.113037109375,307.985595703125,294.40899658203125,0
3886,214.27880859375,148.48309326171875,493.18646240234375,149.86398315429688,528.1294555664062,372.50433349609375,483.81024169921875,353.0362548828125,485.681396484375,392.5660095214844,494.80120849609375,371.7662658691406,479.78680419921875,372.98748779296875,450.0190124511719,367.52001953125,414.9947204589844,354.2894287109375,360.6519470214844,332.1234130859375,309.20709228515625,295.4671936035156,0
3887,214.30616760253906,148.6417694091797,493.1788330078125,149.71714782714844,527.794189453125,372.6324768066406,483.57696533203125,353.4287109375,485.5614318847656,392.7187805175781,494.60845947265625,371.899658203125,479.58099365234375,373.3082580566406,450.0164794921875,367.3652038574219,415.09552001953125,354.34100341796875,360.56768798828125,332.0182189941406,308.196044921875,294.1197204589844,0
3888,214.301025390625,148.6267547607422,493.2078857421875,149.6746368408203,527.7910766601562,372.6221008300781,483.55889892578125,353.4272155761719,485.56402587890625,392.718505859375,494.5908508300781,371.9040222167969,479.57025146484375,373.3097839355469,450.0467224121094,367.3760986328125,415.1041259765625,354.3587646484375,360.4610900878906,331.94183349609375,308.08880615234375,293.9248962402344,0
3889,214.3806610107422,148.68450927734375,493.3007507324219,149.68804931640625,527.8387451171875,372.85052490234375,484.21429443359375,353.4978332519531,485.5212097167969,392.69329833984375,494.6849670410156,371.9875793457031,479.8377380371094,373.2304382324219,449.9329528808594,367.39007568359375,415.0572814941406,354.3477783203125,360.4186096191406,332.0314636230469,307.74005126953125,293.91278076171875,0
3890,214.36566162109375,148.71273803710938,493.24774169921875,149.67613220214844,527.872802734375,372.5282287597656,483.21856689453125,353.393310546875,485.7038269042969,392.753173828125,494.79656982421875,371.7965087890625,479.7586669921875,373.1885986328125,449.8796691894531,367.8431701660156,415.01446533203125,354.39654541015625,360.2921142578125,332.09991455078125,307.5324401855469,293.7895202636719,0
3891,214.3943634033203,148.6438751220703,493.2362365722656,149.5423583984375,528.980712890625,362.19482421875,483.6438903808594,353.0595397949219,489.6990051269531,391.19635009765625,497.878173828125,369.1519775390625,482.1621398925781,372.9193115234375,449.74371337890625,369.02899169921875,413.1563720703125,354.83441162109375,358.6798400878906,331.7612609863281,303.630859375,295.9563293457031,0
3892,214.40855407714844,148.642578125,493.3006896972656,149.56297302246094,528.9480590820312,362.22381591796875,483.6707763671875,353.0757751464844,489.8224792480469,391.0993957519531,497.78204345703125,369.2317199707031,482.0532531738281,372.87506103515625,449.8005065917969,369.0624084472656,413.30426025390625,354.8773193359375,358.7626647949219,331.7806091308594,303.8988342285156,296.1195373535156,0
3893,214.3648223876953,148.78797912597656,493.1765441894531,149.63438415527344,527.7166748046875,357.0256042480469,480.7150573730469,351.90081787109375,490.8467102050781,387.8302001953125,495.8235168457031,364.983642578125,480.6644592285156,371.191650390625,448.97930908203125,368.8278503417969,411.0191650390625,355.8492736816406,357.2060546875,332.82171630859375,300.51519775390625,295.4997253417969,0
3894,214.30154418945312,148.79945373535156,493.3011779785156,149.47415161132812,523.057373046875,346.5774230957031,478.7984313964844,346.9030456542969,490.1509094238281,381.745361328125,493.28253173828125,359.92596435546875,477.8681640625,365.74261474609375,445.0921325683594,367.2576599121094,408.4397277832031,356.2439880371094,354.474609375,334.7398681640625,297.2806091308594,296.3084411621094,0
3895,214.15597534179688,148.8937225341797,493.30145263671875,149.58255004882812,520.631591796875,338.0949401855469,476.69091796875,345.8101806640625,492.0557556152344,379.1297912597656,492.4256591796875,355.7419738769531,477.53863525390625,363.98272705078125,445.01129150390625,367.6947326660156,409.0303955078125,356.4996337890625,352.6398620605469,334.2972412109375,296.3890380859375,293.5802001953125,0
3896,214.26644897460938,148.88572692871094,493.32666015625,149.7221221923828,516.3760375976562,329.50103759765625,472.2447204589844,344.5257263183594,494.2825927734375,374.3697204589844,491.73724365234375,351.14013671875,477.3327941894531,360.9085388183594,446.7295837402344,369.6588439941406,408.84002685546875,358.5970153808594,354.5438232421875,336.4155578613281,299.331787109375,297.9245910644531,0
3897,214.208251953125,148.81320190429688,493.299072265625,149.57435607910156,518.1424560546875,326.116943359375,476.09722900390625,340.3265380859375,499.0125427246094,371.0888977050781,494.6611022949219,346.0063171386719,480.5493469238281,358.6270446777344,449.83306884765625,370.0261535644531,408.3499450683594,359.5445556640625,353.7711486816406,337.2066650390625,297.6561279296875,296.7064208984375,0
3898,214.21719360351562,148.78314208984375,493.2966003417969,149.57347106933594,518.1409912109375,326.1155700683594,476.0906982421875,340.3385314941406,499.02001953125,371.0928039550781,494.65826416015625,346.01666259765625,480.5492248535156,358.636962890625,449.817138671875,370.0343933105469,408.3424987792969,359.5386657714844,353.7362976074219,337.2021789550781,297.64166259765625,296.7135314941406,0
3899,214.24916076660156,148.86474609375,493.41510009765625,149.707763671875,516.144775390625,323.13037109375,475.27490234375,339.28460693359375,499.61114501953125,368.41845703125,494.1846008300781,344.255126953125,480.5631103515625,357.5344543457031,450.2569580078125,370.5097351074219,407.2210998535156,360.23834228515625,353.5432434082031,338.5674743652344,299.30657958984375,297.32025146484375,0
3900,214.22142028808594,148.8271026611328,493.4115905761719,149.70912170410156,516.1614379882812,323.134765625,475.3577575683594,339.2747497558594,499.5987243652344,368.4048156738281,494.1868896484375,344.23876953125,480.57403564453125,357.5284423828125,450.3684387207031,370.47064208984375,407.2793273925781,360.26214599609375,353.5751953125,338.5850830078125,299.29840087890625,297.3037414550781,0
3901,214.254638671875,148.74920654296875,493.3126525878906,149.81541442871094,515.9107055664062,319.2412109375,471.95513916015625,338.504150390625,498.6985778808594,365.3924865722656,493.0916442871094,342.96246337890625,479.3619689941406,356.2094421386719,449.642578125,371.8659973144531,407.5098876953125,363.7537841796875,351.7192687988281,342.7270202636719,298.3319091796875,299.52313232421875,0
3902,214.20919799804688,148.72445678710938,493.38677978515625,149.77500915527344,504.9094543457031,313.5697326660156,465.3320007324219,340.9039306640625,494.23101806640625,364.249755859375,485.9900817871094,342.0391540527344,475.4120178222656,357.403564453125,448.2723693847656,373.3353271484375,407.828369140625,365.2651672363281,352.4171142578125,345.2276916503906,298.8708190917969,302.9956359863281,0
3903,214.29417419433594,148.69195556640625,493.2476806640625,149.70567321777344,504.6384582519531,314.60107421875,464.4956970214844,340.52667236328125,493.1211853027344,365.1171875,485.6949768066406,343.7906494140625,474.0719299316406,357.621337890625,447.44537353515625,372.514404296875,407.6259765625,365.1842956542969,352.5238952636719,345.819091796875,298.1948547363281,301.9078674316406,0
3904,214.27084350585938,148.63656616210938,493.30364990234375,149.74127197265625,501.5579833984375,313.78411865234375,464.0031433105469,340.491455078125,492.7426452636719,362.34185791015625,484.5902404785156,341.93145751953125,474.3928527832031,356.34197998046875,448.8321533203125,373.7743225097656,407.831298828125,365.5020446777344,352.1306457519531,345.9588928222656,297.6838073730469,301.91064453125,0
3905,214.24508666992188,148.6642608642578,493.3157958984375,149.73890686035156,501.52984619140625,313.7680358886719,464.00433349609375,340.5203552246094,492.7427978515625,362.2907409667969,484.557373046875,341.9760437011719,474.4210205078125,356.3505554199219,448.76568603515625,373.7875061035156,407.83819580078125,365.4886474609375,352.1398010253906,345.95379638671875,297.7052917480469,301.90911865234375,0
3906,214.14479064941406,148.7383270263672,493.2326965332031,149.71434020996094,502.5566711425781,312.39678955078125,465.1095275878906,339.3566589355469,493.2437438964844,360.45111083984375,485.4621887207031,339.91229248046875,475.1386413574219,354.6245422363281,448.9665832519531,373.50286865234375,407.5389404296875,365.73858642578125,352.17413330078125,346.4180908203125,298.3175354003906,302.10162353515625,0
3907,214.02842712402344,148.66445922851562,493.2864990234375,149.69415283203125,504.0702819824219,313.9298400878906,467.3337707519531,338.2237854003906,493.8749084472656,360.336181640625,486.90911865234375,340.4249267578125,475.70123291015625,353.998291015625,449.45794677734375,372.2809753417969,407.3169860839844,365.70416259765625,352.03466796875,346.53363037109375,297.7405700683594,302.16278076171875,0
3908,214.01718139648438,148.531494140625,493.2181396484375,149.69419860839844,504.3790283203125,315.7839050292969,468.8636474609375,337.9267272949219,494.20208740234375,360.97088623046875,486.72271728515625,340.5082702636719,475.9587707519531,354.0669860839844,449.4512634277344,372.2379455566406,406.9718322753906,365.77532958984375,351.96466064453125,346.80975341796875,297.5480041503906,301.6871337890625,0
3909,214.1383514404297,148.6784210205078,493.3012390136719,149.6879425048828,506.06036376953125,313.4593200683594,470.8695983886719,336.1549377441406,495.79345703125,358.94952392578125,488.8768310546875,338.069091796875,477.70440673828125,350.71484375,450.27825927734375,372.0080261230469,406.8016662597656,365.9398193359375,352.02392578125,347.0561828613281,297.9141540527344,302.2005310058594,0
3910,214.14132690429688,148.68484497070312,493.2925109863281,149.68621826171875,506.0596008300781,313.4692077636719,470.8680114746094,336.15557861328125,495.80133056640625,358.9380798339844,488.8760986328125,338.066162109375,477.703369140625,350.71173095703125,450.28466796875,372.0166320800781,406.802001953125,365.9388122558594,352.04888916015625,347.06591796875,298.40802001953125,303.4571533203125,0
3911,214.2064971923828,148.73887634277344,493.147216796875,149.7054443359375,507.2410888671875,316.625,471.4715576171875,335.73919677734375,495.8010559082031,359.1765441894531,488.88446044921875,338.76806640625,477.0190124511719,350.32611083984375,450.5211486816406,371.6608581542969,407.0870361328125,366.4421691894531,352.389892578125,347.1289978027344,298.50518798828125,304.2552185058594,0
3912,214.2024688720703,148.75244140625,493.28729248046875,149.7435302734375,509.59307861328125,324.927978515625,478.97967529296875,337.1831359863281,500.9931335449219,362.8804016113281,493.7516784667969,341.7911071777344,481.3203125,353.1349792480469,452.4208984375,371.0956726074219,406.8310852050781,366.61279296875,352.016357421875,347.2673034667969,298.5793151855469,304.0601806640625,0
3913,214.2730255126953,148.68272399902344,493.25909423828125,149.79087829589844,511.04742431640625,329.5787658691406,484.7517395019531,338.878662109375,502.92919921875,363.40771484375,497.024658203125,343.81964111328125,486.6050720214844,355.95526123046875,453.8548583984375,370.2240295410156,406.0849609375,367.1566467285156,351.6827392578125,347.67242431640625,297.2016906738281,301.82843017578125,0
3914,214.19068908691406,148.65252685546875,493.2935791015625,149.8015899658203,510.36322021484375,331.8509826660156,489.47418212890625,339.9508056640625,506.81854248046875,364.7562561035156,501.8652648925781,345.37432861328125,490.0144958496094,356.06103515625,454.79302978515625,370.3174743652344,404.3503723144531,367.5494079589844,350.72821044921875,347.80126953125,297.0877685546875,301.37469482421875,0
3915,214.15130615234375,148.645263671875,493.3153076171875,149.70262145996094,512.5927124023438,331.0490417480469,490.679443359375,340.3878479003906,507.279296875,365.9264221191406,503.5394287109375,346.4137268066406,491.2492370605469,356.9947509765625,455.17828369140625,370.6988220214844,403.86273193359375,367.5966491699219,351.1277160644531,348.5892333984375,297.33544921875,303.48681640625,0
3916,214.0587158203125,148.6077117919922,493.3896484375,149.8078155517578,515.9478759765625,331.2869567871094,492.2216796875,340.10955810546875,508.02685546875,365.5141906738281,505.00390625,344.987548828125,492.65283203125,356.6736145019531,455.6809387207031,370.2913818359375,404.2560729980469,367.76953125,351.24603271484375,348.7048645019531,296.93243408203125,301.8809509277344,0
3917,214.34317016601562,148.6838836669922,493.3623352050781,149.83583068847656,518.9730224609375,329.6136779785156,493.11688232421875,340.61328125,510.2140197753906,365.82269287109375,506.7586364746094,344.7020263671875,493.8695068359375,357.1902160644531,456.2376403808594,370.26611328125,404.7725524902344,367.6381530761719,351.4042663574219,348.3456726074219,297.0529479980469,302.1222229003906,0
3918,214.31903076171875,148.71536254882812,493.3374938964844,149.76177978515625,520.8239135742188,329.1753845214844,493.99578857421875,339.7484130859375,510.7879333496094,365.1462707519531,507.5804748535156,345.3504638671875,494.9609069824219,356.132080078125,456.5741271972656,370.4375915527344,404.6560974121094,368.3843688964844,351.59832763671875,349.69171142578125,297.02716064453125,303.32733154296875,0
3919,214.2445526123047,148.73887634277344,493.2669982910156,149.76002502441406,524.44091796875,328.4528503417969,494.2730712890625,339.3612365722656,512.608642578125,365.0196228027344,508.61907958984375,345.6143493652344,495.6348571777344,356.196533203125,457.3957824707031,369.0118103027344,404.8471374511719,369.2119140625,348.2802429199219,351.2337341308594,294.73236083984375,305.782958984375,0
3920,214.1884307861328,148.72927856445312,493.2278137207031,149.66920471191406,524.5092163085938,328.46392822265625,494.3888244628906,339.3382873535156,512.6083374023438,365.0364685058594,508.6326904296875,345.54547119140625,495.7001037597656,356.17828369140625,456.19219970703125,369.8343811035156,404.9212951660156,369.2153625488281,348.5791931152344,351.4252014160156,295.2867431640625,306.17999267578125,0
3921,214.22845458984375,148.66220092773438,493.3079833984375,149.65335083007812,527.2968139648438,333.513427734375,493.5154113769531,339.6123962402344,509.8025817871094,368.66552734375,508.0860595703125,346.12542724609375,494.2033996582031,356.7859802246094,456.3072204589844,368.5097351074219,405.20477294921875,369.58929443359375,347.7953796386719,352.36285400390625,295.7408447265625,308.3089599609375,0
3922,214.22442626953125,148.65687561035156,493.3293762207031,149.6634063720703,527.2861328125,333.4961242675781,493.4142761230469,339.6677551269531,509.77154541015625,368.6429748535156,508.0933837890625,346.10357666015625,494.12725830078125,356.7867126464844,456.2886047363281,368.50665283203125,405.2005310058594,369.5918884277344,347.79608154296875,352.36260986328125,295.7403259277344,308.3094482421875,0
3923,214.27041625976562,148.78514099121094,493.1930847167969,149.58567810058594,529.777099609375,340.3483581542969,492.7787170410156,342.96514892578125,505.7884216308594,374.5730285644531,506.69525146484375,352.6285400390625,491.45599365234375,360.94525146484375,454.2716064453125,368.4408874511719,406.13079833984375,367.9999694824219,351.1297912597656,350.7124328613281,298.7268371582031,307.5087890625,0
3924,214.2194366455078,148.7861328125,493.0924377441406,149.6873321533203,529.0164794921875,341.36358642578125,489.94903564453125,344.0152587890625,502.9912414550781,377.51556396484375,503.8620910644531,353.81451416015625,489.1264953613281,360.5007629394531,452.70867919921875,368.7128601074219,406.3448181152344,367.7711486816406,350.5820007324219,350.39215087890625,298.8012390136719,305.209716796875,0
3925,214.0829315185547,148.94248962402344,493.1762390136719,149.53358459472656,531.2466430664062,341.1026916503906,489.6796569824219,343.2215270996094,502.8721008300781,377.2214050292969,504.1602478027344,353.20709228515625,489.2794494628906,359.92462158203125,452.7259216308594,368.3592224121094,406.7431640625,367.694091796875,352.2158203125,350.6520080566406,300.864990234375,305.7231750488281,0
3926,214.1722869873047,148.78875732421875,493.2837219238281,149.4147186279297,532.998046875,339.9299011230469,490.0244140625,341.20574951171875,504.07470703125,375.9004211425781,504.4040222167969,351.60174560546875,489.68292236328125,359.2879638671875,453.4888916015625,368.8407287597656,408.57550048828125,368.77960205078125,354.1194152832031,352.646484375,305.4901428222656,304.2937316894531,0
3927,214.19454956054688,148.79568481445312,493.2846984863281,149.4027099609375,532.9907836914062,339.9259948730469,490.0266418457031,341.26129150390625,504.1612243652344,376.0044860839844,504.4779357910156,351.64154052734375,489.74505615234375,359.3128662109375,453.5195007324219,368.8243103027344,408.59063720703125,368.78125,354.1153564453125,352.6419982910156,305.4913330078125,304.2937316894531,0
3928,214.24234008789062,148.5955352783203,493.422607421875,149.44915771484375,535.0241088867188,339.7053527832031,490.3624572753906,340.6322937011719,504.40863037109375,376.8492736816406,505.4172668457031,351.2869567871094,490.34979248046875,359.2416687011719,454.96258544921875,368.0663146972656,408.6903076171875,369.1482238769531,356.0495300292969,352.7773132324219,309.9747009277344,301.47552490234375,0
3929,214.1598663330078,148.72674560546875,493.44647216796875,149.3666534423828,529.9281005859375,336.2532653808594,487.3526611328125,342.03662109375,504.06500244140625,375.19622802734375,502.6236572265625,351.0406188964844,488.40472412109375,359.3714904785156,455.52880859375,370.3642578125,408.527587890625,372.4483642578125,357.6356201171875,356.37213134765625,315.9537048339844,302.0357666015625,0
3930,214.2248992919922,148.5450897216797,493.4556884765625,149.45852661132812,527.5768432617188,337.489990234375,484.7076110839844,342.83905029296875,501.98040771484375,376.3520202636719,501.0361022949219,353.06671142578125,485.8678894042969,360.8194580078125,454.15020751953125,370.777587890625,409.0279846191406,372.4820556640625,357.5460205078125,356.0848083496094,319.6570739746094,299.30072021484375,0
3931,214.39022827148438,148.56898498535156,493.4831848144531,149.43067932128906,525.5808715820312,339.2416687011719,481.6754455566406,343.44427490234375,497.6430358886719,378.7095031738281,497.1081237792969,354.8616027832031,481.79046630859375,362.595947265625,450.56884765625,371.19281005859375,408.7700500488281,369.7731628417969,358.26800537109375,352.389892578125,320.4626770019531,292.93072509765625,0
3932,214.40724182128906,148.5645294189453,493.4100036621094,149.5164031982422,525.5635986328125,339.2525329589844,481.6876220703125,343.459716796875,497.6417236328125,378.6882629394531,497.0845642089844,354.8705749511719,481.7801513671875,362.6133728027344,450.56512451171875,371.1943664550781,408.7691955566406,369.7701416015625,358.2354431152344,352.3151550292969,320.4399108886719,292.94775390625,0
3933,214.32247924804688,148.54930114746094,493.3853454589844,149.48646545410156,526.1990966796875,340.6680603027344,481.8651428222656,343.55535888671875,496.1318054199219,379.1911315917969,497.056884765625,355.5850524902344,481.3783264160156,362.9908447265625,450.4595947265625,370.99603271484375,409.21282958984375,368.49957275390625,357.7745361328125,350.54534912109375,315.83197021484375,294.5193786621094,0
3934,214.35887145996094,148.49630737304688,493.2867126464844,149.55142211914062,525.7820434570312,341.9415283203125,481.8850402832031,343.967041015625,496.0914306640625,380.0886535644531,497.1026306152344,356.2496337890625,481.61663818359375,363.7769470214844,451.40142822265625,370.4609375,410.67755126953125,368.8793029785156,357.5339050292969,352.88568115234375,314.32073974609375,298.20147705078125,0
3935,214.32403564453125,148.50607299804688,493.41705322265625,149.4622039794922,527.5484619140625,344.5836181640625,481.5137939453125,343.50091552734375,496.0709533691406,380.4922790527344,497.58880615234375,356.2061767578125,481.7360534667969,363.6261291503906,451.3538818359375,370.4356994628906,410.9520263671875,368.7864685058594,358.21954345703125,353.1250915527344,315.87054443359375,298.8282470703125,0
3936,214.25152587890625,148.56053161621094,493.36328125,149.42677307128906,527.4918823242188,345.0653991699219,481.69586181640625,343.9362487792969,493.8655090332031,380.0047607421875,496.31939697265625,356.9232177734375,480.862548828125,363.9020690917969,451.8377380371094,370.581298828125,412.5186767578125,368.8775634765625,359.6496887207031,353.35394287109375,318.631591796875,297.8926696777344,0
3937,214.33413696289062,148.49119567871094,493.3513488769531,149.53280639648438,526.9957885742188,345.4363098144531,481.1250305175781,344.2537841796875,492.4929504394531,380.7392272949219,495.6949462890625,357.5715637207031,480.1390686035156,364.3090515136719,451.3372497558594,370.3746337890625,412.8198547363281,368.09869384765625,360.6412353515625,351.8314208984375,321.5507507324219,294.123291015625,0
3938,214.3817901611328,148.6231231689453,493.33447265625,149.52052307128906,529.2092895507812,352.48724365234375,483.6282958984375,344.9237060546875,491.3486633300781,381.5793151855469,497.6363830566406,359.4848327636719,481.2037048339844,364.85626220703125,451.3611145019531,369.60333251953125,412.93963623046875,368.0801696777344,361.86865234375,352.6688537597656,323.5921936035156,293.0749816894531,0
3939,214.4098358154297,148.68063354492188,493.333984375,149.57557678222656,531.32568359375,355.6050720214844,484.753662109375,345.4622497558594,491.7798156738281,382.62738037109375,498.66033935546875,360.597900390625,482.5047912597656,365.4767761230469,452.04595947265625,368.35296630859375,413.4971923828125,367.8880920410156,362.4458923339844,352.7185363769531,324.77728271484375,294.0699157714844,0
3940,214.46832275390625,148.67515563964844,493.3110046386719,149.645751953125,531.2872924804688,364.122802734375,487.1358947753906,347.27667236328125,488.8902282714844,385.17822265625,498.6148376464844,363.1758728027344,482.90472412109375,366.4412841796875,452.0105895996094,367.06622314453125,413.9541015625,367.261474609375,364.0538330078125,351.6119384765625,328.328857421875,293.1058044433594,0
3941,214.4539031982422,148.67572021484375,493.2525939941406,149.71627807617188,531.2951049804688,364.11517333984375,487.12713623046875,347.27728271484375,488.8805236816406,385.1585388183594,498.6042175292969,363.1817321777344,482.8728942871094,366.4350891113281,451.9142150878906,367.04742431640625,413.98577880859375,367.2809753417969,364.0682678222656,351.6291198730469,328.3288269042969,293.09869384765625,0
3942,214.49578857421875,148.66188049316406,493.256103515625,149.65745544433594,532.4207153320312,368.6958923339844,487.8235778808594,348.5316467285156,488.072021484375,387.37542724609375,499.400390625,365.7201843261719,483.9562683105469,368.0977783203125,452.13623046875,366.5440368652344,413.9804382324219,367.0870056152344,363.97589111328125,350.2016906738281,328.870361328125,289.535888671875,0
3943,214.50521850585938,148.65774536132812,493.23486328125,149.67601013183594,532.3933715820312,368.7052917480469,487.8304138183594,348.5075988769531,488.06646728515625,387.3653259277344,499.3860168457031,365.73394775390625,483.95623779296875,368.09161376953125,452.0992431640625,366.4706726074219,414.00567626953125,367.071533203125,364.0478820800781,350.2489013671875,328.8658142089844,289.641357421875,0
3944,214.36061096191406,148.78131103515625,493.3166809082031,149.82269287109375,530.4356079101562,375.0086669921875,488.6570129394531,350.63323974609375,485.56414794921875,389.8856506347656,497.3227233886719,370.5605163574219,481.66552734375,370.822998046875,450.74029541015625,366.8765563964844,413.85882568359375,366.8866271972656,363.7185363769531,348.98736572265625,331.61474609375,286.2174072265625,0
3945,214.3705596923828,148.6409454345703,493.1449890136719,149.689208984375,528.992919921875,377.12640380859375,488.0868835449219,351.65081787109375,485.3176574707031,392.1772766113281,496.7752685546875,371.9421691894531,481.5201416015625,372.122802734375,451.93475341796875,366.6023254394531,414.4133605957031,366.72393798828125,364.28704833984375,347.70294189453125,332.13458251953125,283.8186340332031,0
3946,214.19113159179688,148.79656982421875,493.2215576171875,149.77517700195312,521.4346313476562,381.1527404785156,483.3583679199219,352.89306640625,480.86773681640625,393.69744873046875,492.7581787109375,373.994140625,478.11212158203125,373.9129333496094,450.200927734375,367.581787109375,414.5971374511719,364.923583984375,364.2532043457031,344.80908203125,336.09112548828125,279.8099365234375,0
3947,214.1906280517578,148.7920684814453,493.2218322753906,149.7754364013672,521.4331665039062,381.1524658203125,483.363037109375,352.8944091796875,480.8612060546875,393.6926574707031,492.7535095214844,373.9870910644531,478.09283447265625,373.9154968261719,450.0695495605469,367.552001953125,414.5821228027344,364.9159851074219,364.2479248046875,344.80560302734375,336.0913391113281,279.8113708496094,0
3948,214.2052764892578,148.749755859375,493.3002624511719,149.63670349121094,520.886474609375,381.6601257324219,482.1148681640625,353.6409912109375,478.34716796875,395.81890869140625,491.400146484375,374.57391357421875,478.60400390625,374.797607421875,447.6534118652344,367.98248291015625,414.2862548828125,364.9601745605469,364.113525390625,344.9070739746094,334.3466796875,280.5877685546875,0
3949,214.13331604003906,148.70213317871094,493.212646484375,149.6771240234375,519.1055908203125,382.96728515625,481.0384216308594,354.6826477050781,476.7298889160156,395.64605712890625,490.2873229980469,375.3546447753906,477.6440124511719,375.26507568359375,447.340087890625,367.5111389160156,414.2671813964844,364.8794250488281,363.98516845703125,345.0704650878906,334.7154846191406,280.0203857421875,0
3950,214.29896545410156,148.6813507080078,493.3584289550781,149.6461944580078,519.53857421875,382.9109191894531,481.1801452636719,354.7406921386719,476.41363525390625,395.7117614746094,490.13848876953125,375.5880126953125,477.4443054199219,375.268798828125,447.16583251953125,367.8401184082031,414.19122314453125,364.8611755371094,363.99560546875,345.11016845703125,333.73687744140625,280.6501159667969,0
3951,214.42367553710938,148.79949951171875,493.2894592285156,149.6250457763672,520.3914184570312,383.3814697265625,480.64044189453125,355.3722839355469,476.58856201171875,396.1482849121094,490.26019287109375,375.73822021484375,477.4128723144531,375.7279052734375,447.4295349121094,367.69891357421875,414.24517822265625,364.80230712890625,363.83941650390625,344.8835144042969,333.1550598144531,280.26287841796875,0
3952,214.430419921875,148.74818420410156,493.29034423828125,149.62649536132812,520.4407348632812,383.2868347167969,480.63916015625,355.3872985839844,476.59002685546875,396.1455993652344,490.2388610839844,375.7323303222656,477.4115905761719,375.7202453613281,447.4212646484375,367.66595458984375,414.217529296875,364.77838134765625,363.83355712890625,344.8739013671875,333.1658020019531,280.2546691894531,0
3953,214.55062866210938,148.63475036621094,493.25787353515625,149.58648681640625,519.0562744140625,382.4300231933594,479.5307922363281,355.3614501953125,475.5556640625,396.3994445800781,489.5165100097656,375.55450439453125,476.63348388671875,375.6849670410156,447.15435791015625,367.6383056640625,414.2179260253906,364.6916198730469,364.1062927246094,344.9654235839844,333.54852294921875,280.8263244628906,0
3954,214.48712158203125,148.6608428955078,493.2637023925781,149.60757446289062,519.411865234375,379.5231628417969,479.2714538574219,354.552978515625,477.9403381347656,396.476318359375,489.8111572265625,374.22662353515625,477.0975341796875,375.3410339355469,447.543701171875,369.03271484375,414.7748718261719,364.5862731933594,363.98046875,344.7460632324219,332.50555419921875,280.8919372558594,0
3955,214.45068359375,148.7209014892578,493.4065856933594,149.62918090820312,519.9939575195312,374.87518310546875,479.0151062011719,354.1260986328125,478.9229431152344,395.541015625,490.2474365234375,373.1028747558594,477.40985107421875,375.19696044921875,447.9371337890625,368.74908447265625,414.6701965332031,364.5790100097656,364.0308837890625,344.5504455566406,332.3856506347656,280.9091491699219,0
3956,214.3713836669922,148.66311645507812,493.2913513183594,149.75350952148438,519.5630493164062,373.3689880371094,478.83416748046875,354.4111328125,479.71917724609375,395.56817626953125,490.306640625,373.0724182128906,477.3938293457031,375.4656982421875,448.3370056152344,369.3236999511719,414.636962890625,364.42498779296875,363.7067565917969,344.0927734375,332.410400390625,280.7078552246094,0
3957,214.41465759277344,148.716552734375,493.2188415527344,149.6483917236328,519.4586791992188,371.3397521972656,478.55279541015625,353.9443054199219,480.23779296875,395.6454162597656,490.1696472167969,372.38128662109375,477.3038024902344,375.40447998046875,448.17913818359375,370.3407287597656,414.9876403808594,364.3978576660156,363.9400634765625,343.79083251953125,331.9857482910156,279.955810546875,0
3958,214.41940307617188,148.67666625976562,493.354248046875,149.57382202148438,521.4984741210938,369.29461669921875,478.259521484375,353.9628601074219,481.2724304199219,394.675048828125,490.58038330078125,371.8407897949219,477.1797180175781,375.1503601074219,447.8905334472656,370.5548095703125,415.1634521484375,364.4427795410156,364.10888671875,343.9195861816406,332.0907287597656,279.89923095703125,0
3959,214.27969360351562,148.79701232910156,493.3086853027344,149.6239471435547,522.0905151367188,369.2092590332031,478.218994140625,353.84027099609375,482.1541442871094,394.4061584472656,490.8843994140625,371.69207763671875,477.2629699707031,375.0536193847656,448.0377502441406,370.8403625488281,414.8996887207031,364.502197265625,364.0575256347656,343.7095031738281,332.0279541015625,280.9862060546875,0
3960,214.12155151367188,148.8865203857422,493.4595947265625,149.53707885742188,524.3325805664062,368.69830322265625,479.0514221191406,353.6243896484375,483.7547607421875,393.8176574707031,492.45758056640625,370.87744140625,478.2511901855469,374.90240478515625,450.4610290527344,370.4034118652344,414.981689453125,364.5063171386719,363.9783935546875,343.62091064453125,332.1119384765625,281.1520690917969,0
3961,214.1320037841797,148.89227294921875,493.4671630859375,149.5626220703125,524.34765625,368.6873474121094,479.0455627441406,353.5762023925781,483.7573547363281,393.8132019042969,492.5201721191406,370.86669921875,478.3232727050781,374.8498840332031,450.4364013671875,370.3960876464844,414.9656677246094,364.49505615234375,363.99188232421875,343.6209716796875,332.10601806640625,281.1614074707031,0
3962,214.28350830078125,148.60763549804688,493.3689270019531,149.61178588867188,525.15771484375,368.7441101074219,479.41400146484375,353.76458740234375,484.12115478515625,393.7655029296875,492.845458984375,370.94476318359375,477.7265930175781,373.9763488769531,450.7422180175781,370.09722900390625,415.3169860839844,364.5805969238281,364.134521484375,343.5945129394531,331.7768249511719,280.215087890625,0
3963,214.29489135742188,148.62269592285156,493.3507385253906,149.62081909179688,525.1581420898438,368.7457580566406,479.5852966308594,353.7428894042969,484.1145935058594,393.756591796875,492.8718566894531,370.909423828125,477.761962890625,373.9473571777344,450.7783508300781,370.21002197265625,415.268798828125,364.6160583496094,364.08380126953125,343.5496826171875,331.7580871582031,280.0601501464844,0
3964,214.34799194335938,148.61936950683594,493.34295654296875,149.75755310058594,525.603759765625,370.0647888183594,480.2445373535156,353.5627746582031,484.3002014160156,393.8479309082031,493.4990539550781,371.42718505859375,478.3540954589844,374.0452575683594,451.3084411621094,369.4114990234375,415.3229064941406,364.5177001953125,364.3892517089844,343.80767822265625,333.0423583984375,280.7420959472656,0
3965,214.43482971191406,148.86497497558594,493.341064453125,149.48960876464844,525.4808959960938,371.05810546875,480.9928283691406,354.0052795410156,483.8647155761719,394.3621826171875,493.32720947265625,371.9365234375,478.4391174316406,374.3128356933594,451.66357421875,369.37542724609375,415.4014587402344,364.4953308105469,364.2007751464844,343.4762878417969,332.31207275390625,280.7118835449219,0
3966,214.3543243408203,148.80213928222656,493.3086853027344,149.52102661132812,525.9608764648438,372.0396423339844,481.77703857421875,354.4043273925781,484.0489501953125,394.816650390625,493.61907958984375,372.3940734863281,478.73846435546875,374.6361999511719,452.13214111328125,369.5859375,415.57147216796875,364.5179748535156,364.401123046875,343.3913879394531,332.9315185546875,280.6711120605469,0
3967,214.39234924316406,148.710205078125,493.21630859375,149.6415252685547,525.3995971679688,372.1018371582031,481.5399475097656,354.451171875,483.948974609375,394.6193542480469,493.571044921875,372.2900085449219,478.73077392578125,374.6023254394531,452.10540771484375,369.125244140625,415.50665283203125,364.3257751464844,364.429443359375,343.27056884765625,332.53515625,280.2125549316406,0
3968,214.5148468017578,148.72242736816406,493.1893005371094,149.6350555419922,524.9537353515625,372.72088623046875,481.4970703125,354.4032287597656,483.7486572265625,394.9991455078125,493.83001708984375,372.5238952636719,479.0087890625,374.87091064453125,452.24310302734375,369.1750183105469,415.4615173339844,364.227783203125,364.6212463378906,343.53265380859375,333.3699035644531,280.835693359375,0
3969,214.46115112304688,148.76113891601562,493.1813049316406,149.68821716308594,526.3430786132812,373.5494079589844,481.6234436035156,354.4013977050781,484.2019958496094,395.00238037109375,494.1004333496094,372.47906494140625,479.171142578125,374.77557373046875,452.4086608886719,369.54608154296875,415.6157531738281,364.296630859375,364.4817810058594,343.3458557128906,332.54925537109375,281.2496643066406,0
3970,214.41844177246094,148.74215698242188,493.1983947753906,149.7987060546875,526.87060546875,373.0850830078125,481.9050598144531,354.56195068359375,484.4519958496094,395.1297607421875,494.47540283203125,372.7099914550781,479.5318298339844,375.0493469238281,452.54351806640625,369.58087158203125,415.60101318359375,364.3774719238281,364.9037780761719,343.6480407714844,333.3556213378906,281.25140380859375,0
3971,214.48143005371094,148.7550048828125,493.2401428222656,149.64453125,525.0214233398438,374.75262451171875,482.2616271972656,355.6004638671875,483.80548095703125,396.22369384765625,494.0280456542969,374.2109375,479.481689453125,376.18646240234375,451.736083984375,369.19403076171875,415.06475830078125,364.037109375,364.565673828125,343.474609375,332.3715515136719,281.5823974609375,0
3972,214.46591186523438,148.74932861328125,493.2360534667969,149.64137268066406,525.0441284179688,374.7458801269531,482.25115966796875,355.5839538574219,483.8079528808594,396.21661376953125,494.0204772949219,374.20782470703125,479.473388671875,376.176513671875,451.72467041015625,369.0926513671875,415.0974426269531,363.98309326171875,364.55419921875,343.52008056640625,332.40106201171875,281.56866455078125,0
3973,214.5797576904297,148.6529998779297,493.3207092285156,149.6734619140625,527.0850830078125,380.5603332519531,485.0639953613281,358.11212158203125,483.145263671875,397.3526611328125,495.2286376953125,376.28045654296875,481.24908447265625,377.2532043457031,452.32366943359375,368.4108581542969,415.29718017578125,363.69586181640625,364.419921875,343.287109375,331.4822082519531,280.65057373046875,0
3974,214.4895477294922,148.6769256591797,493.2441711425781,149.67869567871094,528.455078125,384.69512939453125,486.06622314453125,360.1546630859375,481.4248352050781,399.0099792480469,495.3165588378906,379.18780517578125,481.484375,378.9781799316406,451.2380676269531,367.6545715332031,415.10211181640625,362.60888671875,365.537353515625,342.5561828613281,331.7301940917969,282.2330017089844,0
3975,214.47927856445312,148.6851043701172,493.18865966796875,149.64906311035156,518.1854858398438,399.0943603515625,484.89080810546875,363.142822265625,473.4662170410156,400.1132507324219,491.16326904296875,385.57647705078125,478.3960266113281,382.4140625,452.5177917480469,366.2412414550781,416.0917663574219,362.9797058105469,366.53033447265625,342.467041015625,331.35791015625,280.9165954589844,0
3976,214.43679809570312,148.71107482910156,493.17694091796875,149.63671875,518.2117309570312,399.0747985839844,484.8177490234375,363.2474365234375,473.4609375,400.1576232910156,491.1817626953125,385.6343994140625,478.2147521972656,382.4578552246094,452.54241943359375,366.3215637207031,416.0668640136719,363.00762939453125,366.5204772949219,342.4587097167969,331.3524169921875,280.9203186035156,0
3977,214.37875366210938,148.72500610351562,493.1929626464844,149.5441436767578,517.5441284179688,399.14178466796875,483.5310974121094,363.34747314453125,471.75946044921875,400.57379150390625,490.0827331542969,386.1737060546875,476.5101623535156,382.0903015136719,451.67108154296875,366.2720947265625,416.6240539550781,363.1075439453125,366.1849060058594,342.4167175292969,331.0797424316406,280.12335205078125,0
3978,214.4357147216797,148.66473388671875,493.0928039550781,149.6119384765625,514.9366455078125,401.3274841308594,482.07257080078125,363.8302917480469,468.1484069824219,399.8594970703125,487.55169677734375,386.9519348144531,473.9988708496094,381.8216552734375,448.4057312011719,367.5355529785156,416.33685302734375,362.8299865722656,365.9248352050781,342.16595458984375,330.9325256347656,279.57275390625,0
3979,214.388427734375,148.70941162109375,493.1053161621094,149.61851501464844,514.498779296875,403.11370849609375,482.2620544433594,364.16461181640625,466.48809814453125,398.9383239746094,486.3401794433594,387.91357421875,473.2611389160156,381.2784423828125,448.7598571777344,367.2778625488281,416.7259521484375,362.76043701171875,366.4977722167969,342.4210510253906,331.06207275390625,280.04144287109375,0
3980,214.4076385498047,148.6977081298828,493.1167297363281,149.61683654785156,512.8109741210938,403.3211669921875,480.3879089355469,364.7174072265625,465.2857360839844,398.5459289550781,484.68994140625,387.3912048339844,472.03399658203125,380.1869201660156,448.43707275390625,367.14239501953125,416.26336669921875,362.5995178222656,365.93548583984375,342.2009582519531,331.228515625,279.5465393066406,0
3981,214.36610412597656,148.6988067626953,493.111083984375,149.6180877685547,512.8102416992188,403.3216552734375,480.39892578125,364.7056884765625,465.28680419921875,398.5429382324219,484.6904296875,387.386474609375,472.02020263671875,380.1871643066406,448.4205627441406,367.108154296875,416.2368469238281,362.5975341796875,365.9967041015625,342.2333679199219,331.2213439941406,279.5349426269531,0
3982,214.397216796875,148.67373657226562,493.1781311035156,149.5724334716797,511.3939208984375,404.39532470703125,479.48046875,365.3397521972656,465.07928466796875,399.47052001953125,484.0164489746094,387.8729553222656,471.40283203125,380.7656555175781,448.09149169921875,367.60504150390625,416.0018615722656,362.4620361328125,365.8829345703125,341.9285888671875,331.1597900390625,278.0469055175781,0
3983,214.52354431152344,148.6538543701172,493.14739990234375,149.5489501953125,512.1041259765625,404.62738037109375,478.23486328125,365.85223388671875,464.1748046875,400.7283630371094,483.5544128417969,388.5064697265625,471.26226806640625,383.9950256347656,450.9728088378906,367.0528259277344,416.1120910644531,362.4024658203125,365.89898681640625,342.02972412109375,331.0842590332031,278.6540832519531,0
3984,214.35760498046875,148.7078857421875,493.0456237792969,149.57742309570312,512.9933471679688,403.7297058105469,478.8221435546875,365.5217590332031,464.0537109375,400.0212097167969,483.77911376953125,387.8665771484375,471.60552978515625,382.4584045410156,448.5549011230469,367.9128723144531,415.9233703613281,362.42413330078125,365.6972961425781,342.0036315917969,330.97564697265625,278.648681640625,0
3985,214.45602416992188,148.68795776367188,493.18212890625,149.5739288330078,514.4281005859375,402.60406494140625,479.398681640625,365.0436096191406,465.4661865234375,399.9021301269531,484.6742248535156,387.681884765625,471.8101501464844,381.0185852050781,448.6260070800781,367.5391845703125,415.67535400390625,362.38201904296875,365.4641418457031,341.681396484375,331.10321044921875,278.6807861328125,0
3986,214.44393920898438,148.66232299804688,493.19598388671875,149.55433654785156,514.4866333007812,402.59222412109375,479.40716552734375,365.03509521484375,465.4784240722656,399.9149169921875,484.7193298339844,387.6832275390625,471.8348083496094,381.0570983886719,448.68682861328125,367.5371398925781,415.6549377441406,362.3847961425781,365.48052978515625,341.6957092285156,331.1322326660156,278.8125,0
3987,214.50865173339844,148.64581298828125,493.20489501953125,149.5715789794922,515.9017944335938,402.24212646484375,479.70916748046875,364.64752197265625,466.01519775390625,399.4226379394531,485.3183288574219,387.0760803222656,472.40789794921875,380.79534912109375,448.60986328125,367.44207763671875,415.94915771484375,362.4793701171875,365.8631591796875,342.0689392089844,331.18206787109375,279.09332275390625,0
3988,214.4581298828125,148.66744995117188,493.1659851074219,149.6165313720703,518.9340209960938,399.5960388183594,482.40081787109375,364.00018310546875,468.146484375,399.05279541015625,487.7896423339844,385.71923828125,474.5155944824219,380.65203857421875,449.15234375,366.86767578125,415.8995666503906,362.38299560546875,365.89312744140625,342.1056213378906,330.9144287109375,278.7237854003906,0
3989,214.4398193359375,148.6298370361328,493.238525390625,149.53053283691406,517.9844360351562,399.0481262207031,482.8831787109375,363.6201477050781,469.5462951660156,398.7657775878906,488.3537902832031,385.32171630859375,475.1781921386719,380.1391906738281,448.96478271484375,367.15057373046875,415.9095764160156,362.4114990234375,366.1976318359375,342.4173278808594,331.17474365234375,279.4367980957031,0
3990,214.4299774169922,148.55479431152344,493.2613830566406,149.58352661132812,519.7780151367188,399.08636474609375,484.324462890625,363.2757873535156,470.9194030761719,399.4266662597656,489.4494323730469,385.5931091308594,476.2755432128906,380.8537902832031,449.270751953125,367.51318359375,415.7301940917969,362.19085693359375,366.1054992675781,342.2792053222656,331.0585021972656,279.4461669921875,0
3991,214.29141235351562,148.5996856689453,493.26416015625,149.59132385253906,519.485107421875,398.27783203125,484.1131286621094,363.21533203125,471.3257751464844,399.61480712890625,489.2471618652344,385.1780700683594,476.32305908203125,380.7301025390625,449.3738708496094,367.69903564453125,415.6352844238281,362.2793273925781,365.552978515625,341.9380187988281,331.1279296875,279.1891174316406,0
3992,214.2442169189453,148.60098266601562,493.24359130859375,149.58546447753906,519.3944702148438,398.2672424316406,484.1242370605469,363.252685546875,471.2919616699219,399.6281433105469,489.2485656738281,385.1980285644531,476.33465576171875,380.74798583984375,449.3811950683594,367.6716003417969,415.6233825683594,362.21221923828125,365.57025146484375,341.9507751464844,331.0457458496094,279.32513427734375,0
3993,214.25071716308594,148.59127807617188,493.2922668457031,149.45843505859375,521.015869140625,396.666259765625,485.3213195800781,363.0056457519531,472.1861877441406,399.5343322753906,490.16229248046875,384.6685485839844,477.2695007324219,380.6569519042969,449.5476989746094,367.61370849609375,415.7826843261719,362.2552795410156,365.53125,341.822265625,331.0657043457031,279.6569519042969,0
3994,214.2316131591797,148.5622100830078,493.21319580078125,149.59007263183594,521.490234375,397.7016906738281,486.5011291503906,363.04296875,473.244384765625,399.4799499511719,490.97802734375,384.4546813964844,478.40325927734375,380.7857360839844,450.0814514160156,367.731201171875,415.8321533203125,362.2756042480469,365.9544372558594,342.07049560546875,331.1186218261719,279.7986755371094,0
3995,214.33900451660156,148.5909881591797,493.345458984375,149.4611358642578,519.2999267578125,397.47412109375,485.5079650878906,362.5187683105469,472.3224182128906,398.918701171875,490.2465515136719,384.52374267578125,477.7472839355469,380.2501525878906,449.9379577636719,367.582275390625,415.7209777832031,362.1273193359375,365.880615234375,341.8796691894531,331.01214599609375,279.35699462890625,0
3996,214.1912384033203,148.66909790039062,493.3244323730469,149.4591827392578,519.34619140625,398.0222473144531,485.59796142578125,362.2262268066406,471.8489074707031,399.0479736328125,490.11810302734375,384.4455261230469,477.5390625,379.9776611328125,449.9586486816406,367.7621154785156,415.9911804199219,362.1168518066406,365.8007507324219,341.9043273925781,331.0028381347656,279.72882080078125,0
3997,214.20664978027344,148.70272827148438,493.27630615234375,149.43495178222656,519.3613891601562,398.03363037109375,485.7445373535156,362.32110595703125,471.91998291015625,398.9815368652344,490.1844787597656,384.4673156738281,477.6720886230469,379.9923400878906,449.9488220214844,367.6631164550781,415.809326171875,362.0933532714844,365.7646484375,341.9434814453125,331.03900146484375,279.9015808105469,0
3998,214.25411987304688,148.63658142089844,493.3895568847656,149.4445037841797,519.9231567382812,398.40155029296875,486.0311279296875,362.51898193359375,472.6618957519531,399.1507263183594,490.5031433105469,384.8131103515625,477.84796142578125,380.30218505859375,449.9325866699219,367.7860107421875,415.76995849609375,362.1197814941406,365.6465759277344,341.79412841796875,330.9960632324219,278.859619140625,0
3999,214.37939453125,148.6750030517578,493.31451416015625,149.55877685546875,520.8723754882812,398.9901123046875,486.4068908691406,362.9946594238281,472.87823486328125,398.9205322265625,490.8374938964844,384.97760009765625,478.3524169921875,380.5755615234375,450.256103515625,367.30517578125,415.6872863769531,362.20819091796875,365.70977783203125,341.8358459472656,330.9031066894531,279.0589904785156,0
4000,214.38323974609375,148.51039123535156,493.1591796875,149.49929809570312,521.8590698242188,397.8534240722656,487.7063293457031,362.361328125,473.2814025878906,398.3522644042969,490.7655944824219,383.4546203613281,479.22039794921875,380.16204833984375,450.598876953125,367.0804443359375,415.489013671875,362.0431823730469,365.404296875,341.5463562011719,331.0074157714844,278.7553405761719,0
4001,214.327880859375,148.5293731689453,493.15911865234375,149.5850372314453,522.4120483398438,396.9974060058594,487.75604248046875,362.03466796875,473.535888671875,398.12042236328125,491.3605651855469,383.05401611328125,479.3186950683594,379.85986328125,450.49908447265625,366.9367370605469,415.58990478515625,362.0232238769531,365.69873046875,341.7342224121094,331.2184143066406,279.6349792480469,0
4002,214.2747802734375,148.5460968017578,493.1390380859375,149.5733642578125,522.432861328125,397.00482177734375,487.6714782714844,362.01513671875,473.70751953125,398.21038818359375,491.4252624511719,382.9696960449219,479.36260986328125,379.84930419921875,450.492919921875,367.0378723144531,415.559326171875,362.031005859375,365.7214050292969,341.7513427734375,331.2071838378906,279.5975036621094,0
4003,214.4714813232422,148.6915740966797,493.28436279296875,149.57962036132812,522.0114135742188,396.71734619140625,487.7808532714844,362.4306640625,473.7001647949219,397.9654846191406,491.61126708984375,382.8551330566406,479.7285461425781,379.7713928222656,451.011962890625,366.75994873046875,415.6335144042969,362.07952880859375,365.5285949707031,341.5849914550781,331.0495910644531,279.3710632324219,0
4004,214.33387756347656,148.51943969726562,493.3927917480469,149.4335174560547,522.4337158203125,395.61456298828125,487.5232849121094,362.1049499511719,474.05438232421875,397.7884216308594,491.7716979980469,382.1495361328125,479.70751953125,379.5215148925781,450.6750793457031,366.681884765625,415.6498107910156,362.0442199707031,365.86883544921875,341.8866882324219,331.1805725097656,280.3404846191406,0
4005,214.28091430664062,148.75343322753906,493.22711181640625,149.53688049316406,523.4075927734375,394.65826416015625,487.8354187011719,361.89154052734375,474.8538513183594,397.9141540527344,492.529541015625,381.195068359375,479.9945373535156,379.0374450683594,450.82464599609375,366.6163330078125,415.66943359375,362.1101379394531,365.7851867675781,341.73883056640625,331.4504089355469,279.6499328613281,0
4006,214.28347778320312,148.7365264892578,493.26983642578125,149.49594116210938,523.43017578125,394.6689147949219,487.817138671875,361.86346435546875,474.8292236328125,397.9116516113281,492.5073547363281,381.1854553222656,479.9537658691406,379.0251159667969,450.8355407714844,366.60296630859375,415.66455078125,362.10626220703125,365.7882385253906,341.7330322265625,331.437744140625,279.611572265625,0
4007,214.23944091796875,148.7428741455078,493.2562255859375,149.5592498779297,522.7742309570312,394.5338134765625,487.91387939453125,361.2408752441406,474.6585693359375,397.8150634765625,492.2961120605469,381.039794921875,480.21429443359375,378.7107849121094,451.1908264160156,366.6079406738281,415.62054443359375,362.20098876953125,365.4755859375,341.352783203125,331.5396728515625,278.91522216796875,0
4008,214.27285766601562,148.641357421875,493.14910888671875,149.6582794189453,521.3988647460938,394.9682312011719,487.4997253417969,361.44561767578125,474.19415283203125,398.12384033203125,492.1029968261719,382.0115966796875,480.0743103027344,379.37762451171875,451.13897705078125,366.8964538574219,415.8520812988281,362.2008056640625,365.7275695800781,341.5498962402344,331.3715515136719,279.1202392578125,0
4009,214.23577880859375,148.89453125,493.2473449707031,149.5657958984375,521.9005126953125,394.6702575683594,487.26910400390625,361.5581359863281,474.0842590332031,398.5147399902344,492.10791015625,381.9541320800781,479.9217834472656,379.7411804199219,451.3986511230469,366.9677734375,415.91302490234375,362.2225646972656,365.80938720703125,341.6420593261719,331.35540771484375,278.9114685058594,0
4010,214.34910583496094,148.8397674560547,493.1528015136719,149.58529663085938,522.456298828125,395.1912536621094,487.3440856933594,361.78228759765625,474.4344482421875,398.1595153808594,492.02178955078125,381.7127380371094,480.0873107910156,379.6069641113281,451.5470886230469,366.71929931640625,415.718017578125,362.2462158203125,365.6970520019531,341.4961853027344,331.2486572265625,278.3199462890625,0
4011,214.36935424804688,148.87855529785156,493.1583557128906,149.56004333496094,522.4328002929688,395.2317810058594,487.3512878417969,361.8175048828125,474.5097351074219,398.1640319824219,492.1369323730469,381.744140625,480.16107177734375,379.6264953613281,451.521484375,366.7267761230469,415.7090759277344,362.24798583984375,365.6978454589844,341.4964904785156,331.2481384277344,278.3163146972656,0
4012,214.33689880371094,148.6970672607422,493.1996154785156,149.67410278320312,522.3436279296875,395.28948974609375,487.79791259765625,361.8582458496094,474.34307861328125,398.0914001464844,492.120361328125,381.8697509765625,480.0708923339844,379.5285339355469,451.5362854003906,366.42059326171875,415.60400390625,362.28668212890625,365.9128112792969,341.6712951660156,331.1925964355469,277.66717529296875,0
4013,214.46197509765625,148.68409729003906,493.18359375,149.65695190429688,524.7548217773438,396.4410400390625,488.8335266113281,362.9940490722656,474.9375,398.1889953613281,493.1341552734375,382.364990234375,480.56048583984375,379.68792724609375,451.8992004394531,366.4196472167969,415.693359375,362.18603515625,365.6328125,341.4893798828125,331.08953857421875,278.48052978515625,0
4014,214.2501220703125,148.73684692382812,493.3327941894531,149.63427734375,524.1981201171875,398.9393310546875,488.98016357421875,363.3218994140625,474.715576171875,396.7655334472656,493.4533386230469,384.1611328125,480.7319030761719,379.39923095703125,452.1599426269531,366.0194091796875,415.6483459472656,362.1817321777344,365.5567321777344,341.42266845703125,331.2986755371094,279.80242919921875,0
4015,214.38702392578125,148.55967712402344,493.320068359375,149.64231872558594,520.5250244140625,405.620361328125,490.90716552734375,366.5000305175781,474.27001953125,397.0656433105469,493.32763671875,387.614990234375,480.03253173828125,380.2182312011719,452.40545654296875,364.9498596191406,415.1114807128906,361.7418518066406,365.1760559082031,341.42425537109375,330.9490051269531,278.30853271484375,0
4016,214.4067840576172,148.5453338623047,493.3045959472656,149.67901611328125,520.5287475585938,405.6270751953125,490.8923645019531,366.50146484375,474.2675476074219,397.0722351074219,493.3188171386719,387.6138000488281,480.01824951171875,380.2150573730469,452.4171142578125,364.93585205078125,415.11309814453125,361.73388671875,365.14190673828125,341.4192199707031,330.9629821777344,278.2884521484375,0
4017,214.42446899414062,148.57554626464844,493.2232360839844,149.61294555664062,519.7678833007812,409.4798889160156,491.0980224609375,369.0600280761719,473.4542541503906,398.186279296875,492.5086975097656,390.3361511230469,480.67584228515625,382.0025329589844,451.5061340332031,365.0196228027344,414.29547119140625,361.6344909667969,363.7407531738281,340.3733215332031,330.5448303222656,276.44403076171875,0
4018,214.43368530273438,148.44674682617188,493.2801513671875,149.59100341796875,512.9249877929688,417.03619384765625,490.6173400878906,371.3129577636719,468.5921630859375,396.2074890136719,489.8812255859375,392.20892333984375,477.8466796875,380.70697021484375,448.8797302246094,362.6894836425781,412.2733154296875,359.76861572265625,362.46124267578125,338.81817626953125,329.6866760253906,276.1415710449219,0
4019,214.23231506347656,148.62042236328125,493.1902160644531,149.59812927246094,508.9622497558594,420.82464599609375,490.0718078613281,373.9532165527344,466.7848815917969,396.7032775878906,488.7372131347656,393.9076843261719,476.1147155761719,382.75933837890625,448.2401123046875,360.9967346191406,412.1285095214844,359.005126953125,362.4437255859375,338.84381103515625,329.0701599121094,275.0583190917969,0
4020,214.25616455078125,148.7294158935547,493.135498046875,149.7154541015625,510.2892761230469,427.6940002441406,493.00457763671875,380.087890625,470.7423400878906,400.94024658203125,491.18792724609375,399.85333251953125,479.453125,388.48406982421875,450.9238586425781,364.0748596191406,412.313232421875,358.9075622558594,362.0357360839844,338.35150146484375,329.05352783203125,274.5337829589844,0
4021,214.25277709960938,148.7229766845703,493.114501953125,149.7296142578125,510.2901611328125,427.6912536621094,493.0142517089844,380.0917053222656,470.7199401855469,400.91375732421875,491.17767333984375,399.8413391113281,479.4727478027344,388.438232421875,450.7770080566406,364.0216979980469,412.2807312011719,358.8913269042969,362.0450744628906,338.3544616699219,329.0156555175781,274.5250244140625,0
4022,214.34756469726562,148.60125732421875,493.102783203125,149.73190307617188,510.96356201171875,428.91912841796875,495.0968322753906,383.1659240722656,472.3816833496094,402.5213928222656,492.9423522949219,401.208984375,481.7485656738281,390.02044677734375,451.75,365.2550354003906,411.5644836425781,358.908447265625,361.8548583984375,338.18585205078125,328.7485656738281,276.0777893066406,0
4023,214.24612426757812,148.60665893554688,493.1258850097656,149.75900268554688,512.294189453125,425.7652587890625,499.21563720703125,385.62176513671875,476.58441162109375,407.2088317871094,494.65087890625,402.5782775878906,485.421142578125,392.149658203125,452.9111022949219,366.957763671875,409.5602722167969,357.2052001953125,360.14471435546875,335.99652099609375,327.34320068359375,273.1559753417969,0
4024,214.23455810546875,148.41485595703125,493.3246154785156,149.7087860107422,513.0305786132812,429.1286926269531,501.3320007324219,386.106689453125,477.4444274902344,407.2926025390625,496.2304382324219,403.8527526855469,486.741943359375,392.9638366699219,452.6901550292969,366.2455749511719,409.02178955078125,356.0195617675781,359.2066955566406,335.0994873046875,327.1319580078125,272.5138854980469,0
4025,214.43011474609375,148.52891540527344,493.2501220703125,149.75137329101562,510.9928283691406,428.9376220703125,501.1649169921875,389.83966064453125,477.7762451171875,410.2581481933594,495.8365783691406,406.1243591308594,487.2734375,396.1850280761719,454.0237731933594,366.9874267578125,409.0013427734375,354.7685546875,358.4599609375,333.8057556152344,324.7315368652344,271.7060852050781,0
4026,214.4271240234375,148.52528381347656,493.2496337890625,149.75009155273438,510.9116516113281,428.8092041015625,501.1268615722656,389.7379150390625,477.7843933105469,410.2913513183594,495.8250732421875,406.0760803222656,487.27044677734375,396.1597900390625,454.0343933105469,366.9864196777344,409.00177001953125,354.7713317871094,358.4508972167969,333.80126953125,324.7100524902344,271.7525634765625,0
4027,214.37059020996094,148.57101440429688,493.2704772949219,149.81326293945312,510.9873352050781,423.1236877441406,502.77197265625,389.36090087890625,479.8684997558594,411.1078796386719,496.07427978515625,404.67779541015625,488.044189453125,395.3596496582031,454.5351257324219,366.7508850097656,407.2348327636719,353.7596740722656,356.5123291015625,332.21551513671875,321.4668273925781,270.94708251953125,0
4028,214.4084014892578,148.7433624267578,493.28741455078125,149.9015350341797,506.623291015625,425.84600830078125,505.15521240234375,390.2264404296875,481.5450744628906,407.0619812011719,497.59246826171875,405.7313232421875,490.52532958984375,394.01385498046875,455.77294921875,364.8748779296875,406.8809509277344,353.06280517578125,355.31365966796875,331.1192321777344,319.76812744140625,270.475830078125,0
4029,214.4463653564453,148.72256469726562,493.284912109375,149.68917846679688,506.0746765136719,424.8909606933594,505.3432312011719,392.7064208984375,481.8545837402344,409.3140869140625,498.2477722167969,407.260009765625,491.4471435546875,395.9334716796875,457.70440673828125,366.386474609375,407.3580627441406,352.4435119628906,355.3831787109375,330.8609619140625,319.22100830078125,270.320556640625,0
4030,214.52442932128906,148.73635864257812,493.246337890625,149.765625,500.5032043457031,418.18988037109375,510.2579040527344,398.02471923828125,483.31585693359375,411.32080078125,500.4191589355469,409.49151611328125,493.48486328125,398.8674011230469,459.9508972167969,367.0910949707031,407.3096618652344,352.3421630859375,355.1514892578125,330.66754150390625,318.7390441894531,270.4873962402344,0
4031,214.5284881591797,148.73741149902344,493.2344970703125,149.77149963378906,500.47265625,418.1737060546875,510.2804260253906,398.0353698730469,483.2659606933594,411.2696838378906,500.38348388671875,409.4897766113281,493.4669494628906,398.87017822265625,459.866943359375,367.0556640625,407.3084411621094,352.3470458984375,355.17010498046875,330.6667785644531,318.77215576171875,270.4613342285156,0
4032,214.46994018554688,148.56076049804688,493.3014221191406,149.76866149902344,508.0167541503906,414.0280456542969,510.3888854980469,400.476318359375,483.67340087890625,412.62103271484375,501.2137145996094,409.53070068359375,493.2987365722656,400.5773010253906,459.8969421386719,367.5733947753906,407.0019836425781,352.2815856933594,355.36444091796875,330.6347351074219,318.5215148925781,270.8310546875,0
4033,214.48231506347656,148.5494384765625,493.43377685546875,149.87567138671875,501.4552917480469,419.7237243652344,510.1314697265625,409.5310974121094,477.7644958496094,415.7530517578125,490.29547119140625,416.1025695800781,485.3114013671875,406.39923095703125,464.5789489746094,368.3861083984375,408.3782043457031,352.3642272949219,356.59014892578125,330.2734375,319.3349609375,270.9294128417969,0
4034,214.3052215576172,148.8233184814453,493.3349304199219,149.86709594726562,494.2778625488281,428.6097106933594,502.44830322265625,417.5292053222656,471.5091247558594,419.5315856933594,487.715576171875,422.96807861328125,483.2382507324219,412.0072326660156,466.6873474121094,369.46905517578125,410.04669189453125,351.0528564453125,359.5491943359375,330.07843017578125,319.42926025390625,271.07537841796875,0
4035,214.56631469726562,148.6847686767578,493.48138427734375,149.81394958496094,486.8984375,429.267578125,493.0261535644531,422.6612243652344,463.211669921875,421.489013671875,479.8877868652344,426.097412109375,476.40325927734375,414.4152526855469,469.0806884765625,370.75421142578125,415.6485290527344,350.7132873535156,362.2428894042969,328.5240783691406,319.43060302734375,271.7288513183594,0
4036,214.57861328125,148.6732940673828,493.52166748046875,149.79721069335938,486.9251708984375,429.2716064453125,493.0220031738281,422.6852111816406,463.1996154785156,421.4897155761719,479.9048767089844,426.0851745605469,476.3610534667969,414.52362060546875,469.1318054199219,370.8070983886719,415.642578125,350.6924743652344,362.2295227050781,328.521728515625,319.4270935058594,271.7318115234375,0
4037,214.5415496826172,148.7884521484375,493.5660705566406,149.71229553222656,478.2406921386719,431.7605895996094,486.48699951171875,423.3592224121094,459.5535583496094,422.37139892578125,475.02496337890625,425.12579345703125,471.09613037109375,416.4586486816406,468.1467590332031,372.70391845703125,416.2869873046875,350.9575500488281,362.7716369628906,328.2568054199219,320.0779724121094,274.56756591796875,0
4038,214.71829223632812,148.71792602539062,493.5672302246094,149.5730438232422,472.5594482421875,434.41522216796875,481.6124572753906,427.2468566894531,452.1576232910156,424.1285095214844,469.126953125,428.8035888671875,466.70367431640625,419.72088623046875,467.0314636230469,375.100341796875,416.7640380859375,351.1765441894531,362.5956115722656,328.1329650878906,319.9027099609375,273.8072509765625,0
4039,214.44998168945312,148.88470458984375,493.4176940917969,149.675537109375,467.5787353515625,432.601806640625,479.4499206542969,428.0670471191406,450.0473937988281,423.1724548339844,466.4164733886719,428.45220947265625,465.0706787109375,419.576416015625,467.3586730957031,375.2796936035156,416.60333251953125,351.04046630859375,362.9986267089844,328.12347412109375,319.7518615722656,273.54791259765625,0
4040,214.5457763671875,148.712158203125,493.44281005859375,149.7842254638672,456.6758117675781,431.14776611328125,472.32745361328125,429.6915588378906,444.4947814941406,418.7762756347656,457.3650817871094,425.8744812011719,459.0350646972656,419.3284606933594,468.35321044921875,375.254638671875,417.7689208984375,350.8199462890625,363.39166259765625,327.4849853515625,320.1894836425781,274.60699462890625,0
4041,214.54713439941406,148.62112426757812,493.256103515625,149.6592254638672,457.07281494140625,433.6068420410156,470.15460205078125,429.41680908203125,444.90301513671875,421.1986389160156,457.7476806640625,427.5304870605469,459.478515625,420.9673156738281,466.9442138671875,377.740966796875,417.416259765625,350.784423828125,363.8062744140625,327.93377685546875,319.96392822265625,275.12786865234375,0
4042,214.56890869140625,148.5927276611328,493.255126953125,149.6560516357422,457.0604553222656,433.6164855957031,470.1745910644531,429.4076843261719,444.9118957519531,421.1778869628906,457.76617431640625,427.5006408691406,459.5191345214844,420.9535217285156,466.94195556640625,377.68896484375,417.4159240722656,350.7870178222656,363.7884521484375,327.9394836425781,319.9726867675781,275.032470703125,0
4043,214.5587615966797,148.58084106445312,493.27130126953125,149.80020141601562,456.2276916503906,432.3609924316406,467.3764343261719,432.0444030761719,440.821533203125,420.83734130859375,454.801513671875,426.6452331542969,457.210693359375,418.90093994140625,467.5392761230469,380.02789306640625,417.8005676269531,351.16021728515625,363.57183837890625,327.6556396484375,319.916748046875,275.1770324707031,0
4044,214.51727294921875,148.5999755859375,493.2359313964844,149.64451599121094,455.6617736816406,430.20013427734375,467.0808410644531,428.35675048828125,441.9993591308594,419.03460693359375,454.54779052734375,425.1234130859375,454.802734375,417.2628173828125,467.727294921875,376.7069091796875,417.6594543457031,350.66815185546875,363.43377685546875,327.5945739746094,319.76751708984375,274.9364013671875,0
4045,214.58848571777344,148.5985870361328,493.30718994140625,149.67041015625,456.2613525390625,430.98199462890625,466.7476806640625,431.70343017578125,440.0003662109375,419.8414001464844,455.0006103515625,425.8782958984375,456.90814208984375,417.8573913574219,467.2766418457031,378.52166748046875,418.2524108886719,350.48724365234375,363.4654541015625,327.1826477050781,320.37274169921875,275.6859436035156,0
4046,214.52926635742188,148.74362182617188,493.2748718261719,149.72915649414062,454.76092529296875,429.94268798828125,469.3769836425781,428.09063720703125,441.2768249511719,418.5884704589844,455.01641845703125,425.0930480957031,455.3162841796875,417.98236083984375,468.64190673828125,375.6057434082031,418.05572509765625,350.3706970214844,363.89910888671875,327.6253967285156,319.90447998046875,275.85711669921875,0
4047,214.5471954345703,148.77784729003906,493.302490234375,149.76002502441406,456.0286560058594,434.4544372558594,470.91119384765625,431.330810546875,442.7689208984375,421.7016296386719,456.69610595703125,428.2524108886719,458.745849609375,421.1286315917969,468.0035705566406,376.9373779296875,418.19976806640625,350.4609375,363.7117614746094,327.58050537109375,320.020263671875,275.6656188964844,0
4048,214.54043579101562,148.706298828125,493.3232421875,149.80267333984375,456.1819763183594,432.9627685546875,469.81195068359375,432.40789794921875,442.2512512207031,421.7567443847656,455.8969421386719,428.1097717285156,458.3533630371094,421.4643249511719,467.9097595214844,380.8524169921875,418.08831787109375,350.3200378417969,363.8489074707031,327.6390380859375,319.9667053222656,275.9046936035156,0
4049,214.55288696289062,148.6893310546875,493.3022766113281,149.69680786132812,456.10040283203125,434.1994323730469,471.7782287597656,432.07861328125,443.4465026855469,420.9736022949219,457.1923828125,428.0339660644531,459.88702392578125,421.0355529785156,468.7884521484375,375.5843200683594,417.8734130859375,349.896728515625,363.6448669433594,327.3480224609375,319.5021667480469,275.4911193847656,0
4050,214.5783233642578,148.69688415527344,493.258056640625,149.67071533203125,456.09002685546875,434.20556640625,471.78125,432.0985107421875,443.43719482421875,420.9619445800781,457.1788330078125,428.0441589355469,459.890625,421.0306701660156,468.7520751953125,375.60333251953125,417.8766784667969,349.8962707519531,363.6458740234375,327.35040283203125,319.489501953125,275.51611328125,0
4051,214.53118896484375,148.75363159179688,493.17022705078125,149.66171264648438,457.2895812988281,434.75909423828125,472.46661376953125,432.4759216308594,444.6164245605469,423.1771240234375,458.1211242675781,429.4621276855469,460.8411560058594,422.17010498046875,467.5505676269531,376.9320068359375,417.92620849609375,350.2237243652344,363.9394226074219,327.53204345703125,319.98431396484375,276.11358642578125,0
4052,214.3769073486328,148.8579864501953,493.2594299316406,149.645751953125,457.97772216796875,433.1832275390625,474.0925598144531,429.8614807128906,445.64495849609375,419.87725830078125,460.6231384277344,426.4632568359375,461.6914978027344,419.4974670410156,469.46954345703125,374.84967041015625,418.0394287109375,349.9730224609375,363.62225341796875,327.4796447753906,319.8450927734375,275.6100769042969,0
4053,214.5454559326172,148.80345153808594,493.289306640625,149.7327423095703,462.8250732421875,433.5348205566406,475.7875061035156,429.2003173828125,447.26531982421875,422.0838928222656,463.2429504394531,426.9588928222656,463.543701171875,419.6334533691406,469.9577941894531,375.0353698730469,418.0550842285156,349.8490905761719,363.69873046875,327.31439208984375,319.8777160644531,276.17431640625,0
4054,214.7737579345703,148.7116241455078,493.4871520996094,149.72962951660156,458.539794921875,433.09991455078125,473.0585021972656,430.3261413574219,446.55999755859375,420.4385681152344,460.7378845214844,425.99285888671875,462.63385009765625,419.0682067871094,469.2394714355469,376.9779968261719,418.2437438964844,350.1622619628906,363.63873291015625,327.2816162109375,319.491943359375,275.7080078125,0
4055,214.7490997314453,148.7085723876953,493.4962158203125,149.8009490966797,458.548095703125,433.1357727050781,473.060302734375,430.2945556640625,446.49395751953125,420.32098388671875,460.7476806640625,425.9919128417969,462.669677734375,419.04974365234375,469.2635192871094,376.41363525390625,418.2368469238281,350.13275146484375,363.6396179199219,327.23419189453125,319.5169372558594,275.7353820800781,0
4056,214.6605682373047,148.61053466796875,493.3486633300781,149.7638397216797,462.2094421386719,432.0666198730469,474.5995178222656,428.6473388671875,447.2005920410156,421.48284912109375,463.5268249511719,425.8439025878906,463.69879150390625,419.14276123046875,469.1731872558594,376.1317138671875,417.9853820800781,349.7616271972656,363.4084167480469,327.07525634765625,319.2881164550781,274.8091735839844,0
4057,214.56292724609375,148.64480590820312,493.413330078125,149.902587890625,461.2770690917969,432.2044982910156,474.31414794921875,432.0266418457031,446.4755859375,422.5481872558594,461.31134033203125,427.5934753417969,462.724853515625,420.60845947265625,468.3928527832031,378.41717529296875,418.1686096191406,349.7725524902344,363.2039794921875,326.8970947265625,319.2822265625,274.0976867675781,0
4058,214.5430908203125,148.43223571777344,493.3312683105469,149.50021362304688,461.35906982421875,431.8486633300781,474.3192138671875,429.27197265625,446.9450988769531,421.87286376953125,462.7392272949219,425.93243408203125,462.8565979003906,419.1005554199219,469.48150634765625,376.4698181152344,418.1225280761719,349.6431884765625,363.68463134765625,327.1812744140625,319.5201110839844,277.0954284667969,0
4059,214.68704223632812,148.49693298339844,493.29730224609375,149.53741455078125,463.8919982910156,434.008056640625,477.2345275878906,429.01434326171875,449.6656494140625,423.86834716796875,459.8721008300781,353.4279479980469,466.37847900390625,364.6853332519531,469.7549133300781,383.86578369140625,418.2874450683594,349.7088623046875,363.40185546875,326.96575927734375,319.7371826171875,276.22998046875,0
4060,214.674560546875,148.53955078125,493.3006591796875,149.5359344482422,463.79425048828125,433.95208740234375,477.19390869140625,429.0915222167969,449.7260437011719,423.9270935058594,459.7821044921875,353.61395263671875,466.1895446777344,364.9747009277344,470.0166015625,384.2147521972656,418.27978515625,349.7107849121094,363.3801574707031,326.9523010253906,319.60198974609375,276.2076110839844,0
4061,214.768798828125,148.48023986816406,493.2978820800781,149.4323272705078,467.9389953613281,433.8382263183594,478.3724060058594,429.47625732421875,450.55718994140625,422.4475402832031,465.7245788574219,428.27142333984375,465.5383605957031,419.2154846191406,469.8301086425781,376.60260009765625,418.47821044921875,349.2083740234375,363.4972229003906,326.9142761230469,319.2613830566406,276.0810852050781,0
4062,214.86593627929688,148.62808227539062,493.241455078125,149.4664764404297,452.64947509765625,429.8087463378906,477.2049255371094,428.0106201171875,483.74871826171875,358.28985595703125,462.1393737792969,423.380859375,466.18023681640625,364.3164978027344,469.9048156738281,380.7179260253906,418.38134765625,348.2168273925781,363.2936096191406,326.89208984375,319.2734069824219,275.5250244140625,0
4063,214.54147338867188,148.62867736816406,493.2500305175781,149.5009002685547,440.6527404785156,428.57061767578125,477.1877136230469,429.67718505859375,452.03216552734375,415.65264892578125,456.1064147949219,425.3205871582031,464.42034912109375,416.772705078125,470.274658203125,372.898193359375,418.2170104980469,347.1343994140625,363.594482421875,327.11004638671875,318.8249206542969,276.6771545410156,0
4064,214.71681213378906,148.6192169189453,493.2140808105469,149.47335815429688,442.30145263671875,426.7250671386719,478.3211364746094,428.98406982421875,452.58984375,414.1589050292969,456.1954650878906,425.72015380859375,465.0218200683594,416.1436462402344,472.0304870605469,374.1311950683594,418.3926696777344,346.2413024902344,363.4940490722656,326.90411376953125,319.076416015625,276.8559875488281,0
4065,214.71755981445312,148.622802734375,493.219970703125,149.4761199951172,442.33349609375,426.9151916503906,478.3724060058594,428.8217468261719,452.51873779296875,414.1533508300781,456.17718505859375,425.7942810058594,465.0052795410156,416.02105712890625,471.62640380859375,372.96234130859375,418.4808349609375,346.1820983886719,363.4601745605469,326.88995361328125,319.0770568847656,276.85601806640625,0
4066,214.63307189941406,148.57777404785156,493.0822448730469,149.44891357421875,453.84002685546875,429.1705017089844,477.2817077636719,426.945556640625,452.9176025390625,414.69110107421875,462.05474853515625,425.4517517089844,464.9256286621094,416.3481750488281,471.1428527832031,372.21685791015625,418.4432373046875,346.178955078125,363.35748291015625,326.7063903808594,318.3783874511719,276.638427734375,0
4067,214.391845703125,148.53895568847656,493.1961975097656,149.24606323242188,453.718994140625,428.011962890625,469.1990966796875,428.4570007324219,446.4295654296875,414.77935791015625,454.79302978515625,424.0234069824219,459.9638671875,415.3280334472656,472.13824462890625,375.5028991699219,418.9862365722656,346.1866149902344,363.2215270996094,326.4978332519531,318.7293701171875,275.7392578125,0
4068,214.5261688232422,148.52828979492188,493.2962341308594,149.34555053710938,451.1826477050781,427.3309020996094,463.39874267578125,431.4187316894531,443.88427734375,412.0663146972656,451.3514404296875,421.20037841796875,456.4454040527344,413.3265686035156,471.6952209472656,376.0306091308594,419.247802734375,346.8891296386719,364.2029113769531,326.9544372558594,319.393798828125,277.80279541015625,0
4069,214.4712677001953,148.74880981445312,493.32916259765625,149.4114532470703,442.3453369140625,425.9306640625,458.7118225097656,430.32745361328125,440.2969055175781,411.83648681640625,447.6648254394531,422.0462951660156,452.497802734375,415.28076171875,469.76873779296875,378.977783203125,420.5745544433594,346.57720947265625,364.301025390625,326.8670349121094,319.9322509765625,278.173583984375,0
4070,214.49594116210938,148.73773193359375,493.3185119628906,149.40921020507812,442.2196044921875,425.92626953125,458.901611328125,430.3091125488281,440.3568420410156,411.465576171875,447.6450500488281,421.9345397949219,452.7213134765625,415.16943359375,469.55670166015625,378.57489013671875,420.5673522949219,346.59100341796875,364.3038635253906,326.87646484375,319.92987060546875,278.1751403808594,0
4071,214.50872802734375,148.6259307861328,493.2630920410156,149.48712158203125,439.3838806152344,424.97515869140625,454.4881286621094,431.8503723144531,440.7034606933594,409.5297546386719,444.93463134765625,421.5581970214844,451.299072265625,415.4857482910156,470.1492614746094,378.9656066894531,420.6705627441406,346.32366943359375,364.34039306640625,326.64892578125,319.0081787109375,276.226318359375,0
4072,214.38568115234375,148.6963653564453,493.1236877441406,149.48619079589844,410.304443359375,410.5444641113281,447.46337890625,437.26318359375,434.39886474609375,409.1189880371094,429.0850830078125,422.5369567871094,443.5013122558594,420.5716857910156,467.31341552734375,379.95770263671875,420.6137390136719,344.8108825683594,364.2167053222656,326.8266296386719,319.0956726074219,278.1849670410156,0
4073,214.35415649414062,148.7881317138672,493.116455078125,149.52053833007812,411.5,416.9571533203125,447.086181640625,438.53826904296875,434.8937072753906,412.7730712890625,428.7450256347656,425.9032287597656,442.6275939941406,421.682373046875,465.7206115722656,379.8869934082031,420.56817626953125,344.02337646484375,363.92645263671875,326.91070556640625,318.1042785644531,280.88983154296875,0
4074,214.5107421875,148.78260803222656,493.0325927734375,149.53164672851562,431.6181335449219,428.9884338378906,452.5420227050781,436.5245056152344,433.771240234375,416.9001770019531,438.0062561035156,425.4601745605469,445.6001892089844,421.3662414550781,461.43927001953125,380.7873840332031,420.8294677734375,336.1051330566406,364.2857666015625,323.0050964355469,320.5938720703125,295.9068298339844,0
4075,214.50706481933594,148.77867126464844,493.08935546875,149.50595092773438,431.75457763671875,429.114990234375,452.661865234375,436.5224609375,433.64617919921875,416.97760009765625,438.01824951171875,425.5340881347656,445.5178527832031,421.3746643066406,461.4498596191406,380.9306335449219,420.8634948730469,336.10736083984375,364.3074035644531,323.0168762207031,320.72357177734375,296.014404296875,0
4076,214.41851806640625,148.87673950195312,493.0834655761719,149.5064239501953,427.7286376953125,426.6802062988281,452.4806213378906,437.05694580078125,433.0264587402344,417.9427490234375,437.92205810546875,425.4009704589844,446.32171630859375,421.46209716796875,459.1091613769531,374.1571960449219,422.0693664550781,324.42266845703125,363.91400146484375,309.8893127441406,313.67340087890625,288.83538818359375,0
4077,214.4363250732422,148.887939453125,493.1800537109375,149.55491638183594,416.9332580566406,428.3073425292969,441.5784606933594,437.64996337890625,423.7688293457031,415.4413146972656,425.2682800292969,425.35955810546875,435.111083984375,421.0975646972656,455.25030517578125,374.3953552246094,430.1158752441406,315.0393371582031,380.1045227050781,285.6501770019531,325.2427978515625,275.2845458984375,0
4078,214.38047790527344,148.79129028320312,493.1990051269531,149.53323364257812,409.8581237792969,420.76837158203125,435.0013122558594,438.6932373046875,420.82916259765625,411.5305480957031,417.5839538574219,423.4873046875,430.4711608886719,420.11529541015625,453.91864013671875,378.1900634765625,437.66815185546875,315.54766845703125,388.528076171875,283.9712219238281,333.9556579589844,269.92913818359375,0
4079,214.2450408935547,148.73211669921875,493.2620849609375,149.53546142578125,380.84637451171875,403.3666076660156,414.5274353027344,431.5900573730469,410.7897033691406,401.81658935546875,402.394775390625,412.54180908203125,413.3581848144531,415.1952819824219,455.4261169433594,383.63641357421875,462.3883361816406,323.239990234375,423.87908935546875,283.8243713378906,368.844482421875,267.8467102050781,0
4080,214.2060089111328,148.84442138671875,493.22174072265625,149.4044952392578,373.4803161621094,400.1175537109375,408.71026611328125,428.3030090332031,406.71478271484375,398.9025573730469,396.13458251953125,408.5343933105469,410.4870300292969,412.8863525390625,453.6461486816406,386.191162109375,475.2478332519531,331.0111389160156,442.7326354980469,286.1401672363281,385.2254333496094,269.30511474609375,0
4081,214.14996337890625,148.70114135742188,493.17669677734375,149.48428344726562,367.6718444824219,396.58502197265625,402.7364196777344,424.6499328613281,402.6344299316406,394.06024169921875,391.0865783691406,404.0767517089844,406.29327392578125,407.0772399902344,450.2635803222656,387.74359130859375,485.0357360839844,339.4548034667969,466.2452392578125,293.2152099609375,420.2716064453125,269.2508544921875,0
4082,214.17010498046875,148.70693969726562,493.1693115234375,149.53326416015625,367.6482849121094,396.59552001953125,402.7043151855469,424.6278991699219,402.58612060546875,394.08856201171875,391.1157531738281,404.0469055175781,406.31292724609375,407.0776062011719,450.55908203125,387.2628173828125,485.0613708496094,339.39501953125,466.1943054199219,293.181884765625,420.24786376953125,269.232666015625,0
4083,214.30104064941406,148.68017578125,493.1705322265625,149.55418395996094,365.927001953125,397.40509033203125,402.1727600097656,423.61602783203125,402.2660827636719,392.85479736328125,390.5577392578125,403.5553283691406,405.9744567871094,405.0042419433594,451.1368103027344,387.0845947265625,489.83941650390625,345.7662048339844,479.4358215332031,292.9838562011719,426.392822265625,265.055419921875,0
4084,214.14163208007812,148.643798828125,493.1875305175781,149.47634887695312,366.7880554199219,397.3923034667969,404.27996826171875,422.725341796875,405.5221252441406,390.43194580078125,393.05804443359375,401.2599182128906,409.406982421875,403.72869873046875,455.5075988769531,388.4555358886719,496.620849609375,350.7283630371094,493.8629150390625,294.8629150390625,437.71124267578125,270.7789306640625,0
4085,214.36720275878906,148.54342651367188,493.07867431640625,149.6187744140625,367.16998291015625,399.1502380371094,408.4794006347656,421.63433837890625,407.6075134277344,388.2951965332031,395.5635986328125,400.72247314453125,413.0547790527344,401.5152893066406,457.32635498046875,385.4186096191406,499.9561767578125,350.8136901855469,499.83209228515625,296.1854553222656,443.1059265136719,273.3338623046875,0
4086,214.3692169189453,148.74310302734375,493.1760559082031,149.68408203125,371.0733337402344,393.2817077636719,408.6943054199219,417.31036376953125,409.6568603515625,383.7004699707031,397.92535400390625,395.3550109863281,414.1757507324219,398.80438232421875,457.7978820800781,385.5826416015625,503.82598876953125,355.35333251953125,507.31402587890625,300.936767578125,453.6440734863281,283.1077575683594,0
4087,214.3666229248047,148.759765625,493.1510009765625,149.66905212402344,371.0738830566406,393.2824401855469,408.6890563964844,417.31103515625,409.6424560546875,383.6955261230469,397.9179992675781,395.35150146484375,414.1463623046875,398.8111267089844,457.8191833496094,385.5276184082031,503.8216552734375,355.3636779785156,507.3205871582031,301.0308837890625,453.6278991699219,283.10003662109375,0
4088,214.37042236328125,148.5786895751953,493.13726806640625,149.51646423339844,372.8231201171875,382.895751953125,407.3133239746094,414.4519348144531,412.8073425292969,382.419189453125,397.9393005371094,393.98779296875,414.943603515625,397.64349365234375,458.3655090332031,387.0033264160156,504.03399658203125,357.9573669433594,512.0321655273438,305.2822570800781,459.4786682128906,284.5885925292969,0
4089,214.4211883544922,148.6480255126953,493.1578674316406,149.52708435058594,381.05706787109375,365.4813232421875,405.57952880859375,406.3583984375,419.8917541503906,377.7275085449219,402.53460693359375,384.00823974609375,417.2142333984375,393.3652648925781,460.85693359375,390.3621826171875,506.13519287109375,363.07696533203125,512.4296875,316.3477783203125,463.3729248046875,300.7400207519531,0
4090,214.405517578125,148.5564422607422,493.1011047363281,149.49423217773438,383.8554992675781,360.341796875,404.0574645996094,402.8046569824219,419.929931640625,375.4170837402344,402.7906799316406,380.4145812988281,415.37451171875,391.0086364746094,460.36944580078125,394.28704833984375,507.017578125,367.3819580078125,513.5770263671875,323.28619384765625,457.6390686035156,305.0442199707031,0
4091,214.5745391845703,148.6507568359375,493.0685119628906,149.453857421875,390.2112731933594,353.57965087890625,405.6070251464844,397.1944885253906,424.6306457519531,372.8556823730469,405.8394775390625,376.34716796875,418.97955322265625,388.188720703125,463.40484619140625,394.2416076660156,510.7425537109375,375.0827331542969,525.6602172851562,338.076416015625,479.293212890625,316.5608825683594,0
4092,214.56138610839844,148.60800170898438,493.0570373535156,149.48306274414062,390.2007751464844,353.59521484375,405.58123779296875,397.17822265625,424.65789794921875,372.88641357421875,405.8424987792969,376.3491516113281,419.0022888183594,388.2086486816406,463.6837463378906,394.3516540527344,510.7255859375,375.0335693359375,525.6436157226562,338.05517578125,479.2956237792969,316.57086181640625,0
4093,214.45584106445312,148.55931091308594,493.01904296875,149.45692443847656,402.8275451660156,343.8154602050781,402.3889465332031,391.5946350097656,429.62371826171875,375.5433349609375,409.2039794921875,371.01959228515625,418.259521484375,388.0679626464844,462.8565673828125,397.4637145996094,510.5833740234375,379.2909851074219,526.1438598632812,338.68829345703125,474.9721374511719,314.2911376953125,0
4094,214.47427368164062,148.52391052246094,493.0049133300781,149.5829315185547,409.6949462890625,331.8703308105469,402.34320068359375,381.37890625,430.59918212890625,370.1719055175781,412.75665283203125,363.4298400878906,418.4062805175781,381.2013854980469,457.34490966796875,402.401123046875,509.25933837890625,393.1807861328125,529.3292846679688,349.33221435546875,487.1593933105469,324.0636901855469,0
4095,214.49253845214844,148.42449951171875,492.9725646972656,149.69384765625,410.8935852050781,328.0550231933594,400.4827880859375,375.7718200683594,430.5558776855469,366.06793212890625,412.8815612792969,359.472900390625,417.4737854003906,377.2903747558594,455.5181579589844,402.9521484375,506.6522216796875,400.3546447753906,540.9238891601562,372.4331970214844,513.7452392578125,340.5960693359375,0
4096,214.4088134765625,148.49610900878906,492.9623107910156,149.7024383544922,411.5382385253906,318.3447570800781,402.0997009277344,365.9930725097656,431.2396545410156,355.48834228515625,414.6230163574219,348.1465759277344,417.7818603515625,365.318603515625,448.5428771972656,395.27435302734375,500.13958740234375,411.5248107910156,547.4012451171875,390.04974365234375,512.5796508789062,346.2422790527344,0
4097,214.43954467773438,148.52584838867188,493.036376953125,149.70274353027344,411.5380554199219,318.34033203125,402.0992431640625,365.97845458984375,431.2503356933594,355.4647216796875,414.6194152832031,348.13397216796875,417.7903747558594,365.2998352050781,448.4983215332031,395.2666320800781,500.1455383300781,411.5437927246094,547.3922119140625,390.0610656738281,512.5850830078125,346.2468566894531,0
4098,214.3257598876953,148.50746154785156,492.8545227050781,149.72459411621094,408.4906921386719,315.8868713378906,401.1160583496094,364.423583984375,431.3086242675781,352.9559326171875,412.9471130371094,346.448486328125,417.7774353027344,363.501220703125,448.227294921875,393.5970153808594,496.6089172363281,416.9403991699219,545.5809326171875,401.822509765625,517.9738159179688,350.80670166015625,0
4099,214.4105987548828,148.6236114501953,492.9638977050781,149.66905212402344,422.44683837890625,321.4620666503906,405.4508972167969,364.5182800292969,438.690185546875,361.7400207519531,420.5355224609375,351.5364990234375,421.7011413574219,368.3885192871094,440.5142517089844,399.6830139160156,479.86614990234375,427.02618408203125,529.9210205078125,433.30377197265625,533.100341796875,375.6444091796875,0
4100,214.29104614257812,148.84048461914062,492.94464111328125,149.7421875,434.7397766113281,322.8898620605469,408.2239685058594,364.4079895019531,442.45489501953125,367.4158020019531,427.0498962402344,352.9999084472656,424.4398498535156,371.01141357421875,439.4655456542969,402.65716552734375,478.2987060546875,428.28302001953125,523.4087524414062,441.5547790527344,531.9052734375,383.5705871582031,0
4101,214.26991271972656,148.70005798339844,493.1183776855469,149.87782287597656,441.767822265625,321.7397155761719,414.33062744140625,363.03509521484375,445.8539733886719,367.1198425292969,431.638427734375,352.6535339355469,429.83441162109375,369.4723205566406,440.2748718261719,402.5671691894531,477.86212158203125,429.0033264160156,521.0361938476562,441.08624267578125,522.0714721679688,385.1213073730469,0
4102,214.27301025390625,148.6965789794922,493.13525390625,149.82643127441406,441.7701110839844,321.7522888183594,414.3214111328125,363.0381774902344,445.8605041503906,367.1150817871094,431.6388244628906,352.6571044921875,429.8391418457031,369.468994140625,440.2772521972656,402.56732177734375,477.86138916015625,429.00299072265625,521.0315551757812,441.09130859375,522.0899047851562,385.1540222167969,0
4103,214.18043518066406,148.64295959472656,493.0206604003906,149.78981018066406,443.2307434082031,319.3576965332031,415.08575439453125,360.0489501953125,451.4427185058594,364.9441223144531,434.4294738769531,350.1719665527344,431.1408386230469,366.764404296875,440.42584228515625,400.32818603515625,476.9557189941406,429.5431213378906,519.257568359375,441.6917419433594,522.0325927734375,381.58270263671875,0
4104,214.4568328857422,148.58319091796875,493.1854248046875,149.903076171875,444.324462890625,315.66839599609375,419.04840087890625,357.3175048828125,455.3912353515625,362.1138000488281,438.4224853515625,347.3589782714844,434.6405334472656,363.41632080078125,440.868896484375,395.4951477050781,475.1245422363281,429.1218566894531,517.8199462890625,444.054443359375,535.4086303710938,387.3574523925781,0
4105,214.24366760253906,148.7178192138672,493.1643981933594,149.89175415039062,444.94512939453125,315.2271728515625,419.8910217285156,357.2088623046875,457.3555908203125,361.6776428222656,439.5283508300781,346.15301513671875,436.8190612792969,363.0000915527344,443.0589294433594,393.8030090332031,474.2164306640625,428.33856201171875,516.965576171875,444.76068115234375,535.1709594726562,385.9520263671875,0
4106,214.39950561523438,148.61033630371094,493.11993408203125,149.84344482421875,446.48834228515625,313.0625915527344,419.8333435058594,356.03173828125,457.6487121582031,361.60565185546875,440.1047058105469,345.3782958984375,436.98040771484375,362.3118896484375,442.4230041503906,392.8798828125,472.8334045410156,427.4252014160156,516.6732177734375,446.2069396972656,538.2036743164062,388.28692626953125,0
4107,214.39170837402344,148.607666015625,493.0771484375,149.88815307617188,446.4717712402344,313.060302734375,419.8404235839844,356.0332946777344,457.6378479003906,361.5925598144531,440.10321044921875,345.37139892578125,436.9868469238281,362.2983093261719,442.4265441894531,392.8523864746094,472.83453369140625,427.42645263671875,516.6758422851562,446.2057189941406,538.2029418945312,388.28485107421875,0
4108,214.3151092529297,148.54957580566406,493.1372375488281,149.8565216064453,448.9742431640625,313.9256286621094,420.4945373535156,356.03692626953125,458.2254333496094,362.3577575683594,441.3094787597656,343.8934020996094,437.5056457519531,362.3771667480469,442.56146240234375,392.6755676269531,472.556640625,425.0564270019531,517.5387573242188,444.1645812988281,540.9739990234375,389.26806640625,0
4109,214.4508514404297,148.39759826660156,493.24127197265625,149.95233154296875,453.18157958984375,316.5989685058594,423.2384338378906,356.5806579589844,460.4015197753906,362.5269470214844,444.37347412109375,345.2554931640625,439.3459777832031,362.6667785644531,442.7584228515625,392.7104797363281,471.9989013671875,424.66552734375,517.3823852539062,445.2913513183594,547.5657958984375,391.125732421875,0
4110,214.38619995117188,148.45945739746094,493.2363586425781,150.04100036621094,455.0162048339844,318.9797668457031,424.326904296875,357.5769958496094,462.494140625,365.8545227050781,446.20574951171875,347.12005615234375,440.4070129394531,364.5638122558594,443.6407165527344,393.3144226074219,472.3646545410156,424.33514404296875,517.4674072265625,445.0348205566406,549.0020751953125,392.1566162109375,0
4111,214.35440063476562,148.53549194335938,493.2207336425781,150.11280822753906,458.2977294921875,321.8215026855469,427.3430480957031,359.4278869628906,464.1539611816406,367.3377685546875,447.343505859375,351.3812255859375,443.8516845703125,366.24102783203125,446.0367736816406,394.27490234375,473.2679748535156,422.955810546875,516.5398559570312,445.9648742675781,549.9833984375,396.7654113769531,0
4112,214.4654998779297,148.7137908935547,493.22283935546875,150.0634765625,459.1011047363281,324.76611328125,429.2715148925781,363.1009521484375,465.8140869140625,371.23004150390625,448.7065734863281,354.8581237792969,445.46246337890625,371.0204162597656,446.390625,395.5729675292969,474.55279541015625,422.46014404296875,519.9864501953125,445.8585205078125,553.8402709960938,404.968505859375,0
4113,214.29986572265625,148.63893127441406,493.260498046875,150.1805877685547,451.994873046875,330.0874938964844,425.31610107421875,369.1235656738281,463.8247985839844,374.40765380859375,446.023193359375,357.7400817871094,442.93182373046875,374.35919189453125,448.9916076660156,400.8196105957031,475.81982421875,420.9247131347656,522.6715698242188,443.7244873046875,559.5736083984375,404.2422180175781,0
4114,214.12411499023438,148.63873291015625,493.2978210449219,149.9700469970703,442.8943176269531,333.5762023925781,420.285400390625,371.43463134765625,460.47186279296875,375.689208984375,440.7351379394531,360.9044189453125,438.9625244140625,376.7833557128906,448.8374938964844,402.4974060058594,476.4296569824219,419.81396484375,523.8419799804688,442.2464599609375,561.7396850585938,405.61236572265625,0
4115,214.17279052734375,148.5330047607422,493.3752136230469,149.87989807128906,424.3850402832031,336.02960205078125,411.4227600097656,379.63031005859375,448.0347900390625,375.6546325683594,427.9738464355469,364.40924072265625,430.3897705078125,379.4085693359375,448.1486511230469,405.63134765625,478.4181823730469,417.85784912109375,523.3617553710938,442.7939453125,566.0148315429688,416.14337158203125,0
4116,214.17282104492188,148.53427124023438,493.34967041015625,149.86669921875,424.3788146972656,336.0301818847656,411.4241638183594,379.6252136230469,448.044921875,375.60064697265625,427.9580078125,364.410400390625,430.40753173828125,379.4150695800781,448.1883544921875,405.6338806152344,478.4144592285156,417.8545227050781,523.3658447265625,442.7851867675781,567.0665283203125,412.9457702636719,0
4117,214.27786254882812,148.53179931640625,493.298583984375,149.84156799316406,419.31396484375,337.196533203125,407.07000732421875,382.62408447265625,442.6531982421875,377.8360900878906,422.15631103515625,367.947265625,426.2503967285156,384.2720642089844,449.33489990234375,407.5714111328125,479.7940673828125,416.7477722167969,526.2048950195312,442.12548828125,567.2340698242188,416.5965881347656,0
4118,214.3752899169922,148.55503845214844,493.3326721191406,149.89971923828125,408.5846862792969,346.7582702636719,401.2396545410156,389.9987487792969,437.1228332519531,382.68365478515625,413.5335693359375,376.1929626464844,419.49700927734375,391.47052001953125,449.095947265625,409.086181640625,480.0649719238281,416.7648010253906,527.3784790039062,444.0137939453125,574.2056274414062,425.65472412109375,0
4119,214.23294067382812,148.57566833496094,493.4101867675781,149.88162231445312,409.1302490234375,347.4388122558594,398.7157897949219,390.2266845703125,435.1312255859375,384.60198974609375,413.31500244140625,375.75665283203125,417.6429443359375,392.76776123046875,449.12548828125,411.38922119140625,480.7490234375,415.8648681640625,527.1019897460938,440.5395202636719,570.6513671875,436.5224304199219,0
4120,214.34825134277344,148.6134490966797,493.3110656738281,150.01683044433594,408.45428466796875,345.7461853027344,398.3595886230469,390.216552734375,434.28717041015625,383.42095947265625,412.5104675292969,374.8276672363281,417.1404113769531,392.1784362792969,448.6650085449219,410.9576110839844,480.8196716308594,415.6435852050781,529.4860229492188,441.690673828125,577.6318359375,443.0273742675781,0
4121,214.40501403808594,148.59959411621094,493.3064270019531,150.02279663085938,408.43853759765625,345.30841064453125,398.36151123046875,390.2158508300781,434.2652893066406,383.4500732421875,412.51165771484375,374.782958984375,417.1212158203125,392.18524169921875,448.5888366699219,411.0198059082031,480.8353271484375,415.6618347167969,529.4306640625,441.67822265625,577.5972900390625,443.0509948730469,0
4122,214.42050170898438,148.5596160888672,493.3236083984375,150.03172302246094,408.61279296875,342.8455810546875,398.4456787109375,388.604736328125,435.0703125,382.3675231933594,412.6613464355469,372.5281677246094,417.27984619140625,390.7768249511719,448.90155029296875,410.8143615722656,480.5213928222656,415.5213317871094,532.0868530273438,440.4947204589844,579.1846313476562,442.1204528808594,0
4123,214.67904663085938,148.5360107421875,493.26068115234375,150.00228881835938,408.9629821777344,345.6323547363281,400.4863586425781,389.3755798339844,436.16021728515625,383.1242370605469,412.8945617675781,375.5311279296875,418.5226135253906,391.5054626464844,449.3157043457031,410.7847595214844,480.50189208984375,415.5655517578125,533.843017578125,437.9791259765625,580.8546142578125,443.9632263183594,0
4124,214.50645446777344,148.59921264648438,493.1992492675781,149.88954162597656,408.3276672363281,346.92279052734375,401.2254333496094,389.682373046875,436.55517578125,382.8898620605469,413.6283264160156,375.9696350097656,419.0956726074219,391.6949157714844,450.1444091796875,410.1919860839844,480.8622131347656,415.62890625,535.8630981445312,437.45782470703125,582.978759765625,446.0516357421875,0
4125,214.50807189941406,148.70130920410156,493.2644958496094,149.97509765625,409.04425048828125,339.35546875,400.27587890625,385.97393798828125,436.9718017578125,378.89501953125,413.3548889160156,370.0948791503906,419.4710693359375,387.5024108886719,449.2059326171875,408.7369689941406,480.933349609375,415.674072265625,538.0492553710938,435.3298034667969,585.364990234375,446.4112548828125,0
4126,214.53916931152344,148.70851135253906,493.2559509277344,149.96389770507812,409.0529479980469,339.355224609375,400.2795104980469,385.9643859863281,436.9688720703125,378.89349365234375,413.3544921875,370.1013488769531,419.48089599609375,387.5096130371094,449.2215576171875,408.73944091796875,480.94732666015625,415.66693115234375,538.1966552734375,436.38995361328125,586.2798461914062,445.9888916015625,0
4127,214.50430297851562,148.59439086914062,493.3077392578125,149.9307098388672,408.8810729980469,338.6673278808594,400.5807189941406,385.9789733886719,437.15093994140625,378.51800537109375,413.40277099609375,369.9380187988281,419.7474060058594,387.3468017578125,449.194091796875,408.6910400390625,481.1553039550781,415.690673828125,539.46435546875,435.3804016113281,586.1425170898438,445.2106018066406,0
4128,214.6049041748047,148.72064208984375,493.2852478027344,149.9427947998047,410.4422607421875,339.0812683105469,400.9952392578125,385.5328369140625,437.3631896972656,377.9598388671875,413.68304443359375,369.66485595703125,420.2427978515625,386.8530578613281,449.3160705566406,408.2978210449219,480.76318359375,415.71624755859375,540.9750366210938,433.8938903808594,587.6187133789062,443.81158447265625,0
4129,214.5982666015625,148.80909729003906,493.2323913574219,149.9683380126953,411.05853271484375,344.1936950683594,401.6768493652344,386.5492248535156,438.28839111328125,379.185791015625,415.15240478515625,371.4932556152344,420.74005126953125,387.5852966308594,449.86822509765625,408.3428955078125,480.969970703125,415.8293151855469,539.7584228515625,432.42138671875,585.4032592773438,441.9413146972656,0
4130,214.42637634277344,148.91209411621094,493.37457275390625,149.90916442871094,410.80523681640625,342.189208984375,401.26849365234375,385.73779296875,437.9041442871094,379.0205993652344,414.6241149902344,370.68817138671875,420.39715576171875,387.15093994140625,449.3342590332031,408.30682373046875,481.41131591796875,415.86419677734375,541.4364624023438,432.88092041015625,588.4253540039062,443.1286926269531,0
4131,214.40345764160156,148.90977478027344,493.3855285644531,149.87152099609375,410.8065490722656,342.1822814941406,401.2689514160156,385.7376403808594,437.90850830078125,379.0098876953125,414.63385009765625,370.68017578125,420.4150390625,387.1448669433594,449.34991455078125,408.3155822753906,481.4084777832031,415.84051513671875,541.2302856445312,432.8340148925781,587.4860229492188,443.01715087890625,0
4132,214.31430053710938,148.7234344482422,493.4112854003906,149.91851806640625,410.5274658203125,340.9263610839844,401.2901611328125,385.2154541015625,437.8919982910156,378.45867919921875,414.2935791015625,370.298095703125,420.6171875,386.6275939941406,449.31292724609375,407.6663513183594,481.0314636230469,415.5455322265625,539.773681640625,431.0579833984375,583.6073608398438,440.9058532714844,0
4133,214.2953643798828,148.75210571289062,493.38348388671875,149.80264282226562,410.7452392578125,340.2037048339844,401.85272216796875,385.2473449707031,438.0400390625,378.01824951171875,414.6163635253906,369.8121337890625,421.19598388671875,386.52398681640625,449.29217529296875,407.906494140625,480.766845703125,415.33148193359375,537.9940185546875,430.30377197265625,583.7828369140625,440.1644287109375,0
4134,214.43043518066406,148.69949340820312,493.1768798828125,149.90480041503906,411.0157470703125,339.7159729003906,402.0443115234375,384.8316955566406,437.849853515625,377.34796142578125,414.7738952636719,369.1430969238281,421.36480712890625,385.9275817871094,448.8570556640625,407.5462646484375,480.90020751953125,415.4528503417969,538.4735717773438,430.5177917480469,584.161865234375,440.4242248535156,0
4135,214.4678192138672,148.7095489501953,493.119873046875,149.93023681640625,410.1968078613281,343.6421203613281,402.7616882324219,386.8348693847656,438.3287353515625,378.6139831542969,415.2210693359375,371.65814208984375,421.4378662109375,387.1768493652344,449.0105895996094,407.7286376953125,481.0013427734375,415.3346252441406,538.7047729492188,429.6453552246094,584.7438354492188,439.92254638671875,0
4136,214.4689178466797,148.71145629882812,493.1385192871094,149.86395263671875,410.23858642578125,343.64788818359375,402.7490539550781,386.8200988769531,438.3224792480469,378.62249755859375,415.2328186035156,371.6172790527344,421.4342041015625,387.1464538574219,448.9190979003906,407.57904052734375,480.9632873535156,415.29925537109375,538.7398071289062,429.6591796875,584.8825073242188,440.0047912597656,0
4137,214.54156494140625,148.6538543701172,493.100830078125,149.72166442871094,409.6373291015625,342.6375427246094,401.99462890625,385.9638671875,437.66375732421875,377.3854675292969,414.5185241699219,370.51617431640625,421.2708435058594,386.46929931640625,448.4712219238281,407.19415283203125,481.1788024902344,415.2105407714844,538.6993408203125,429.36663818359375,584.2244873046875,440.25592041015625,0
4138,214.6068878173828,148.71612548828125,493.1514892578125,149.832763671875,410.26171875,342.2923278808594,402.4609375,385.90838623046875,438.0655212402344,377.7267150878906,415.0069885253906,370.5649719238281,421.6577453613281,386.4801025390625,448.7500305175781,407.21160888671875,481.04461669921875,415.1595458984375,538.4035034179688,429.2759704589844,584.7881469726562,440.39178466796875,0
4139,214.43702697753906,148.79820251464844,493.0807189941406,149.86727905273438,409.84466552734375,342.24462890625,402.0952453613281,385.9004211425781,437.7679138183594,378.0049133300781,414.7044982910156,370.61053466796875,421.2137451171875,386.7286682128906,448.9975280761719,407.3351135253906,481.0176696777344,415.1634826660156,538.6979370117188,429.1882629394531,584.2868041992188,440.19989013671875,0
4140,214.42271423339844,148.73390197753906,493.1501770019531,149.95230102539062,409.2469482421875,341.031494140625,401.470458984375,385.1629943847656,437.3740539550781,377.4164733886719,413.909912109375,370.0345153808594,420.7680358886719,386.302001953125,450.1248779296875,408.97216796875,481.13519287109375,415.0303955078125,539.0052490234375,429.3053894042969,584.3428344726562,440.14666748046875,0
4141,214.3799285888672,148.774169921875,493.114501953125,149.88255310058594,409.1054992675781,340.72869873046875,401.54107666015625,385.28521728515625,437.2177429199219,377.2974548339844,413.8404846191406,369.8878173828125,420.76654052734375,386.3120422363281,449.9375915527344,408.7471008300781,481.08624267578125,414.95294189453125,538.3759765625,428.8597412109375,585.64208984375,439.9580993652344,0
4142,214.31405639648438,148.8192901611328,493.2361145019531,150.0227508544922,409.8457946777344,341.63330078125,401.85296630859375,385.4053955078125,437.5753173828125,377.7296447753906,414.47314453125,370.1483459472656,421.1034851074219,386.4056091308594,449.91888427734375,408.7709045410156,481.0901184082031,414.8755798339844,538.7311401367188,429.2080993652344,584.8649291992188,440.265380859375,0
4143,214.29864501953125,149.0040283203125,493.2731628417969,149.93185424804688,408.7483215332031,342.9515380859375,401.90283203125,385.9922180175781,437.3431091308594,377.508544921875,414.11199951171875,370.6933288574219,421.0302429199219,386.72772216796875,449.7843322753906,408.754638671875,481.2485046386719,414.96240234375,538.9927368164062,428.8424072265625,584.0109252929688,440.4050598144531,0
4144,214.29490661621094,148.9111328125,493.3595886230469,149.77438354492188,407.8361511230469,340.7572326660156,401.4412841796875,385.47161865234375,436.0729675292969,377.46527099609375,413.20928955078125,369.6833190917969,420.59869384765625,386.063232421875,450.24468994140625,408.2911376953125,481.3201904296875,415.5112609863281,538.538818359375,428.73822021484375,583.2498168945312,440.8320007324219,0
4145,214.2886505126953,148.91896057128906,493.3369445800781,149.7203826904297,407.82196044921875,340.7117614746094,401.42242431640625,385.4442138671875,435.9845886230469,377.4799499511719,413.1083068847656,369.5761413574219,420.51251220703125,386.00830078125,450.0346374511719,408.3295593261719,481.35137939453125,415.5025939941406,538.4332275390625,428.7220764160156,583.1094360351562,440.7731018066406,0
4146,214.38189697265625,148.7326202392578,493.2948303222656,149.5782928466797,407.6124572753906,340.0823669433594,401.1917724609375,385.2382507324219,435.81378173828125,377.3365173339844,414.2822265625,368.4503479003906,420.2839660644531,385.75311279296875,449.8990173339844,408.1662902832031,481.43896484375,415.50830078125,538.458251953125,428.56689453125,584.7047729492188,440.8351135253906,0
4147,214.41873168945312,148.73854064941406,493.2578125,149.550537109375,407.2193298339844,338.4477844238281,400.6255798339844,384.3960266113281,435.2856140136719,377.11663818359375,413.7474670410156,367.6910705566406,419.9909362792969,384.9390563964844,450.0068664550781,408.24658203125,481.3774719238281,415.5344543457031,538.0521850585938,428.4800720214844,586.0319213867188,440.1905517578125,0
4148,214.33778381347656,148.6844024658203,493.2490539550781,149.6231689453125,407.6964416503906,338.0999755859375,401.36883544921875,383.9646911621094,435.7958068847656,376.1950378417969,413.1844482421875,367.8594055175781,420.64404296875,384.3080749511719,449.4648742675781,407.8979797363281,481.5380859375,415.5344543457031,538.2667846679688,428.583984375,584.639404296875,439.9335021972656,0
4149,214.40447998046875,148.5995635986328,493.2690734863281,149.655029296875,407.6294250488281,342.5271911621094,402.68389892578125,386.3811340332031,436.3516845703125,376.5733337402344,413.98773193359375,370.1627197265625,421.7425537109375,385.9844055175781,450.12127685546875,407.9831848144531,481.5553283691406,415.42303466796875,538.1707153320312,428.9365539550781,584.3887939453125,440.2336120605469,0
4150,214.4259796142578,148.6068878173828,493.2447204589844,149.68661499023438,407.6302185058594,342.4915771484375,402.7259521484375,386.36962890625,436.3656921386719,376.5928039550781,414.00164794921875,370.1824035644531,421.77154541015625,385.9727478027344,450.1124267578125,408.00982666015625,481.55902099609375,415.3761901855469,538.1487426757812,428.95367431640625,584.3897094726562,440.212890625,0
4151,214.38514709472656,148.5612335205078,493.0755920410156,149.61351013183594,406.43157958984375,340.52496337890625,401.42486572265625,385.44952392578125,435.7501525878906,376.06719970703125,413.0971984863281,368.89404296875,420.8987731933594,385.1057434082031,449.5205383300781,407.8893737792969,481.53466796875,415.3351135253906,538.5156860351562,429.30584716796875,584.2364501953125,440.2263488769531,0
4152,214.352294921875,148.777099609375,493.08929443359375,149.52378845214844,406.6896057128906,336.7970886230469,401.05120849609375,383.48236083984375,435.2936706542969,375.1968078613281,413.8141174316406,367.54248046875,419.8321533203125,384.68994140625,448.9890441894531,407.3669128417969,481.47607421875,415.34381103515625,539.1375122070312,428.9786376953125,587.842529296875,438.91064453125,0
4153,214.2478485107422,148.6759490966797,493.1244201660156,149.69252014160156,405.6069030761719,337.4057312011719,401.52203369140625,383.81011962890625,434.9045715332031,374.6160888671875,413.7613220214844,367.6095275878906,420.11419677734375,384.7126770019531,449.451416015625,407.06396484375,480.8813171386719,415.05181884765625,538.5382080078125,429.13482666015625,586.7249755859375,439.15106201171875,0
4154,214.34336853027344,148.57394409179688,493.1383361816406,149.7312774658203,396.7481689453125,340.8732604980469,405.3026123046875,388.6783142089844,433.1925354003906,369.1739196777344,411.4586486816406,367.4031677246094,422.0133361816406,384.13397216796875,451.18316650390625,405.44952392578125,483.68450927734375,417.37054443359375,540.6266479492188,433.0143737792969,582.2150268554688,440.45452880859375,0
4155,214.30801391601562,148.6061248779297,493.14312744140625,149.71688842773438,396.74591064453125,340.8592224121094,405.3014831542969,388.6788635253906,433.1976318359375,369.1680908203125,411.4598693847656,367.404541015625,422.0130920410156,384.1329650878906,451.1864318847656,405.4497375488281,483.6655578613281,417.38671875,540.5676879882812,433.0390319824219,582.2186889648438,440.469482421875,0
4156,214.486572265625,148.7314453125,493.2242126464844,149.68743896484375,393.9643859863281,343.2857971191406,404.7236633300781,389.6855773925781,431.5635070800781,368.0498046875,409.0573425292969,368.3096618652344,420.9039611816406,384.5109558105469,452.29962158203125,404.6981201171875,485.22784423828125,417.6636962890625,542.3465576171875,432.28338623046875,587.4819946289062,439.4917297363281,0
4157,214.377685546875,148.6878204345703,493.2944641113281,149.61766052246094,387.5768127441406,347.70703125,404.4097595214844,393.2950439453125,427.9731750488281,369.3921203613281,406.0521240234375,371.6839294433594,419.37518310546875,384.88323974609375,453.4460144042969,404.7832946777344,488.0352783203125,419.0608215332031,550.3689575195312,431.0010986328125,601.65576171875,433.8391418457031,0
4158,214.4955291748047,148.64117431640625,493.3728332519531,149.59764099121094,388.1068420410156,352.400390625,404.8708190917969,395.61444091796875,426.516845703125,370.7138671875,405.1225891113281,374.2388916015625,418.30487060546875,386.6387634277344,453.5623474121094,405.17364501953125,489.0737609863281,420.6301574707031,551.655029296875,432.0960693359375,610.22265625,428.1756896972656,0
4159,214.48031616210938,148.65452575683594,493.3017883300781,149.78466796875,383.3373107910156,359.0931091308594,404.8099670410156,399.5075988769531,424.00494384765625,372.3912658691406,404.1515197753906,378.2486267089844,417.7690734863281,389.3288879394531,453.9725341796875,404.8099670410156,487.70086669921875,419.3498229980469,551.3497924804688,433.19464111328125,609.5181884765625,425.43115234375,0
4160,214.47813415527344,148.63296508789062,493.26397705078125,149.79476928710938,383.32318115234375,359.0636291503906,404.8255920410156,399.5029296875,424.04693603515625,372.41400146484375,404.17559814453125,378.2044982910156,417.77862548828125,389.3362731933594,454.1484069824219,404.8375244140625,487.8338928222656,419.3232727050781,551.3446044921875,433.2035827636719,609.6011352539062,425.4162902832031,0
4161,214.45193481445312,148.63504028320312,493.16583251953125,149.81588745117188,380.0125732421875,364.8844299316406,404.6474914550781,406.1017150878906,423.961669921875,378.7557067871094,403.0942687988281,383.95147705078125,418.1678466796875,395.337158203125,454.8671569824219,405.24908447265625,489.09619140625,418.7827453613281,548.4208984375,432.9488525390625,598.7989501953125,440.0634765625,0
4162,214.5976104736328,148.64199829101562,493.1965026855469,149.9344024658203,378.6360778808594,371.6054992675781,407.671875,410.2354736328125,424.5370178222656,380.3095397949219,404.4656066894531,388.4611511230469,419.76226806640625,397.52386474609375,455.8914794921875,403.6519470214844,487.2807312011719,417.10699462890625,546.694580078125,428.2931213378906,603.19677734375,435.0366516113281,0
4163,214.54161071777344,148.57838439941406,493.0533752441406,149.98028564453125,377.1129150390625,372.50323486328125,407.103515625,410.2919616699219,423.9297180175781,380.6748352050781,403.42584228515625,388.8691711425781,418.9179992675781,397.6802978515625,455.6180725097656,403.95703125,487.5787048339844,417.6402893066406,540.3929443359375,430.8245544433594,582.5037231445312,434.6136169433594,0
4164,214.56777954101562,148.75917053222656,493.11431884765625,150.03985595703125,376.07562255859375,373.9188232421875,407.3701171875,410.97698974609375,422.6893615722656,381.02532958984375,402.9818420410156,389.5231628417969,418.65447998046875,397.6714782714844,455.5207214355469,403.73736572265625,488.4287414550781,418.0390319824219,545.4889526367188,433.0123596191406,585.27587890625,439.1180419921875,0
4165,214.48074340820312,148.84271240234375,493.09521484375,149.9170379638672,373.7461853027344,377.91693115234375,408.1385803222656,411.38031005859375,419.0954284667969,380.1265869140625,401.1339111328125,390.4826965332031,417.3045654296875,396.39813232421875,455.42620849609375,402.46234130859375,487.4028625488281,417.8023986816406,544.666015625,430.88055419921875,588.6807250976562,436.02978515625,0
4166,214.44691467285156,148.85629272460938,493.1092529296875,149.90582275390625,373.7781677246094,377.8931884765625,408.1348571777344,411.384765625,419.1113586425781,380.1445007324219,401.1241760253906,390.4920349121094,417.2921447753906,396.4443359375,455.41070556640625,402.45428466796875,487.3818359375,417.8231201171875,544.7208862304688,430.88458251953125,588.72216796875,436.0801696777344,0
4167,214.4942169189453,148.70779418945312,493.2685241699219,149.9792022705078,370.7096252441406,393.0876770019531,408.98193359375,418.547607421875,416.3891906738281,385.2253723144531,400.2142028808594,397.0995788574219,414.8829650878906,401.4731140136719,454.9939880371094,402.1434020996094,486.3033447265625,419.11004638671875,545.4446411132812,431.7058410644531,597.0546875,435.3335266113281,0
4168,214.34217834472656,148.66326904296875,493.1143493652344,149.8857879638672,369.3079528808594,401.2934875488281,409.59613037109375,422.43292236328125,413.4619140625,386.3045959472656,397.463134765625,401.6255798339844,413.93902587890625,402.36871337890625,453.2728271484375,401.90814208984375,486.28118896484375,419.22894287109375,543.549072265625,432.0554504394531,587.86669921875,433.736328125,0
4169,214.38291931152344,148.60855102539062,493.05096435546875,150.05673217773438,364.6446228027344,410.24749755859375,408.5033874511719,426.4912414550781,408.76068115234375,390.93743896484375,395.3836364746094,407.5275573730469,412.0567626953125,408.05633544921875,450.1976623535156,402.7298889160156,485.62530517578125,418.199462890625,538.4302368164062,433.86029052734375,578.090576171875,430.4570007324219,0
4170,214.3824005126953,148.6091766357422,493.0793151855469,150.06533813476562,364.64630126953125,410.2498779296875,408.5099792480469,426.48565673828125,408.7552185058594,390.93487548828125,395.3834533691406,407.5254821777344,412.0642395019531,408.0623779296875,450.2145690917969,402.71026611328125,485.6478576660156,418.19305419921875,538.420166015625,433.8741760253906,578.1021728515625,430.45465087890625,0
4171,214.4962615966797,148.6857452392578,493.02886962890625,149.90403747558594,362.33001708984375,408.7353820800781,406.3667297363281,425.800048828125,406.7275085449219,390.5486145019531,392.8406066894531,406.965576171875,409.10791015625,406.69189453125,448.8818054199219,401.7030029296875,486.1973876953125,418.0838317871094,542.6409912109375,431.9613952636719,583.1546020507812,428.125244140625,0
4172,214.5422821044922,148.56788635253906,493.0569763183594,149.8343505859375,360.2196350097656,399.0760192871094,399.8915100097656,423.28338623046875,402.9044189453125,389.79827880859375,388.560302734375,403.81304931640625,403.7825012207031,404.49554443359375,447.6871337890625,402.92572021484375,488.55145263671875,418.90106201171875,542.8878784179688,433.5039978027344,582.1889038085938,429.2872314453125,0
4173,214.58963012695312,148.5788116455078,492.9999694824219,149.7969970703125,367.7738342285156,392.6050720214844,399.0084533691406,419.7006530761719,404.15045166015625,387.73004150390625,392.9166564941406,397.77978515625,405.53045654296875,401.4701843261719,447.8214416503906,402.628173828125,490.61993408203125,420.1431579589844,544.166748046875,434.6892395019531,582.1813354492188,430.91400146484375,0
4174,214.6218719482422,148.64364624023438,493.0950927734375,149.71875,375.3568115234375,382.1033935546875,397.0706481933594,413.92852783203125,406.2167053222656,383.41888427734375,395.2112121582031,393.1481628417969,407.8397521972656,399.77130126953125,448.1138000488281,401.8350830078125,492.293701171875,420.262939453125,547.3350830078125,435.0001525878906,585.46923828125,432.1597900390625,0
4175,214.62974548339844,148.64422607421875,493.0682067871094,149.75538635253906,375.345458984375,382.09197998046875,397.05401611328125,413.9358825683594,406.2960205078125,383.4389953613281,395.2405090332031,393.1366882324219,407.8674011230469,399.80615234375,448.14434814453125,401.8670349121094,492.29736328125,420.2671813964844,547.3365478515625,435.00054931640625,585.4793090820312,432.17138671875,0
4176,214.44630432128906,148.56275939941406,493.1540832519531,149.7782745361328,378.2450866699219,376.2831115722656,396.575927734375,408.76123046875,408.3345031738281,377.23089599609375,395.0629577636719,387.17047119140625,408.4686584472656,394.7366027832031,448.7303771972656,401.45086669921875,494.455322265625,422.1999816894531,552.6390991210938,434.8721008300781,590.0595703125,432.7308654785156,0
4177,214.55416870117188,148.5276336669922,493.1718444824219,149.78863525390625,394.1446533203125,367.75286865234375,398.9957275390625,400.0440673828125,412.13262939453125,372.2622985839844,400.4855041503906,381.252197265625,410.77899169921875,390.4335021972656,451.3142395019531,401.3748474121094,497.65087890625,426.2749328613281,552.2642822265625,440.99200439453125,590.6881103515625,438.81451416015625,0
4178,214.4669647216797,148.71226501464844,493.2361145019531,149.72816467285156,398.26629638671875,365.94927978515625,400.1349182128906,396.96417236328125,415.9006652832031,371.07177734375,403.01715087890625,378.2080078125,413.31494140625,388.6747131347656,452.1296691894531,402.5729675292969,496.5484924316406,422.8478088378906,550.6282348632812,438.72869873046875,589.0015869140625,436.3873291015625,0
4179,214.39730834960938,148.7154541015625,493.5428771972656,149.68145751953125,395.0326843261719,359.7091064453125,400.84197998046875,394.0701904296875,418.12640380859375,369.5182800292969,404.0304870605469,375.2079162597656,414.8846130371094,385.99517822265625,452.7655944824219,403.7695007324219,496.26788330078125,421.8874206542969,549.616455078125,439.26409912109375,593.0623168945312,438.2329406738281,0
4180,214.37570190429688,148.70420837402344,493.5579833984375,149.65591430664062,395.0465087890625,359.6288757324219,400.6781921386719,393.9552001953125,418.03076171875,369.5439453125,403.9775390625,375.1485595703125,414.7497253417969,385.9556884765625,452.64794921875,403.78900146484375,496.28240966796875,421.8641662597656,549.8785400390625,439.2261047363281,593.36962890625,438.1662292480469,0
4181,214.34446716308594,148.77142333984375,493.4804992675781,149.6189727783203,392.2509460449219,357.0250549316406,399.821044921875,393.033935546875,416.929931640625,369.40789794921875,402.5349426269531,373.9179382324219,413.7599792480469,384.8795166015625,452.40460205078125,403.63018798828125,496.2227478027344,421.8463134765625,549.2463989257812,439.2281188964844,588.2827758789062,437.1917419433594,0
4182,214.51397705078125,148.58883666992188,493.4765930175781,149.4917755126953,392.5810241699219,353.2025451660156,399.1203918457031,391.09173583984375,416.67718505859375,367.60931396484375,401.823974609375,371.0305480957031,413.0430908203125,383.1764221191406,452.1611633300781,402.8908386230469,496.8031921386719,420.72406005859375,550.9359741210938,437.9864501953125,590.3303833007812,441.0575866699219,0
4183,214.48182678222656,148.67103576660156,493.4463806152344,149.47732543945312,391.8774108886719,350.53271484375,398.9635314941406,389.43585205078125,415.96234130859375,366.3939208984375,401.67779541015625,369.24493408203125,413.2008972167969,382.076904296875,451.8209228515625,401.593505859375,496.7453308105469,421.0656433105469,549.0198364257812,438.4266052246094,588.901611328125,442.09564208984375,0
4184,214.4837188720703,148.73667907714844,493.5195617675781,149.53982543945312,392.61309814453125,344.32427978515625,397.4737548828125,386.1554260253906,416.71624755859375,364.81060791015625,401.779052734375,366.9136962890625,411.7557067871094,379.982177734375,449.9325866699219,400.7765197753906,496.5765075683594,420.2384033203125,551.7053833007812,436.5228576660156,592.4486083984375,439.6336975097656,0
4185,214.47496032714844,148.84054565429688,493.5235595703125,149.53402709960938,392.64923095703125,344.3186950683594,397.41455078125,386.1455078125,416.75531005859375,364.75262451171875,401.7734069824219,366.87030029296875,411.7418518066406,379.9165954589844,449.8412780761719,400.6900634765625,496.5757751464844,420.245849609375,551.6934204101562,436.5189208984375,592.4481201171875,439.6279602050781,0
4186,214.24655151367188,148.66197204589844,493.3714599609375,149.5789031982422,392.71478271484375,345.0758972167969,395.8329772949219,383.3330383300781,415.22772216796875,361.4989318847656,401.01708984375,364.6277770996094,409.7871398925781,377.5987243652344,448.86749267578125,399.55322265625,496.234375,418.6583557128906,552.4423217773438,433.951416015625,592.8632202148438,438.6908264160156,0
4187,214.23196411132812,148.7093963623047,493.3019714355469,149.58602905273438,400.2065124511719,341.6195983886719,395.987548828125,381.365966796875,418.8103332519531,362.84210205078125,404.1624450683594,364.04833984375,411.5921936035156,378.069091796875,448.61492919921875,400.9875183105469,495.22625732421875,418.36431884765625,551.9620361328125,433.7148742675781,592.9634399414062,439.2603759765625,0
4188,214.2098388671875,148.71633911132812,493.3369445800781,149.5768585205078,403.492919921875,339.16888427734375,398.2203063964844,379.3445129394531,421.83343505859375,361.4061584472656,407.1884460449219,361.6236877441406,414.18804931640625,376.560546875,448.30084228515625,401.256591796875,494.7431945800781,418.71734619140625,549.2197875976562,433.4506530761719,591.8573608398438,438.4122009277344,0
4189,214.3857879638672,148.70643615722656,493.3382873535156,149.64317321777344,406.19873046875,335.50860595703125,400.0155029296875,378.0978698730469,423.8332824707031,362.8706359863281,409.2104797363281,359.9737548828125,416.284423828125,376.0211181640625,448.6663818359375,402.39178466796875,494.3158874511719,420.6462707519531,553.15380859375,434.8953857421875,596.1109619140625,440.08038330078125,0
4190,214.40635681152344,148.66641235351562,493.3587951660156,149.6862335205078,406.20001220703125,335.4962158203125,400.001953125,378.0802917480469,423.8653564453125,362.91717529296875,409.2166748046875,359.9967041015625,416.291259765625,376.0501708984375,448.61932373046875,402.41156005859375,494.26220703125,420.6257629394531,553.12841796875,434.9041442871094,596.0833129882812,440.0680236816406,0
4191,214.3090362548828,148.57061767578125,493.38653564453125,149.6456756591797,408.09454345703125,333.50634765625,402.927001953125,378.06597900390625,429.8689880371094,363.5238342285156,412.83447265625,360.2678527832031,419.3283386230469,376.03692626953125,449.8276672363281,403.8927001953125,493.1130676269531,421.7748107910156,546.0030517578125,436.5744323730469,585.67919921875,440.89434814453125,0
4192,214.35809326171875,148.54234313964844,493.35260009765625,149.6699676513672,414.8396911621094,331.23760986328125,409.4241027832031,378.0692138671875,439.90106201171875,365.56280517578125,420.5190124511719,362.0159606933594,426.3193664550781,376.8669128417969,452.7733154296875,405.8804931640625,491.3409423828125,423.3663635253906,547.6279296875,441.2164611816406,591.4705810546875,450.29364013671875,0
4193,214.50534057617188,148.54849243164062,493.49713134765625,149.75836181640625,417.4350891113281,330.9643859863281,409.84478759765625,377.41119384765625,441.0643005371094,366.6418151855469,421.5382385253906,359.8320007324219,427.3632507324219,377.49755859375,452.44183349609375,405.6978759765625,490.356201171875,424.0715637207031,543.2500610351562,439.9362487792969,583.4478759765625,438.68402099609375,0
4194,214.4158935546875,148.537841796875,493.486572265625,149.82717895507812,416.93463134765625,330.0625,412.1078796386719,377.5590515136719,442.1337585449219,365.9815368652344,423.2303771972656,360.3179626464844,428.9725646972656,375.9432373046875,452.92413330078125,405.1207275390625,490.33502197265625,424.6934509277344,541.3472900390625,433.9232177734375,578.8787231445312,423.5708923339844,0
4195,214.41705322265625,148.5340576171875,493.46539306640625,149.8013153076172,416.9129638671875,330.0563659667969,412.0889892578125,377.57025146484375,442.156005859375,365.9693603515625,423.24261474609375,360.32818603515625,428.962158203125,375.99554443359375,453.01739501953125,405.1415100097656,490.3824462890625,424.7508239746094,541.3181762695312,433.9217529296875,578.8842163085938,423.60137939453125,0
4196,214.33352661132812,148.4862060546875,493.5947265625,149.6538543701172,416.6658630371094,328.9751281738281,413.3351745605469,378.5116882324219,443.3428649902344,365.92913818359375,424.26470947265625,359.575439453125,430.2447204589844,376.7933044433594,454.3262023925781,405.0741271972656,491.1946105957031,422.40509033203125,556.4331665039062,424.13275146484375,604.193115234375,400.0282897949219,0
4197,214.19471740722656,148.4390411376953,493.5411071777344,149.6734161376953,419.98602294921875,329.70654296875,414.7263488769531,379.3712463378906,448.760986328125,368.8559875488281,427.86346435546875,361.2021179199219,432.3775939941406,378.3948974609375,455.82476806640625,407.0364685058594,488.0254821777344,422.96575927734375,553.3866577148438,427.9723815917969,602.3749389648438,394.980224609375,0
4198,214.28610229492188,148.5528106689453,493.5426330566406,149.58335876464844,420.7928771972656,329.75457763671875,414.11199951171875,377.9139709472656,447.8003234863281,366.8131408691406,427.0349426269531,359.9058532714844,431.72186279296875,377.203125,454.70318603515625,406.0915832519531,488.31005859375,423.99945068359375,552.8089599609375,432.0233154296875,600.8807373046875,404.9621887207031,0
4199,214.3358154296875,148.37216186523438,493.5945739746094,149.6037139892578,417.37017822265625,331.51849365234375,414.93658447265625,379.5488586425781,447.013916015625,366.26666259765625,426.2403564453125,361.0532531738281,432.1189880371094,377.2353210449219,454.9996337890625,405.56097412109375,487.9083251953125,423.7301330566406,552.7987060546875,434.48199462890625,603.248046875,409.6520690917969,0
4200,214.37152099609375,148.3470001220703,493.592041015625,149.60183715820312,417.3625793457031,331.5163269042969,414.93927001953125,379.5594482421875,447.0444030761719,366.25616455078125,426.2523193359375,361.060791015625,432.1446838378906,377.24676513671875,454.98968505859375,405.53033447265625,487.86920166015625,423.7290344238281,552.7876586914062,434.4842529296875,603.2223510742188,409.6544494628906,0
4201,214.3848114013672,148.5857391357422,493.5198974609375,149.57823181152344,415.36163330078125,331.25732421875,415.07159423828125,380.16009521484375,446.86688232421875,366.0533752441406,425.8376770019531,361.11566162109375,432.1209411621094,377.2304992675781,455.1243896484375,405.44097900390625,487.6744384765625,423.5240478515625,552.67431640625,434.50531005859375,602.933349609375,407.2096862792969,0
4202,214.29092407226562,148.48963928222656,493.50506591796875,149.546630859375,417.3875732421875,331.6095275878906,415.6507263183594,380.5428771972656,448.3042297363281,367.25274658203125,426.9074401855469,361.94830322265625,432.5896301269531,378.0780029296875,455.280517578125,405.83514404296875,487.1528015136719,423.6737976074219,552.497802734375,434.8430480957031,601.733642578125,404.2706298828125,0
4203,214.4569854736328,148.565185546875,493.5218811035156,149.63113403320312,418.68408203125,331.55108642578125,415.9021911621094,380.1091613769531,449.3427429199219,367.1813659667969,427.5200500488281,361.240966796875,433.1169738769531,377.6338195800781,455.53411865234375,406.0021667480469,487.1158447265625,423.6974792480469,552.0960083007812,435.35247802734375,602.2272338867188,405.5389404296875,0
4204,214.4722442626953,148.55612182617188,493.5162048339844,149.6603240966797,417.9804992675781,329.7513732910156,414.81292724609375,379.0328674316406,447.98321533203125,366.0242004394531,426.5015869140625,360.1584777832031,432.27099609375,377.02593994140625,455.514892578125,405.08087158203125,487.2156982421875,422.13421630859375,552.9317626953125,436.1114807128906,602.2276000976562,407.10833740234375,0
4205,214.47715759277344,148.54843139648438,493.4837646484375,149.66673278808594,417.98553466796875,329.7613220214844,414.7964782714844,379.0465393066406,447.9311218261719,365.8568420410156,426.44598388671875,360.1031799316406,432.2850646972656,376.9512939453125,455.5516357421875,405.0301513671875,487.2523193359375,422.1065979003906,552.8491821289062,436.0882263183594,602.2590942382812,407.03668212890625,0
4206,214.53463745117188,148.45896911621094,493.46875,149.6740264892578,418.6490173339844,329.1137390136719,414.69842529296875,378.927734375,448.2723388671875,366.16680908203125,426.611083984375,359.9624938964844,432.0722351074219,376.7686462402344,455.6064758300781,405.02618408203125,487.328857421875,421.6781921386719,550.7237548828125,437.90155029296875,601.1835327148438,412.76959228515625,0
4207,214.58572387695312,148.45945739746094,493.4078369140625,149.74623107910156,418.411865234375,328.2611083984375,415.4653625488281,377.631103515625,447.1036071777344,364.4466247558594,425.2794189453125,358.36175537109375,431.453369140625,375.0385437011719,454.8572998046875,404.3457336425781,487.4545593261719,421.174072265625,551.2109375,439.8375549316406,602.9169311523438,417.07159423828125,0
4208,214.43222045898438,148.6890106201172,493.3517150878906,149.72769165039062,417.9566955566406,328.7043151855469,414.80511474609375,376.19708251953125,445.1850891113281,363.70697021484375,424.7612609863281,357.6245422363281,431.66363525390625,373.71148681640625,454.0132141113281,403.3251953125,487.4901428222656,420.6583251953125,547.498291015625,441.44317626953125,600.68115234375,421.45587158203125,0
4209,214.49139404296875,148.565185546875,493.5237731933594,149.68734741210938,416.572021484375,325.30047607421875,412.7513122558594,372.86151123046875,442.3388977050781,361.4996032714844,423.2521667480469,354.6971740722656,429.5325622558594,371.16748046875,452.61456298828125,401.8789367675781,488.18719482421875,419.34454345703125,545.536376953125,441.3984069824219,596.3842163085938,428.51947021484375,0
4210,214.50938415527344,148.55296325683594,493.53228759765625,149.6752166748047,416.5812072753906,325.29766845703125,412.7538757324219,372.86566162109375,442.3214416503906,361.507568359375,423.25274658203125,354.6929626464844,429.51959228515625,371.1699523925781,452.6893310546875,401.9710998535156,488.2346496582031,419.31549072265625,545.603759765625,441.3919677734375,596.3746337890625,428.5334777832031,0
4211,214.54348754882812,148.5904541015625,493.4682922363281,149.7315216064453,413.1802673339844,326.1295166015625,412.544189453125,374.318603515625,442.1231994628906,361.19757080078125,422.3788146972656,355.84197998046875,429.4720153808594,371.5419616699219,452.04144287109375,401.8187255859375,487.7465515136719,419.2600402832031,539.9772338867188,443.395751953125,587.4988403320312,438.5382995605469,0
4212,214.5017852783203,148.62844848632812,493.32220458984375,149.69276428222656,407.6355285644531,329.8181457519531,410.7475891113281,377.4034118652344,440.14813232421875,361.5712890625,419.50799560546875,358.26123046875,428.3766174316406,373.2812805175781,453.10040283203125,402.2974853515625,488.1663513183594,418.75201416015625,539.2156982421875,441.1025390625,580.9000244140625,449.0550842285156,0
4213,214.51939392089844,148.61666870117188,493.17071533203125,149.62657165527344,407.809814453125,328.3761291503906,410.04132080078125,377.24407958984375,439.76031494140625,362.1197204589844,418.9854736328125,358.24127197265625,427.7471923828125,373.79754638671875,452.78662109375,402.0150451660156,488.05340576171875,417.9019470214844,542.2137451171875,438.9237365722656,587.6508178710938,452.0960388183594,0
4214,214.45474243164062,148.5929718017578,493.3866271972656,149.5575714111328,407.81365966796875,327.7337646484375,409.48553466796875,377.4290466308594,439.2353515625,361.2630615234375,418.6917419433594,357.48260498046875,426.858642578125,373.29364013671875,452.3709716796875,401.4804992675781,487.6989440917969,417.3543701171875,543.222412109375,434.9573669433594,591.9337768554688,452.59661865234375,0
4215,214.36500549316406,148.7064208984375,493.3652038574219,149.64283752441406,408.72222900390625,326.93743896484375,409.6067810058594,376.9217224121094,439.2521667480469,360.62530517578125,419.1433410644531,357.163330078125,427.0358581542969,372.7044982910156,452.1961975097656,401.03167724609375,487.1504211425781,417.87005615234375,543.1723022460938,435.3223571777344,584.7666625976562,453.27667236328125,0
4216,214.37997436523438,148.8138885498047,493.33782958984375,149.65440368652344,410.63006591796875,328.0948181152344,411.5707702636719,377.5133972167969,439.93963623046875,362.41143798828125,420.3226013183594,358.2802734375,428.2711181640625,373.68829345703125,452.8701171875,401.6321716308594,487.09423828125,417.995361328125,544.2587280273438,429.89483642578125,586.5870971679688,439.3611755371094,0
4217,214.34693908691406,148.84359741210938,493.3369445800781,149.655517578125,410.6346435546875,328.0840148925781,411.53887939453125,377.46453857421875,439.93408203125,362.41510009765625,420.32843017578125,358.23712158203125,428.2270202636719,373.6709289550781,452.8597106933594,401.67999267578125,487.1344909667969,418.00897216796875,544.2998046875,429.895751953125,586.76904296875,439.2991638183594,0
4218,214.24261474609375,148.81454467773438,493.3440246582031,149.61009216308594,411.1385192871094,327.62493896484375,411.0931091308594,376.8257141113281,439.93487548828125,362.14959716796875,420.68359375,357.6844787597656,428.2424621582031,373.3675231933594,452.6601867675781,401.6717834472656,486.99346923828125,417.98333740234375,547.9235229492188,429.41900634765625,585.9269409179688,435.0794677734375,0
4219,214.374267578125,148.6590576171875,493.4388122558594,149.62615966796875,411.1477966308594,326.8415222167969,410.1875,376.0601501464844,439.6447448730469,361.61468505859375,420.3633117675781,357.003173828125,427.5954284667969,372.8936462402344,452.4638671875,401.7924499511719,486.788330078125,418.2265625,549.5403442382812,429.86895751953125,603.9490966796875,435.3858337402344,0
4220,214.33792114257812,148.6419219970703,493.35174560546875,149.70582580566406,410.61328125,326.75897216796875,409.9804382324219,375.645263671875,439.3887023925781,360.74407958984375,419.7955322265625,356.3063659667969,427.22216796875,372.22222900390625,452.22772216796875,401.4261474609375,486.5816955566406,418.4014587402344,550.2724609375,430.1386413574219,605.2692260742188,433.6964416503906,0
4221,214.37181091308594,148.63424682617188,493.33770751953125,149.68421936035156,410.58026123046875,326.7440185546875,409.95684814453125,375.672607421875,439.4591369628906,360.80450439453125,419.8045654296875,356.30389404296875,427.2352294921875,372.1941223144531,452.18804931640625,401.3837585449219,486.61297607421875,418.3716125488281,550.149658203125,430.17474365234375,605.267333984375,433.6968688964844,0
4222,214.39749145507812,148.60362243652344,493.2854919433594,149.8255615234375,410.3163757324219,326.3581237792969,410.0980224609375,375.8379211425781,439.49566650390625,360.8536376953125,419.78509521484375,356.2281188964844,427.3113098144531,372.0152893066406,452.3992919921875,401.3426208496094,486.7200012207031,418.4992980957031,550.8170776367188,430.2724609375,604.1150512695312,433.1966857910156,0
4223,214.38844299316406,148.77340698242188,493.2761535644531,149.80197143554688,412.57086181640625,324.70654296875,409.71966552734375,373.7510986328125,440.1329345703125,359.7865905761719,420.3144836425781,354.5772705078125,427.3146057128906,370.8332824707031,451.6467590332031,400.421875,486.875,418.4980163574219,550.6705322265625,429.66094970703125,604.322021484375,430.6056823730469,0
4224,214.40478515625,148.71514892578125,493.2481689453125,149.80282592773438,411.72186279296875,324.9449157714844,409.761474609375,373.76104736328125,439.56683349609375,359.5880432128906,420.1881408691406,354.7010498046875,427.18218994140625,370.8193359375,452.0107421875,400.3018493652344,486.80731201171875,418.47894287109375,551.6842041015625,428.4896545410156,610.0827026367188,425.5087585449219,0
4225,214.40457153320312,148.71572875976562,493.2825927734375,149.79208374023438,411.68377685546875,325.0605163574219,409.66693115234375,373.79779052734375,439.5653076171875,359.475830078125,419.9510803222656,354.56866455078125,427.1360778808594,370.7407531738281,452.119140625,400.151123046875,486.7880859375,418.4627380371094,551.7177124023438,428.4971008300781,610.0941772460938,425.57257080078125,0
4226,214.42910766601562,148.83718872070312,493.2150573730469,149.70274353027344,411.5279541015625,325.2052001953125,409.97491455078125,373.8363037109375,439.88665771484375,359.5469970703125,420.1773681640625,354.7157287597656,427.5369873046875,370.7970886230469,452.1267395019531,399.99676513671875,486.5469055175781,418.5140686035156,550.1631469726562,428.3284912109375,606.856689453125,426.5925598144531,0
4227,214.36302185058594,148.76397705078125,493.1885070800781,149.6805877685547,411.92236328125,325.19964599609375,410.1544494628906,373.75860595703125,439.9490051269531,359.46624755859375,420.275146484375,354.5951843261719,427.4911804199219,370.64288330078125,452.1427307128906,399.8868408203125,486.4581298828125,418.6177673339844,551.4000244140625,427.9410095214844,608.6402587890625,424.1550598144531,0
4228,214.41954040527344,148.70680236816406,493.28106689453125,149.5735626220703,411.8250427246094,325.65899658203125,410.26611328125,373.8958740234375,440.3090515136719,359.575927734375,420.36968994140625,354.8265686035156,427.537841796875,370.7496032714844,452.07281494140625,399.911376953125,486.5611877441406,418.6926574707031,551.9234008789062,427.77716064453125,611.5531616210938,425.437744140625,0
4229,214.38247680664062,148.75091552734375,493.08953857421875,149.64036560058594,412.1240234375,326.0616455078125,410.7288513183594,373.852783203125,440.42608642578125,359.66387939453125,420.7952575683594,354.90234375,427.8167724609375,370.7787170410156,452.22265625,399.87396240234375,486.6420593261719,418.7806701660156,551.3880615234375,427.7456359863281,610.912353515625,424.0105895996094,0
4230,214.38404846191406,148.7521209716797,493.093505859375,149.64291381835938,412.1270751953125,326.0556945800781,410.68585205078125,373.8682861328125,440.36962890625,359.6698303222656,420.7657470703125,354.9181823730469,427.78814697265625,370.7934265136719,452.2410888671875,399.9049987792969,486.61663818359375,418.73138427734375,551.3961181640625,427.7320861816406,610.945556640625,424.04840087890625,0
4231,214.45408630371094,148.79425048828125,493.3147277832031,149.66612243652344,411.50128173828125,325.45263671875,409.9508972167969,373.90997314453125,439.8247985839844,359.4150085449219,420.36590576171875,354.8141174316406,427.32659912109375,370.7617492675781,452.0108337402344,399.7587890625,486.54962158203125,418.63958740234375,552.3758544921875,427.7005920410156,612.8453369140625,424.931640625,0
4232,214.42176818847656,148.77902221679688,493.21710205078125,149.7489471435547,411.4786071777344,325.4560241699219,409.9794616699219,373.9032287597656,439.83148193359375,359.4617614746094,420.3568115234375,354.85382080078125,427.3193664550781,370.7916564941406,452.029541015625,399.719970703125,486.52679443359375,418.6337890625,552.4270629882812,427.7040100097656,612.868896484375,424.8992919921875,0
4233,214.3629150390625,148.6875,493.3768615722656,149.58677673339844,412.1991271972656,325.857666015625,410.3808898925781,373.76947021484375,440.47509765625,359.6435546875,420.9554748535156,354.89068603515625,427.8963928222656,370.7600402832031,452.25018310546875,399.913330078125,486.7366638183594,418.6702575683594,552.5186767578125,427.5185546875,612.2135009765625,424.5231018066406,0
4234,214.36891174316406,148.70309448242188,493.2394714355469,149.620361328125,412.3887939453125,326.1526794433594,410.2619934082031,373.94561767578125,440.3884582519531,359.85858154296875,421.0201110839844,354.9659118652344,427.8275451660156,370.9485168457031,452.298095703125,400.134521484375,486.7379150390625,418.7244873046875,552.115478515625,427.64129638671875,612.9740600585938,425.1966247558594,0
4235,214.42564392089844,148.7008819580078,493.17315673828125,149.60980224609375,411.4268493652344,325.4964294433594,409.6933898925781,373.66925048828125,439.7019348144531,359.4208679199219,420.2978515625,354.7265625,427.0273132324219,370.7837829589844,451.9347839355469,400.2064514160156,486.7367248535156,418.7530212402344,552.3712158203125,427.102294921875,612.2685546875,424.27557373046875,0
4236,214.53038024902344,148.6418914794922,493.1303405761719,149.60182189941406,411.294189453125,325.4481201171875,409.4830017089844,373.7142333984375,439.5477600097656,359.3685302734375,420.01226806640625,354.7617492675781,426.8875732421875,370.7893371582031,451.8340148925781,400.07452392578125,486.59344482421875,418.7068176269531,552.7728881835938,426.9925231933594,613.68408203125,424.0076904296875,0
4237,214.4135284423828,148.6983642578125,493.21435546875,149.56979370117188,411.5124816894531,325.9145202636719,410.00616455078125,373.86968994140625,439.734130859375,359.6880187988281,420.40325927734375,354.87823486328125,427.3175048828125,370.7640380859375,452.0104675292969,399.9351806640625,486.4682312011719,418.552734375,552.047607421875,427.2928771972656,611.2276611328125,424.7837219238281,0
4238,214.62258911132812,148.6961212158203,493.107666015625,149.86561584472656,411.7745056152344,325.86224365234375,409.8238830566406,373.96649169921875,439.6210632324219,360.09381103515625,420.4177551269531,354.997314453125,427.0704040527344,371.0411682128906,452.0287170410156,400.075439453125,486.4056701660156,418.576416015625,552.581298828125,427.37994384765625,611.9185791015625,424.53643798828125,0
4239,214.46681213378906,148.7924346923828,493.2588806152344,149.92259216308594,411.8232421875,325.4826965332031,409.915771484375,373.5610656738281,440.095458984375,359.6153564453125,420.62689208984375,354.47491455078125,427.4060363769531,370.55816650390625,452.0167236328125,399.8921813964844,486.45721435546875,418.58880615234375,552.36083984375,427.17236328125,609.8389282226562,424.4070129394531,0
4240,214.47567749023438,148.78038024902344,493.217041015625,149.92095947265625,411.8402404785156,325.4877014160156,409.9215393066406,373.4506530761719,440.1206359863281,359.5523986816406,420.6620788574219,354.3837585449219,427.4049377441406,370.46002197265625,451.8683776855469,399.91961669921875,486.48974609375,418.58837890625,552.3334350585938,427.1643371582031,609.8390502929688,424.4069519042969,0
4241,214.4710235595703,148.69552612304688,493.1437072753906,149.84304809570312,412.1617431640625,325.4067687988281,409.8997497558594,373.263671875,440.1943664550781,359.2417907714844,420.5987548828125,354.15838623046875,427.4066467285156,370.28277587890625,451.7860412597656,400.0356140136719,486.5152587890625,418.57666015625,552.6195678710938,427.1527404785156,610.8236694335938,424.78533935546875,0
4242,214.32614135742188,148.69285583496094,493.1185302734375,149.8545379638672,412.45855712890625,325.66778564453125,409.7723693847656,372.9734191894531,440.2537536621094,359.2994079589844,420.6820373535156,354.1345520019531,427.4442443847656,370.3334655761719,451.86907958984375,399.8097229003906,486.52130126953125,418.6208801269531,552.9531860351562,427.265380859375,610.3746337890625,423.5547180175781,0
4243,214.2939910888672,148.60972595214844,493.20257568359375,149.6011962890625,412.7953186035156,325.30706787109375,409.81396484375,372.87030029296875,440.1781311035156,359.0549011230469,420.4377136230469,353.93450927734375,427.2663269042969,370.1590270996094,451.7288513183594,399.6769104003906,486.4672546386719,418.6191101074219,552.56884765625,427.2816467285156,610.9518432617188,423.4356994628906,0
4244,214.15521240234375,148.38819885253906,493.2880554199219,149.67691040039062,417.3424072265625,324.21209716796875,409.0236511230469,370.8544616699219,440.4206237792969,360.98236083984375,421.83282470703125,353.6244201660156,426.6526794433594,370.4075622558594,450.990478515625,399.8489685058594,486.7840576171875,418.3111267089844,553.1469116210938,427.0872497558594,611.0894775390625,423.3662414550781,0
4245,214.14959716796875,148.39405822753906,493.2484130859375,149.67002868652344,417.3157043457031,324.2099914550781,409.0104675292969,370.8538513183594,440.41259765625,360.9725341796875,421.8140869140625,353.6127014160156,426.6470947265625,370.3903503417969,450.9767150878906,399.8043518066406,486.8573303222656,418.3561096191406,553.205810546875,427.11492919921875,611.0977172851562,423.3656311035156,0
4246,214.35768127441406,148.5111846923828,493.1880187988281,149.7413787841797,416.401123046875,323.439697265625,409.8976745605469,372.58038330078125,440.963623046875,361.60418701171875,421.7218933105469,354.0230712890625,426.8543395996094,371.0381774902344,451.3546447753906,400.4007568359375,487.1019287109375,418.29248046875,553.3582153320312,426.8367004394531,611.4039306640625,423.94586181640625,0
4247,214.30003356933594,148.47894287109375,493.1399841308594,149.54090881347656,420.33111572265625,322.1964111328125,411.1775207519531,371.8175048828125,444.0867614746094,362.5291748046875,423.9405212402344,353.7826232910156,428.5775146484375,371.34063720703125,451.4288024902344,399.7019958496094,486.8558654785156,417.2035217285156,553.9530029296875,425.1424560546875,607.73974609375,420.6259765625,0
4248,214.4022979736328,148.45310974121094,493.25738525390625,149.49212646484375,424.6126708984375,322.01068115234375,412.919921875,370.883544921875,449.26861572265625,364.09661865234375,427.095458984375,353.7061767578125,430.7091064453125,371.7367858886719,451.8221435546875,400.7040100097656,486.61236572265625,417.2164306640625,554.1617431640625,425.05731201171875,610.5802612304688,418.52203369140625,0
4249,214.47019958496094,148.6402587890625,493.0330810546875,149.4938201904297,434.919921875,323.5977478027344,416.81866455078125,369.4070129394531,455.1930236816406,367.3832092285156,433.3536682128906,356.1808776855469,434.1629943847656,372.9289245605469,452.2472839355469,401.2594299316406,485.8531188964844,416.81695556640625,550.5692749023438,428.3399658203125,604.5474243164062,423.98101806640625,0
4250,214.43466186523438,148.6459197998047,493.0334777832031,149.49375915527344,434.9210510253906,323.59466552734375,416.82684326171875,369.3999938964844,455.1567687988281,367.3791809082031,433.3454284667969,356.1626281738281,434.14434814453125,372.88568115234375,452.1661682128906,401.252197265625,485.8897399902344,416.85870361328125,550.555908203125,428.3401184082031,604.5425415039062,423.9801025390625,0
4251,214.3526611328125,148.6182098388672,492.96319580078125,149.47677612304688,440.70123291015625,322.79437255859375,418.7253112792969,367.4288635253906,456.73699951171875,369.1573486328125,436.7250671386719,356.20648193359375,435.4065856933594,372.2712707519531,452.04095458984375,402.2493591308594,485.6961669921875,417.0516662597656,549.7284545898438,429.5200500488281,610.2360229492188,424.29718017578125,0
4252,214.3576202392578,148.63604736328125,492.9332275390625,149.61827087402344,445.3172302246094,328.286376953125,422.1278076171875,371.1618957519531,460.770263671875,372.9333801269531,441.1668395996094,358.83941650390625,439.9237976074219,376.5176086425781,451.5079345703125,404.6121826171875,484.853515625,417.6126403808594,544.1856689453125,433.87945556640625,589.2188110351562,436.8958740234375,0
4253,214.5271453857422,148.7215576171875,492.87109375,149.6799774169922,446.31414794921875,330.50897216796875,422.40350341796875,372.7870788574219,460.40020751953125,377.14263916015625,442.6971435546875,361.0752258300781,439.13348388671875,378.76507568359375,450.6549072265625,406.7270202636719,484.5859680175781,417.2508239746094,543.001220703125,436.95269775390625,589.8698120117188,438.4420166015625,0
4254,214.4971160888672,148.84442138671875,492.91412353515625,149.7614288330078,448.2327575683594,331.47894287109375,422.9482727050781,373.9026184082031,460.8518371582031,379.4296875,443.3303527832031,362.09991455078125,439.41796875,380.64349365234375,450.20489501953125,406.4671630859375,484.0425720214844,417.1695556640625,539.3735961914062,436.2951354980469,582.6707763671875,439.7098388671875,0
4255,214.49465942382812,148.8629150390625,492.90570068359375,149.7803955078125,448.2416076660156,331.44781494140625,422.934814453125,373.90264892578125,460.8280944824219,379.5129699707031,443.2808837890625,362.1003723144531,439.4082336425781,380.6654968261719,450.1881408691406,406.4742431640625,484.0693054199219,417.19091796875,539.4321899414062,436.312255859375,582.654052734375,439.7076110839844,0
4256,214.51010131835938,148.63433837890625,492.9399108886719,149.72901916503906,449.1795349121094,333.9832458496094,424.5926818847656,374.3462829589844,461.67822265625,380.239501953125,444.5503845214844,362.85333251953125,440.9309387207031,381.06854248046875,450.3510437011719,406.3510437011719,483.2581481933594,417.3299255371094,537.34814453125,438.2132568359375,579.7127075195312,439.0988464355469,0
4257,214.29501342773438,148.73709106445312,493.0680847167969,149.85231018066406,454.6018371582031,337.7060852050781,429.4110412597656,378.431640625,465.2193908691406,385.1585998535156,448.34417724609375,368.1480712890625,446.2523498535156,385.0015563964844,451.7124328613281,407.0693054199219,483.03607177734375,415.8594665527344,538.8635864257812,434.25738525390625,582.5158081054688,437.1096496582031,0
4258,214.45106506347656,148.7218475341797,493.12493896484375,149.74252319335938,454.704833984375,339.0213928222656,430.3315734863281,381.1304931640625,468.0680236816406,387.3084411621094,449.1651611328125,370.5692138671875,445.6532897949219,386.8389892578125,452.9101867675781,407.2690124511719,482.4554443359375,415.0108337402344,543.1258544921875,429.636962890625,592.1378784179688,427.5428466796875,0
4259,214.42669677734375,148.6597137451172,493.0724792480469,149.7928009033203,447.9246826171875,343.830078125,428.6180419921875,385.8576354980469,467.26202392578125,388.5540771484375,446.91180419921875,372.80499267578125,445.4992980957031,389.796630859375,455.06842041015625,409.114990234375,482.58740234375,414.9751281738281,546.942626953125,429.2431945800781,607.4502563476562,422.7283935546875,0
4260,214.53550720214844,148.6867218017578,493.16375732421875,149.679931640625,439.3975830078125,346.2344665527344,424.5631408691406,390.7765808105469,462.41387939453125,388.5612487792969,441.8850402832031,375.5996398925781,444.1228942871094,392.5185852050781,456.5313415527344,412.05364990234375,482.85198974609375,415.4781494140625,547.4381713867188,429.1517028808594,607.1693115234375,422.1633605957031,0
4261,214.59732055664062,148.67027282714844,493.1900329589844,149.68020629882812,439.3442077636719,346.0725402832031,424.55841064453125,390.672607421875,462.4833984375,388.4018249511719,441.96917724609375,375.3941955566406,444.2301940917969,392.3624572753906,456.5475769042969,411.97064208984375,482.82305908203125,415.4921875,547.3739013671875,429.1132507324219,607.0736083984375,422.1490783691406,0
4262,214.3909454345703,148.6506805419922,493.2109680175781,149.65475463867188,428.5824890136719,345.1424255371094,421.2545166015625,395.4404602050781,458.2039489746094,384.036376953125,434.53863525390625,376.27374267578125,440.1178283691406,393.2552185058594,457.783447265625,412.7377014160156,482.8622131347656,417.6001281738281,546.8369750976562,429.7596435546875,606.9573364257812,420.37139892578125,0
4263,214.27413940429688,148.73536682128906,493.33050537109375,149.3897705078125,416.94854736328125,349.5999450683594,417.3663635253906,400.0460510253906,451.7431640625,385.11749267578125,428.17919921875,380.1973876953125,436.54266357421875,396.88726806640625,458.2842102050781,413.432373046875,484.8497314453125,418.4869384765625,547.03173828125,432.9956970214844,608.5786743164062,419.63214111328125,0
4264,214.51234436035156,148.61929321289062,493.2905578613281,149.40635681152344,409.0565185546875,359.7020263671875,417.925537109375,408.6360168457031,447.8231201171875,388.7788391113281,423.5417785644531,387.7366638183594,434.63983154296875,402.807861328125,461.1275634765625,414.3114929199219,488.92236328125,416.7659912109375,545.4908447265625,435.1521911621094,586.6753540039062,436.7796325683594,0
4265,214.5115509033203,148.6172637939453,493.3318176269531,149.44325256347656,409.0503234863281,359.6917724609375,417.8460388183594,408.5980224609375,447.8067626953125,388.6795349121094,423.5060119628906,387.6696472167969,434.5821838378906,402.7281494140625,461.07623291015625,414.23675537109375,488.9106750488281,416.7817077636719,545.4703369140625,435.1506042480469,586.6141357421875,436.7878112792969,0
4266,214.62767028808594,148.56675720214844,493.2200012207031,149.46360778808594,401.3188171386719,365.77679443359375,420.90533447265625,411.8760070800781,444.6214294433594,385.68328857421875,420.9808654785156,390.41693115234375,435.71466064453125,403.4916687011719,462.984375,413.01177978515625,488.8414001464844,416.7085876464844,544.9982299804688,434.83209228515625,582.5863037109375,436.7525329589844,0
4267,214.548095703125,148.64901733398438,493.2403259277344,149.3759002685547,397.7889099121094,371.96185302734375,419.9759521484375,415.890625,437.2868957519531,388.1046142578125,417.73944091796875,393.7078857421875,431.9147033691406,404.4041442871094,464.203369140625,412.16644287109375,491.62054443359375,419.88690185546875,547.157958984375,435.5583801269531,584.1890869140625,436.9010009765625,0
4268,214.6756591796875,148.59803771972656,493.22137451171875,149.438232421875,399.10418701171875,372.1013488769531,419.4527893066406,415.79425048828125,436.7458190917969,389.2037353515625,417.8462829589844,394.17205810546875,431.7269592285156,404.77764892578125,464.8636169433594,412.73663330078125,493.9421691894531,420.67132568359375,549.2207641601562,435.6416320800781,587.3360595703125,436.1538391113281,0
4269,214.45712280273438,148.54347229003906,493.2164611816406,149.44692993164062,403.198974609375,371.8681945800781,418.4621276855469,415.06353759765625,436.41851806640625,389.1546936035156,418.2579345703125,394.0909729003906,431.5650329589844,404.96661376953125,465.3125,413.4206848144531,495.106689453125,422.0205383300781,549.1765747070312,435.9455261230469,589.0506591796875,435.8348693847656,0
4270,214.4297332763672,148.50900268554688,493.2051086425781,149.3485870361328,403.2005920410156,371.8760681152344,418.4602355957031,415.06378173828125,436.417724609375,389.155029296875,418.2605895996094,394.08734130859375,431.5740661621094,404.9710388183594,465.31280517578125,413.45660400390625,495.1213684082031,422.0373229980469,549.22705078125,435.9516906738281,589.0344848632812,435.7595520019531,0
4271,214.37075805664062,148.52554321289062,493.1461181640625,149.267578125,403.97869873046875,371.0204162597656,418.0856628417969,413.8253479003906,436.1958312988281,387.5945129394531,417.1971740722656,392.6163635253906,431.2220458984375,403.8614196777344,464.8683776855469,413.1642150878906,495.2665100097656,422.8736267089844,548.36279296875,436.1202392578125,587.1416625976562,436.3038635253906,0
4272,214.3935546875,148.4703826904297,493.1365051269531,149.3048858642578,404.2939453125,366.9941101074219,415.4960021972656,409.3984680175781,434.2166442871094,383.52862548828125,417.0425109863281,387.109130859375,429.02435302734375,398.9396057128906,463.1490783691406,411.58258056640625,495.53594970703125,422.9586486816406,548.0513916015625,436.04327392578125,587.30712890625,435.88214111328125,0
4273,214.4465789794922,148.65159606933594,493.278564453125,149.22459411621094,403.47393798828125,366.4501037597656,415.16375732421875,409.5272216796875,433.78875732421875,383.5635070800781,416.7767333984375,387.0023498535156,428.77178955078125,399.0693054199219,462.92822265625,411.7973937988281,495.61572265625,423.0126037597656,547.7682495117188,435.9607849121094,588.5930786132812,435.7031555175781,0
4274,214.44288635253906,148.72459411621094,493.294189453125,149.31752014160156,400.3471984863281,365.3367614746094,415.72943115234375,409.5927429199219,434.9990539550781,383.9707336425781,416.1580810546875,386.9884948730469,429.23699951171875,399.20684814453125,463.0205383300781,412.2618408203125,495.45977783203125,423.2793884277344,548.9405517578125,435.9540100097656,589.1838989257812,435.4053039550781,0
4275,214.4205322265625,148.61569213867188,493.3312072753906,149.3260955810547,397.88873291015625,364.8454895019531,416.267333984375,409.52349853515625,435.8385925292969,383.5596923828125,415.8186340332031,386.5851135253906,429.4931945800781,399.1329040527344,463.4449157714844,412.6592102050781,495.5116882324219,423.51873779296875,549.1992797851562,435.9039306640625,589.2410888671875,435.4185791015625,0
4276,214.3050537109375,148.7482452392578,493.2718505859375,149.38278198242188,397.57080078125,364.6036071777344,416.15875244140625,407.9306945800781,435.17474365234375,381.61285400390625,415.83331298828125,385.218994140625,429.6725158691406,397.3681640625,463.2504577636719,411.25286865234375,495.4765625,423.63372802734375,549.1353149414062,435.8624572753906,589.2576904296875,435.60430908203125,0
4277,214.30873107910156,148.75062561035156,493.2892761230469,149.3895721435547,397.57196044921875,364.598388671875,416.1576843261719,407.9356994628906,435.1722106933594,381.6146545410156,415.83135986328125,385.2230224609375,429.6631164550781,397.3726501464844,463.2512512207031,411.24444580078125,495.4736633300781,423.6252136230469,549.1110229492188,435.8680114746094,589.2886962890625,435.6250305175781,0
4278,214.38748168945312,148.74757385253906,493.1760559082031,149.38143920898438,395.9479064941406,365.2574157714844,416.59405517578125,407.86309814453125,434.3333740234375,380.81451416015625,415.41473388671875,385.010986328125,429.7411804199219,396.63458251953125,463.69158935546875,409.9754333496094,495.2489318847656,423.1202697753906,549.417724609375,435.9642028808594,589.8453369140625,435.6854553222656,0
4279,214.44235229492188,148.70118713378906,493.2735595703125,149.3046875,395.7518005371094,363.8462829589844,416.2032165527344,406.6177978515625,433.8614196777344,378.99652099609375,415.130126953125,383.7719421386719,429.2806396484375,395.17608642578125,463.8472900390625,410.34466552734375,495.4801330566406,422.31158447265625,549.204833984375,435.6573486328125,588.9218139648438,435.763916015625,0
4280,214.45938110351562,148.7371368408203,493.2386779785156,149.36932373046875,396.4732666015625,362.6609802246094,415.8653259277344,405.791259765625,433.56341552734375,378.35858154296875,415.0520324707031,383.10870361328125,428.8743591308594,394.8160400390625,463.7529296875,410.0575256347656,495.2132263183594,422.218017578125,549.4583740234375,435.7067565917969,589.7858276367188,435.9077453613281,0
4281,214.4711456298828,148.76791381835938,493.2476806640625,149.53103637695312,397.8209533691406,361.91119384765625,416.2386169433594,405.6068420410156,434.5730895996094,377.9826965332031,415.8587341308594,382.9545593261719,429.7195129394531,394.83282470703125,463.7069396972656,410.090087890625,495.46771240234375,422.16668701171875,551.2952880859375,435.7746276855469,590.809326171875,435.7196044921875,0
4282,214.45362854003906,148.771240234375,493.1687316894531,149.65748596191406,397.8224182128906,361.90692138671875,416.23809814453125,405.6024169921875,434.5679626464844,377.97039794921875,415.85711669921875,382.96258544921875,429.7091979980469,394.82330322265625,463.6709899902344,410.07574462890625,495.4626770019531,422.19085693359375,551.2874755859375,435.73699951171875,590.8421630859375,435.6532287597656,0
4283,214.46963500976562,148.6889190673828,493.20220947265625,149.55091857910156,399.0268249511719,361.7177734375,416.0515441894531,404.7952575683594,434.8736877441406,377.85418701171875,416.2609558105469,382.6236572265625,429.76715087890625,394.434326171875,463.5736389160156,409.88330078125,495.3435974121094,422.2100524902344,551.1751098632812,435.7073669433594,590.4005126953125,435.5907287597656,0
4284,214.40707397460938,148.74671936035156,493.14471435546875,149.55580139160156,402.5849609375,360.2331848144531,415.4216613769531,404.0609436035156,434.9170837402344,378.1073303222656,416.4971923828125,382.0203857421875,429.175537109375,394.57525634765625,463.2458190917969,410.32025146484375,495.21282958984375,422.36279296875,550.5413208007812,435.790771484375,589.068115234375,435.7676086425781,0
4285,214.41270446777344,148.59815979003906,493.15069580078125,149.33261108398438,409.3155822753906,358.5084228515625,413.38140869140625,400.3018493652344,435.6742858886719,378.37481689453125,418.1683349609375,380.9200744628906,428.4206237792969,393.9239807128906,461.4820861816406,409.8357238769531,495.1824645996094,422.2676696777344,551.22509765625,435.77874755859375,590.2706909179688,435.41204833984375,0
4286,214.5711212158203,148.6573944091797,493.31591796875,149.40335083007812,420.71539306640625,356.61785888671875,410.47515869140625,391.7597961425781,438.6111755371094,377.60125732421875,421.9721374511719,375.83770751953125,427.52166748046875,390.6054382324219,459.70330810546875,410.9825744628906,495.09759521484375,424.2747802734375,550.3113403320312,435.54150390625,588.9089965820312,435.5212707519531,0
4287,214.56056213378906,148.60035705566406,493.2283630371094,149.40000915527344,425.1650695800781,351.6202697753906,411.28472900390625,388.2467956542969,440.58013916015625,377.3797912597656,423.91278076171875,373.32861328125,429.1361083984375,389.4142761230469,459.7052307128906,413.2917785644531,493.6131591796875,426.3045959472656,549.3566284179688,435.7510986328125,589.7517700195312,435.29498291015625,0
4288,214.55410766601562,148.67710876464844,493.24346923828125,149.3698272705078,425.17767333984375,351.6187438964844,411.27142333984375,388.2364196777344,440.58392333984375,377.3636169433594,423.91534423828125,373.3260498046875,429.1348571777344,389.4140625,459.6457214355469,413.2733154296875,493.59423828125,426.28912353515625,549.4822387695312,435.7822570800781,589.5498046875,435.40191650390625,0
4289,214.4556121826172,148.5975341796875,493.28546142578125,149.26107788085938,428.14825439453125,350.9483947753906,413.6976318359375,387.294921875,442.6836853027344,378.13836669921875,426.41943359375,373.5492248535156,431.23822021484375,389.7540283203125,459.4949035644531,414.85162353515625,493.1966857910156,428.4129333496094,548.992431640625,435.7372741699219,588.103759765625,435.58441162109375,0
4290,214.60577392578125,148.68142700195312,493.2059020996094,149.31117248535156,428.8343505859375,348.2176818847656,414.9013366699219,386.2263488769531,443.91058349609375,377.447265625,428.0301513671875,371.2928466796875,431.8741455078125,388.2231750488281,459.0848693847656,414.5675964355469,491.75982666015625,428.7502136230469,547.235107421875,435.8546447753906,587.369140625,435.9980773925781,0
4291,214.5103759765625,148.74098205566406,493.267333984375,149.39059448242188,440.2047424316406,347.0463562011719,418.7446594238281,371.63763427734375,449.7535705566406,370.1083068847656,435.1012878417969,363.8945007324219,435.322021484375,378.4111328125,456.9639587402344,410.5012512207031,489.8271179199219,430.7254638671875,544.50146484375,436.23431396484375,583.3582763671875,436.2359313964844,0
4292,214.5130615234375,148.7409210205078,493.30914306640625,149.36524963378906,440.19842529296875,347.02178955078125,418.7418518066406,371.65521240234375,449.845947265625,370.1199951171875,435.1763916015625,363.86328125,435.3729248046875,378.3651428222656,456.9981384277344,410.5617370605469,489.9565124511719,430.8057861328125,544.37841796875,436.2514953613281,583.3382568359375,436.2839660644531,0
4293,214.48284912109375,148.66790771484375,493.3240966796875,149.33966064453125,441.0939025878906,342.7995300292969,420.9580078125,369.4228210449219,452.5597839355469,368.3296203613281,437.3548889160156,361.63543701171875,437.5994567871094,377.2327575683594,455.7071838378906,409.1616516113281,488.8888244628906,431.3277587890625,546.3571166992188,435.9552001953125,585.9815063476562,436.8795166015625,0
4294,214.3883819580078,148.653564453125,493.3373718261719,149.46029663085938,440.298095703125,338.5765075683594,421.08013916015625,367.1725158691406,452.7252502441406,364.57806396484375,437.3276062011719,358.9684753417969,437.62921142578125,373.8121032714844,456.7138366699219,407.7772521972656,488.0502624511719,432.18707275390625,546.3369140625,436.1637878417969,584.3250732421875,436.9344787597656,0
4295,214.5603790283203,148.56546020507812,493.4537353515625,149.4130401611328,441.68011474609375,337.471435546875,421.2726745605469,366.3916320800781,453.4582214355469,363.2702331542969,437.91973876953125,357.8507080078125,438.1454772949219,372.44317626953125,456.4576416015625,406.5976257324219,487.501220703125,431.7518310546875,546.0062866210938,436.26947021484375,583.7083129882812,436.80413818359375,0
4296,214.42906188964844,148.56712341308594,493.5500183105469,149.54495239257812,441.88763427734375,336.5209045410156,421.5070495605469,367.02630615234375,453.7259216308594,362.67926025390625,438.29925537109375,357.23583984375,438.545654296875,372.4093933105469,456.6479187011719,406.5004577636719,488.8660583496094,431.89044189453125,544.6616821289062,436.5238342285156,582.5405883789062,435.3193664550781,0
4297,214.42535400390625,148.67483520507812,493.4483642578125,149.4060516357422,442.1336364746094,334.7520751953125,421.3605041503906,366.7826232910156,453.8538513183594,362.75030517578125,438.0840759277344,356.85247802734375,438.3161926269531,371.7386779785156,456.44073486328125,406.3990783691406,488.2712707519531,431.6347961425781,543.549072265625,436.655029296875,582.0046997070312,435.4723205566406,0
4298,214.28904724121094,148.70823669433594,493.43536376953125,149.40440368652344,442.8174133300781,341.5939025878906,421.6139831542969,362.62872314453125,454.75897216796875,365.34796142578125,438.6613464355469,358.1974182128906,437.1639709472656,371.869140625,452.6370544433594,406.8212890625,486.64837646484375,431.20355224609375,543.209228515625,436.4940490722656,581.2943115234375,435.84576416015625,0
4299,214.38169860839844,148.65940856933594,493.2991027832031,149.46607971191406,441.5408935546875,345.11773681640625,423.414794921875,361.8667907714844,455.43743896484375,365.2087097167969,438.97467041015625,360.3768005371094,437.7425231933594,372.0205078125,451.1800231933594,408.05908203125,485.72625732421875,431.4079895019531,541.6997680664062,437.037109375,580.2007446289062,436.0920104980469,0
4300,214.41741943359375,148.6783905029297,493.4748229980469,149.2963409423828,445.0174255371094,340.3494567871094,423.1638488769531,365.1408386230469,456.1486511230469,365.9420471191406,440.8108825683594,358.3897399902344,439.1875,373.20428466796875,451.7236633300781,408.8506164550781,485.24951171875,432.284912109375,540.50439453125,437.2963562011719,580.2959594726562,435.6775207519531,0
4301,214.4307403564453,148.68064880371094,493.4239807128906,149.3439483642578,445.0313720703125,340.3525390625,423.1540222167969,365.14453125,456.09075927734375,365.97314453125,440.797607421875,358.3897399902344,439.1101379394531,373.1966247558594,451.7325744628906,408.877197265625,485.2777099609375,432.2960205078125,540.564453125,437.306396484375,580.3218383789062,435.68560791015625,0
4302,214.5286407470703,148.6674041748047,493.3238525390625,149.35482788085938,444.8626708984375,337.03076171875,423.9168701171875,364.03033447265625,456.8587951660156,364.50738525390625,441.5102233886719,356.16717529296875,440.4411926269531,371.4919738769531,453.1899108886719,407.7890930175781,485.1058044433594,431.8355712890625,539.368896484375,437.7108154296875,577.634521484375,435.8179931640625,0
4303,214.53924560546875,148.6520538330078,493.2869567871094,149.49612426757812,445.2228088378906,327.3478698730469,423.8337097167969,359.1182861328125,455.7988586425781,361.1073303222656,441.5072326660156,349.4689636230469,439.51605224609375,364.867431640625,452.20953369140625,404.6124267578125,485.6558837890625,431.2046813964844,540.2186279296875,437.5179138183594,578.7301635742188,436.0141296386719,0
4304,214.5978240966797,148.64613342285156,493.39617919921875,149.40765380859375,445.303955078125,321.04541015625,424.605712890625,354.2012634277344,457.88427734375,357.1273498535156,442.4154968261719,344.56390380859375,442.2850341796875,362.4399719238281,451.3089294433594,400.78118896484375,485.40301513671875,431.11163330078125,540.3490600585938,437.22125244140625,578.7144165039062,435.8841552734375,0
4305,214.39242553710938,148.67311096191406,493.3578796386719,149.40533447265625,447.0931396484375,315.3983154296875,425.0168762207031,349.1489562988281,456.9906005859375,351.6316223144531,442.8495178222656,339.79681396484375,441.6385192871094,356.6361999511719,449.93670654296875,396.6476135253906,484.6814880371094,430.82745361328125,539.5923461914062,437.1523742675781,578.2219848632812,436.1348571777344,0
4306,214.39613342285156,148.6669158935547,493.3587951660156,149.40074157714844,447.017333984375,315.5425109863281,425.0169677734375,349.1921081542969,456.9139099121094,351.59210205078125,442.8329162597656,339.8062438964844,441.59576416015625,356.5728759765625,449.746826171875,396.2635498046875,484.5948181152344,430.742919921875,540.1126098632812,437.1450500488281,578.450927734375,436.1042785644531,0
4307,214.4500274658203,148.67861938476562,493.3817138671875,149.551025390625,446.107177734375,306.81024169921875,426.1408996582031,341.3214416503906,456.02764892578125,346.1775817871094,443.1026306152344,331.491455078125,440.71978759765625,348.82562255859375,450.192138671875,392.5037536621094,485.3231201171875,428.7655029296875,539.3739624023438,437.40411376953125,578.8783569335938,437.048828125,0
4308,214.43185424804688,148.6184844970703,493.3812255859375,149.58731079101562,446.8180847167969,285.3120422363281,428.08978271484375,319.9234619140625,460.15130615234375,321.8376159667969,445.2577819824219,309.3999938964844,444.4987487792969,326.44781494140625,449.91943359375,371.24127197265625,479.63031005859375,425.8057861328125,525.5761108398438,443.1611022949219,571.9402465820312,446.3796081542969,0
4309,214.44674682617188,148.68426513671875,493.09320068359375,149.53326416015625,447.7070617675781,279.8746337890625,429.2790832519531,314.3959045410156,459.4330749511719,317.1241149902344,445.1440124511719,304.1640319824219,444.351806640625,320.97723388671875,448.87835693359375,365.798828125,477.01812744140625,423.1856994628906,523.2511596679688,443.39019775390625,571.4540405273438,446.8637390136719,0
4310,214.3622283935547,148.70892333984375,493.182373046875,149.53482055664062,449.3315734863281,271.5249328613281,430.3387145996094,307.7025146484375,461.3670349121094,311.2497863769531,447.0452880859375,295.8707275390625,445.6009216308594,314.3861389160156,449.2818908691406,359.9345397949219,474.39886474609375,420.3335876464844,520.9932861328125,440.1069030761719,566.81787109375,438.1679382324219,0
4311,214.4719696044922,148.7344512939453,493.2198791503906,149.60934448242188,449.5509338378906,266.8434753417969,431.0416564941406,302.3008117675781,463.0284729003906,304.6024475097656,446.51141357421875,292.36956787109375,446.4173278808594,308.8198547363281,449.6400451660156,355.8924255371094,472.6556091308594,418.7754821777344,520.3003540039062,437.5174865722656,564.8787231445312,432.3539733886719,0
4312,214.43011474609375,148.67010498046875,493.2167663574219,149.64527893066406,451.3954772949219,253.533935546875,432.6562194824219,290.8808288574219,464.2823181152344,294.2564697265625,448.8498840332031,280.997802734375,446.7794189453125,297.61102294921875,451.152099609375,348.0436706542969,465.935302734375,415.0063171386719,514.8780517578125,437.5800476074219,582.5069580078125,425.6221618652344,0
4313,214.38694763183594,148.74594116210938,493.4451599121094,149.54893493652344,452.7745056152344,248.53741455078125,433.4750061035156,283.9320983886719,464.7393798828125,287.4085998535156,449.1670837402344,274.1875305175781,447.0240478515625,290.9015197753906,451.4912109375,343.9708557128906,459.725830078125,409.6905212402344,500.55029296875,442.6416320800781,546.0484619140625,436.9977722167969,0
4314,214.48965454101562,148.49832153320312,493.14471435546875,149.4926300048828,455.0661315917969,240.6910858154297,434.7609558105469,274.3582458496094,465.48651123046875,278.6930236816406,451.2148132324219,263.61529541015625,448.3746337890625,281.68408203125,449.43182373046875,334.2580261230469,455.0037536621094,402.8926086425781,486.6568298339844,437.7879638671875,527.31591796875,442.65118408203125,0
4315,214.54225158691406,148.54635620117188,493.099853515625,149.5380401611328,457.7820129394531,232.3478240966797,436.4932556152344,265.0828857421875,466.276611328125,270.84259033203125,452.5806579589844,256.7962341308594,448.5809631347656,272.5697937011719,446.950439453125,323.775390625,450.9595642089844,396.8541564941406,484.3031921386719,436.20135498046875,525.0943603515625,440.1750793457031,0
4316,214.5662384033203,148.5274658203125,493.0909423828125,149.5643310546875,457.7745056152344,232.3123321533203,436.4815673828125,265.0755310058594,466.2669982910156,270.84893798828125,452.58331298828125,256.81768798828125,448.56170654296875,272.5885009765625,446.9353942871094,323.8397216796875,450.9345703125,396.81561279296875,484.219970703125,436.189453125,525.05126953125,440.1859436035156,0
4317,214.72889709472656,148.44317626953125,493.1947326660156,149.61380004882812,461.903076171875,223.5052490234375,437.07379150390625,257.41424560546875,469.1603088378906,264.7363586425781,455.2813415527344,247.9666290283203,451.38677978515625,265.58880615234375,447.53497314453125,320.65673828125,450.94915771484375,389.9914245605469,478.5610656738281,430.7064514160156,527.8599853515625,439.1152648925781,0
4318,214.60963439941406,148.43458557128906,493.2413635253906,149.4063262939453,464.1268005371094,202.4958953857422,438.0621643066406,234.6170654296875,470.1445617675781,245.7691650390625,457.1359558105469,227.59854125976562,451.0374755859375,245.50657653808594,448.68170166015625,296.4907531738281,456.632568359375,371.3036804199219,493.9937744140625,415.7243957519531,552.535400390625,419.2536926269531,0
4319,214.5174560546875,148.6452178955078,493.5839538574219,149.1985626220703,462.75909423828125,192.17465209960938,437.5775451660156,225.04884338378906,469.0828552246094,233.8453826904297,454.94940185546875,214.4778594970703,451.4111022949219,234.33486938476562,450.8904724121094,285.2683410644531,463.9571228027344,356.1202392578125,500.0422058105469,403.302734375,564.770263671875,407.5849304199219,-1
4320,214.50006103515625,148.52955627441406,493.6869201660156,149.17086791992188,462.51416015625,188.05421447753906,436.419677734375,221.40928649902344,468.6354675292969,229.7168731689453,454.86151123046875,213.25103759765625,449.53424072265625,230.67979431152344,452.5423278808594,282.86572265625,464.805908203125,353.1578369140625,500.1853942871094,400.1795349121094,565.1431884765625,406.43841552734375,-1
4321,214.4875946044922,148.52239990234375,493.66937255859375,149.17608642578125,462.4975891113281,188.052978515625,436.4286804199219,221.41201782226562,468.64208984375,229.71868896484375,454.8666076660156,213.24778747558594,449.53851318359375,230.68507385253906,452.5621032714844,282.9742431640625,464.7742919921875,353.15850830078125,499.93328857421875,400.1056213378906,565.19970703125,406.400634765625,-1
4322,214.571044921875,148.43780517578125,493.7897033691406,149.16043090820312,458.889892578125,185.93722534179688,434.7538146972656,221.6049346923828,466.08551025390625,227.51031494140625,452.6445007324219,212.26278686523438,447.99224853515625,229.79486083984375,453.2190856933594,279.2701721191406,462.8008117675781,350.67791748046875,492.5620422363281,398.8150939941406,562.0702514648438,405.72235107421875,-1
4323,214.66505432128906,148.5181884765625,493.7950134277344,149.3336181640625,453.174072265625,183.96437072753906,429.2028503417969,218.88467407226562,460.5183410644531,225.36666870117188,446.2173767089844,210.8391876220703,444.1103210449219,227.8468017578125,444.20025634765625,276.3055725097656,448.3462219238281,344.260498046875,470.53466796875,396.841796875,532.1617431640625,414.5535888671875,-1
4324,214.67369079589844,148.57308959960938,493.47467041015625,149.73463439941406,433.1153564453125,185.85536193847656,413.7213439941406,224.7857666015625,449.3482666015625,227.02430725097656,432.525146484375,213.47598266601562,430.8672180175781,230.2806396484375,438.2139587402344,276.7047119140625,444.7575988769531,338.9917297363281,458.3772888183594,393.6490478515625,520.5711059570312,422.47607421875,0
4325,214.67544555664062,148.57281494140625,493.46337890625,149.73193359375,433.1125183105469,185.85667419433594,413.7214660644531,224.78411865234375,449.3477478027344,227.0257568359375,432.5251770019531,213.47509765625,430.86773681640625,230.28042602539062,438.2142028808594,276.7044372558594,444.7565612792969,338.9924621582031,458.3368835449219,393.5818786621094,520.7139892578125,422.42041015625,0
4326,214.6608428955078,148.5347137451172,493.38983154296875,149.5748748779297,426.3285217285156,181.77447509765625,407.91845703125,224.1654510498047,442.76068115234375,223.0134735107422,425.7958679199219,210.68838500976562,426.2461242675781,228.49594116210938,435.9411315917969,275.33477783203125,446.81951904296875,335.6654052734375,464.4395751953125,392.61810302734375,524.073974609375,418.7054443359375,0
4327,214.61146545410156,148.63284301757812,493.32958984375,149.55613708496094,419.1376037597656,173.47097778320312,401.9981994628906,217.0924835205078,436.6851501464844,216.8943634033203,418.20330810546875,202.95223999023438,418.70062255859375,221.45132446289062,433.40313720703125,268.2132873535156,450.3845520019531,327.8801574707031,471.52557373046875,381.5133056640625,533.6220703125,405.17877197265625,0
4328,214.55091857910156,148.58627319335938,493.39447021484375,149.58592224121094,420.2395324707031,168.9588623046875,400.1934509277344,212.32647705078125,436.2100524902344,213.90567016601562,417.8324279785156,198.9351348876953,417.2657470703125,218.9427032470703,432.9273986816406,264.5176086425781,451.84912109375,320.34063720703125,475.4108581542969,376.4196472167969,533.8768920898438,402.879638671875,0
4329,214.39222717285156,148.54078674316406,493.4688720703125,149.37828063964844,429.78302001953125,162.72227478027344,403.9166564941406,204.2357940673828,439.17779541015625,209.34066772460938,422.4100036621094,193.97265625,418.8744812011719,211.39913940429688,430.4444274902344,251.04901123046875,453.903076171875,303.81036376953125,480.8558044433594,357.38916015625,543.3690185546875,383.2393493652344,0
4330,214.4210205078125,148.53805541992188,493.5039978027344,149.32940673828125,429.7835693359375,162.7219696044922,403.91473388671875,204.23712158203125,439.17724609375,209.34213256835938,422.4094543457031,193.97142028808594,418.8753356933594,211.40138244628906,430.44171142578125,251.04733276367188,453.9024353027344,303.8098449707031,480.8364562988281,357.3725280761719,543.4500732421875,383.17498779296875,0
4331,214.14999389648438,148.4987030029297,493.5628967285156,149.62046813964844,432.3030090332031,157.10830688476562,405.19390869140625,198.80490112304688,440.1350402832031,203.8712615966797,423.5604553222656,187.25247192382812,421.19927978515625,206.3332061767578,432.3985900878906,244.69912719726562,453.5843505859375,296.2902526855469,482.0450744628906,347.84881591796875,544.8851928710938,376.6171569824219,0
4332,214.28431701660156,148.3851776123047,493.775634765625,149.5183868408203,434.89385986328125,156.36749267578125,411.27252197265625,196.54237365722656,445.29547119140625,202.1163330078125,429.69024658203125,185.209716796875,426.78253173828125,203.5435028076172,430.2941589355469,237.86351013183594,437.3595886230469,287.8231201171875,460.774169921875,344.7684631347656,515.5272216796875,372.70037841796875,0
4333,214.25753784179688,148.36358642578125,493.7863464355469,149.48348999023438,436.8559265136719,158.75852966308594,410.7111511230469,198.10894775390625,445.6007995605469,203.9402618408203,430.10906982421875,187.42068481445312,425.68341064453125,205.3870391845703,426.557861328125,238.47314453125,426.4814147949219,286.48663330078125,439.0251770019531,344.77093505859375,487.1576232910156,380.75018310546875,0
4334,214.31617736816406,148.2716522216797,493.6290283203125,149.5143585205078,436.3179931640625,169.05010986328125,407.6763000488281,204.95526123046875,443.6163635253906,213.232177734375,428.6162109375,196.30213928222656,423.8185729980469,211.82723999023438,420.35662841796875,241.5216827392578,411.94976806640625,283.3291015625,398.4054870605469,327.7160949707031,393.59808349609375,363.27508544921875,0
4335,214.31619262695312,148.27381896972656,493.6365966796875,149.38818359375,436.3128967285156,169.05528259277344,407.6790466308594,204.96112060546875,443.6171875,213.22283935546875,428.5990905761719,196.30426025390625,423.4375305175781,211.9885711669922,420.38525390625,241.54632568359375,411.9796447753906,283.3635559082031,398.34967041015625,327.8251037597656,393.598388671875,363.2972106933594,0
4336,214.29933166503906,148.3458709716797,493.5721740722656,149.4688262939453,435.8976135253906,172.04624938964844,406.1754150390625,208.5155792236328,442.16070556640625,216.02346801757812,428.1738586425781,199.33316040039062,422.6098327636719,215.53671264648438,418.1838073730469,243.09893798828125,411.1181640625,282.0404968261719,391.4151306152344,331.593505859375,410.96502685546875,402.5270690917969,0
4337,214.45323181152344,148.4344024658203,493.4007568359375,149.4915008544922,432.0338439941406,179.68638610839844,405.2374572753906,216.84451293945312,441.6434020996094,223.8935546875,425.2721862792969,206.7095947265625,422.1927490234375,223.2404327392578,414.9102783203125,249.4755859375,410.5129089355469,279.955322265625,393.3050842285156,319.775634765625,378.66412353515625,358.4345703125,0
4338,214.43475341796875,148.43475341796875,493.30548095703125,149.5545654296875,427.69244384765625,181.48583984375,404.3640441894531,220.88661193847656,441.45086669921875,225.2480926513672,423.51080322265625,209.81752014160156,420.6067810058594,224.96595764160156,416.2426452636719,251.49525451660156,409.7042541503906,280.2228088378906,389.7890930175781,324.6925964355469,363.0096435546875,387.49761962890625,0
4339,214.29852294921875,148.65362548828125,493.2022705078125,149.49322509765625,419.3670349121094,189.78201293945312,401.8044128417969,231.25732421875,440.9971618652344,230.8814697265625,420.12298583984375,217.1772003173828,419.81439208984375,232.26316833496094,418.7677307128906,254.78907775878906,410.852294921875,280.7618103027344,390.8232727050781,324.67010498046875,361.44036865234375,388.817138671875,0
4340,214.3137664794922,148.64352416992188,493.2131652832031,149.61453247070312,419.36602783203125,189.82086181640625,401.9085388183594,231.33119201660156,441.1662292480469,231.02696228027344,420.3052062988281,217.1908416748047,419.9933776855469,232.30189514160156,418.8619384765625,254.78305053710938,410.8562316894531,280.777099609375,390.81927490234375,324.6694030761719,361.4407958984375,388.8170166015625,0
4341,214.4148406982422,148.70269775390625,493.029296875,149.57736206054688,413.515625,189.6410675048828,399.5003662109375,233.6968231201172,438.4993591308594,231.30877685546875,415.9068298339844,217.82192993164062,416.9018859863281,233.8667449951172,418.2501525878906,255.140869140625,411.0843505859375,280.22857666015625,389.2776184082031,325.8241882324219,360.8035583496094,389.58135986328125,0
4342,214.446533203125,148.7129669189453,493.1061096191406,149.58352661132812,410.9032897949219,189.89532470703125,396.424560546875,234.4762725830078,435.21148681640625,231.6180877685547,413.92095947265625,218.3241729736328,414.01171875,232.96484375,417.9708557128906,254.00901794433594,411.34588623046875,279.53521728515625,390.4510192871094,324.3675537109375,360.3748779296875,388.08941650390625,0
4343,214.59017944335938,148.51220703125,493.0728759765625,149.69712829589844,406.76068115234375,187.95681762695312,397.3130187988281,236.21292114257812,435.7535400390625,230.71556091308594,413.0550537109375,218.2530517578125,414.4861755371094,234.2207794189453,417.5244140625,255.04933166503906,411.8478698730469,278.70672607421875,389.760009765625,325.3262634277344,360.2205505371094,389.39532470703125,0
4344,214.47158813476562,148.54869079589844,493.1553649902344,149.66226196289062,411.54217529296875,183.81776428222656,395.86163330078125,230.54940795898438,435.09539794921875,228.48765563964844,413.5614013671875,215.53379821777344,413.958251953125,231.62269592285156,417.0431823730469,253.9136962890625,412.1231994628906,278.6559143066406,389.95867919921875,324.58709716796875,360.26739501953125,388.4594421386719,0
4345,214.46791076660156,148.6070556640625,493.15777587890625,149.54736328125,413.9475402832031,182.9674530029297,395.8200378417969,228.24058532714844,435.32232666015625,227.77450561523438,414.14959716796875,213.90286254882812,414.1627502441406,230.17958068847656,416.7857971191406,253.33706665039062,412.3689880371094,278.45794677734375,390.426513671875,323.455322265625,360.0935363769531,389.4466857910156,0
4346,214.47764587402344,148.5124053955078,493.178955078125,149.6260223388672,414.3354187011719,181.35089111328125,396.1136779785156,227.639404296875,435.2243347167969,227.17250061035156,414.1081237792969,212.70846557617188,413.97125244140625,229.38636779785156,415.4896240234375,252.55300903320312,411.5454406738281,277.64166259765625,389.3590087890625,323.6084289550781,360.1417541503906,389.2628173828125,0
4347,214.45579528808594,148.56893920898438,493.0927429199219,149.6188201904297,413.98431396484375,180.10414123535156,396.5536193847656,226.94667053222656,434.96380615234375,226.40936279296875,414.0374755859375,212.02198791503906,414.209228515625,228.5654754638672,414.6999816894531,252.15689086914062,411.2964172363281,277.7551574707031,388.7658996582031,323.73712158203125,361.3498229980469,389.66253662109375,0
4348,214.47178649902344,148.61502075195312,493.11419677734375,149.62548828125,413.9721374511719,180.0542755126953,396.4572448730469,226.98500061035156,435.0657958984375,226.39138793945312,414.0486755371094,212.02774047851562,414.2237243652344,228.54818725585938,414.68792724609375,252.1681671142578,411.3104248046875,277.77557373046875,388.7300109863281,323.8951110839844,361.0925598144531,389.82513427734375,0
4349,214.45494079589844,148.58602905273438,493.1864929199219,149.62222290039062,414.2037353515625,178.02149963378906,396.0726623535156,225.22186279296875,434.11151123046875,224.83438110351562,413.6608581542969,210.6016387939453,413.9518737792969,227.5831298828125,415.2654113769531,251.86334228515625,411.0625915527344,278.54315185546875,388.57891845703125,324.73919677734375,361.1314392089844,389.9908752441406,0
4350,214.48876953125,148.78338623046875,493.1637268066406,149.57846069335938,415.413330078125,178.1438446044922,396.2904968261719,223.944580078125,434.8221740722656,224.72857666015625,414.26171875,210.14810180664062,414.185546875,226.90338134765625,415.412353515625,251.52662658691406,411.4030456542969,278.986572265625,388.8895568847656,324.9118347167969,359.6797790527344,392.38311767578125,0
4351,214.45297241210938,148.77166748046875,493.37408447265625,149.6758575439453,417.126220703125,180.58946228027344,397.0289611816406,224.53924560546875,436.1986083984375,226.41197204589844,414.4685974121094,212.1600799560547,415.033935546875,227.6767120361328,415.43756103515625,251.927490234375,411.4300842285156,278.2177734375,387.81884765625,326.02850341796875,359.6564636230469,392.6690673828125,0
4352,214.45889282226562,148.77197265625,493.39178466796875,149.6660919189453,417.13018798828125,180.59852600097656,397.0526123046875,224.5374755859375,436.22027587890625,226.4501190185547,414.4858703613281,212.15830993652344,415.0304260253906,227.64825439453125,415.4495849609375,251.91677856445312,411.46502685546875,278.21014404296875,387.82501220703125,326.0068054199219,359.6748352050781,392.6526184082031,0
4353,214.52235412597656,148.7649688720703,493.4216613769531,149.74314880371094,418.5589904785156,181.7885284423828,397.7557067871094,225.4083709716797,437.1272888183594,227.52928161621094,415.4556884765625,212.88839721679688,414.71099853515625,228.54119873046875,414.8207092285156,252.44503784179688,410.6474914550781,278.5376892089844,387.2668762207031,326.3342590332031,361.2755432128906,390.1134033203125,0
4354,214.5369110107422,148.6152801513672,493.3743591308594,149.9498748779297,419.0003967285156,185.34654235839844,398.1887512207031,227.0830078125,437.7652282714844,228.3006591796875,416.01971435546875,214.3057861328125,415.6361389160156,229.50372314453125,415.3306579589844,252.8194580078125,410.86376953125,277.9707946777344,387.32806396484375,326.0551452636719,359.81427001953125,392.77215576171875,0
4355,214.49290466308594,148.50851440429688,493.35430908203125,149.9184112548828,419.3136291503906,185.323974609375,398.78466796875,226.40061950683594,438.2250061035156,228.2019500732422,416.6778564453125,214.00367736816406,416.02947998046875,229.19815063476562,415.62152099609375,252.90829467773438,410.90631103515625,277.8778076171875,387.37799072265625,326.089111328125,359.9070739746094,389.8297424316406,0
4356,214.47283935546875,148.55767822265625,493.2353820800781,149.92710876464844,420.6221923828125,182.84158325195312,399.4850769042969,225.6322479248047,438.67333984375,227.15576171875,417.0966796875,213.09169006347656,416.1792907714844,228.5081329345703,416.31646728515625,252.35401916503906,411.04010009765625,277.61737060546875,387.4951477050781,325.40533447265625,360.2211608886719,389.4751281738281,0
4357,214.48045349121094,148.55393981933594,493.2446594238281,149.9586181640625,420.64990234375,182.8361358642578,399.5606994628906,225.58924865722656,438.90484619140625,226.9084014892578,417.16473388671875,213.0325927734375,416.3039245605469,228.4099578857422,416.3955383300781,252.2898406982422,411.0245361328125,277.6553039550781,387.4852294921875,325.4092102050781,360.2127990722656,389.49957275390625,0
4358,214.5090789794922,148.65443420410156,493.29547119140625,149.92674255371094,420.6617736816406,182.42396545410156,399.3346252441406,225.6829071044922,439.4822082519531,226.66395568847656,417.6399841308594,212.91282653808594,416.87286376953125,228.53317260742188,416.6816711425781,252.31735229492188,410.98077392578125,277.584716796875,387.5856628417969,324.9621887207031,360.0484619140625,390.4866027832031,0
4359,214.45782470703125,148.69967651367188,493.5276794433594,149.86184692382812,421.0684509277344,182.2509002685547,399.748046875,226.24525451660156,439.8109436035156,226.7183837890625,417.9033203125,213.10011291503906,417.3143310546875,228.69223022460938,417.45599365234375,252.42666625976562,411.465576171875,277.3404235839844,387.7196960449219,324.49798583984375,360.0030212402344,390.6947326660156,0
4360,214.69639587402344,148.7017364501953,493.4267883300781,149.85581970214844,421.11688232421875,182.50709533691406,399.77099609375,226.3603973388672,440.5352783203125,227.2115478515625,418.3581848144531,213.3214569091797,417.8004455566406,228.81614685058594,417.5561218261719,252.56884765625,411.6632080078125,277.2957763671875,387.94061279296875,323.9802551269531,359.9267883300781,392.5435485839844,0
4361,214.5261688232422,148.88417053222656,493.6191101074219,149.77627563476562,420.9410705566406,182.60243225097656,399.7348937988281,226.8407745361328,440.53472900390625,227.64385986328125,418.3976135253906,213.73455810546875,418.0766906738281,229.18421936035156,417.37481689453125,252.5762939453125,411.6501159667969,277.1441650390625,387.6858825683594,324.7165222167969,359.7086181640625,392.8984375,0
4362,214.54307556152344,148.8780975341797,493.6214599609375,149.7801513671875,420.94110107421875,182.62623596191406,399.7391357421875,226.76808166503906,440.3785400390625,227.64791870117188,418.3425598144531,213.7130584716797,417.95880126953125,229.14956665039062,417.3540344238281,252.6366424560547,411.6291809082031,277.15576171875,387.66876220703125,324.69610595703125,359.7045593261719,392.8941345214844,0
4363,214.36146545410156,148.86105346679688,493.35321044921875,149.62242126464844,420.87109375,182.7203826904297,399.5845947265625,226.79644775390625,439.8400573730469,227.60888671875,418.1543884277344,213.64825439453125,417.6134338378906,229.22120666503906,417.3392639160156,252.57969665527344,411.5779113769531,277.1830139160156,387.2425537109375,325.5912780761719,359.3658142089844,393.82342529296875,0
4364,214.3278045654297,148.66934204101562,493.33087158203125,149.69613647460938,420.7718811035156,182.72828674316406,399.80426025390625,226.69691467285156,440.23468017578125,227.3840789794922,418.3056945800781,213.5270538330078,418.017578125,228.973388671875,417.84033203125,252.26930236816406,411.3822326660156,277.2232360839844,387.1915588378906,325.8271789550781,359.5840148925781,393.2478942871094,0
4365,214.2882843017578,148.68905639648438,493.57684326171875,149.6103057861328,420.78631591796875,182.6322479248047,399.7007751464844,226.6889190673828,440.120361328125,227.4356689453125,418.20947265625,213.57545471191406,417.7271728515625,229.0853271484375,417.60302734375,252.49298095703125,411.49810791015625,277.0119934082031,387.7167663574219,324.6667785644531,359.71539306640625,392.77490234375,0
4366,214.22650146484375,148.86312866210938,493.60394287109375,149.6218719482422,420.3494873046875,182.62820434570312,399.52838134765625,226.50912475585938,439.56353759765625,227.37771606445312,417.8279724121094,213.549560546875,417.2966613769531,229.035888671875,417.59429931640625,252.34024047851562,411.4301452636719,276.9800109863281,387.537353515625,325.2527160644531,359.5,392.5354309082031,0
4367,214.22994995117188,148.8615264892578,493.5967712402344,149.60513305664062,420.3494873046875,182.6276397705078,399.531982421875,226.51296997070312,439.56500244140625,227.37692260742188,417.8299865722656,213.54530334472656,417.3009338378906,229.0318603515625,417.6068115234375,252.3365936279297,411.4320068359375,276.97015380859375,387.54400634765625,325.2524719238281,359.50115966796875,392.53704833984375,0
4368,214.51173400878906,148.83184814453125,493.5169982910156,149.5669403076172,420.32928466796875,182.90196228027344,399.4062194824219,226.64564514160156,439.8462829589844,227.6397705078125,417.91156005859375,213.64907836914062,417.3836669921875,229.1421356201172,417.2798156738281,252.37567138671875,411.3200988769531,277.1248474121094,387.5744934082031,325.18670654296875,359.75634765625,390.1162109375,0
4369,214.2890167236328,148.66770935058594,493.39556884765625,149.58181762695312,420.75775146484375,183.00486755371094,399.5897521972656,226.59725952148438,440.0439453125,227.40020751953125,418.0169677734375,213.52749633789062,417.516845703125,229.0000457763672,417.445556640625,252.41200256347656,411.392333984375,277.0842590332031,387.70867919921875,324.9039611816406,359.9579162597656,389.646240234375,0
4370,214.4488067626953,148.6134490966797,493.3847961425781,149.53988647460938,420.9053649902344,182.67929077148438,399.53887939453125,226.5857696533203,440.2406005859375,227.2472686767578,418.0517883300781,213.26776123046875,417.60040283203125,228.90333557128906,417.5859375,252.1287841796875,411.2750244140625,277.1940002441406,387.7494812011719,324.73956298828125,359.87066650390625,389.9388122558594,0
4371,214.50230407714844,148.81053161621094,493.35174560546875,149.71812438964844,420.8233337402344,182.67276000976562,399.8576354980469,226.53245544433594,440.3406066894531,227.03402709960938,418.2269287109375,213.26510620117188,417.7724914550781,228.90982055664062,417.74945068359375,252.04510498046875,411.1806335449219,277.0555419921875,387.8574523925781,324.7279052734375,359.9765930175781,389.33953857421875,0
4372,214.48045349121094,148.81320190429688,493.3538513183594,149.71380615234375,420.8213806152344,182.67689514160156,399.8616027832031,226.52818298339844,440.3299560546875,227.03428649902344,418.22723388671875,213.2732391357422,417.7728576660156,228.90476989746094,417.7201232910156,252.03057861328125,411.1917419433594,277.0547790527344,388.036865234375,324.23419189453125,359.92974853515625,389.6421813964844,0
4373,214.34732055664062,148.8651123046875,493.5570068359375,149.58949279785156,421.1215515136719,182.5590362548828,399.8797912597656,226.658447265625,440.1488037109375,227.1240997314453,418.385009765625,213.428955078125,417.716552734375,228.8648681640625,417.4533996582031,251.9114532470703,411.0941467285156,277.0259704589844,388.0184020996094,323.8476257324219,361.4134521484375,389.8777770996094,0
4374,214.34437561035156,148.76136779785156,493.6709289550781,149.53720092773438,421.4770812988281,182.33465576171875,399.90533447265625,226.23736572265625,440.1898498535156,226.8164520263672,418.7933654785156,213.05288696289062,417.8115539550781,228.62913513183594,417.73492431640625,251.8379364013672,411.1502685546875,276.944580078125,387.9431457519531,324.3299255371094,359.621337890625,392.2197265625,0
4375,214.3627166748047,148.70591735839844,493.6279296875,149.67904663085938,421.360107421875,182.8596954345703,399.9102783203125,226.2680206298828,440.3922119140625,227.1076202392578,418.6844177246094,213.31394958496094,417.8717041015625,228.71047973632812,417.66021728515625,251.747802734375,411.4377136230469,276.6221923828125,387.8036804199219,324.7561340332031,360.9930114746094,390.5760498046875,0
4376,214.38882446289062,148.8395538330078,493.47607421875,149.69171142578125,424.6734619140625,184.56277465820312,399.9307861328125,225.4715576171875,440.5984802246094,227.41116333007812,419.236572265625,213.4931640625,417.81329345703125,228.72869873046875,417.4804992675781,252.28402709960938,411.5416564941406,277.7275085449219,387.8367919921875,325.7744140625,359.73089599609375,392.32550048828125,0
4377,214.38926696777344,148.84310913085938,493.48492431640625,149.70547485351562,424.07916259765625,184.030517578125,399.9365234375,225.47442626953125,440.5932312011719,227.44296264648438,419.2850341796875,213.50155639648438,417.822021484375,228.72750854492188,417.4781188964844,252.2907257080078,411.54083251953125,277.7278137207031,387.8378601074219,325.7702941894531,359.7319641113281,392.326171875,0
4378,214.4442596435547,148.7296142578125,493.4502868652344,149.91281127929688,430.45330810546875,186.25619506835938,402.0914001464844,224.57894897460938,441.0071716308594,228.3166046142578,421.6367492675781,213.58468627929688,418.2755432128906,228.39959716796875,416.7165222167969,252.36318969726562,411.7091064453125,278.1898193359375,388.5462341308594,325.2340087890625,359.9992980957031,390.3809509277344,0
4379,214.46127319335938,148.75100708007812,493.4205627441406,149.87417602539062,437.4722595214844,191.0937957763672,403.7720031738281,225.5333251953125,443.9471740722656,234.0301055908203,426.3491516113281,215.93896484375,420.4084167480469,230.96481323242188,414.05389404296875,252.85252380371094,411.0467224121094,277.8714294433594,387.9320983886719,324.56109619140625,360.10321044921875,389.6019287109375,0
4380,214.38125610351562,148.73155212402344,493.48284912109375,149.8828582763672,445.8819274902344,191.3004150390625,406.978759765625,224.69622802734375,444.3678283691406,236.5772247314453,428.831787109375,217.81155395507812,421.24835205078125,232.6792755126953,414.0996398925781,254.42437744140625,410.23468017578125,279.5785827636719,387.305908203125,325.6618957519531,359.8091125488281,389.55950927734375,0
4381,214.47523498535156,148.7649383544922,493.2125549316406,149.8883819580078,440.74993896484375,197.6254425048828,406.5429992675781,230.87625122070312,445.3164367675781,241.60069274902344,428.7507629394531,222.8861541748047,422.8886413574219,237.02601623535156,416.0134582519531,254.39524841308594,410.4377746582031,279.6949157714844,387.59637451171875,324.7744445800781,359.9921875,389.4712219238281,0
4382,214.475830078125,148.7650909423828,493.2597961425781,149.86793518066406,440.77215576171875,197.5928192138672,406.5257263183594,230.88490295410156,445.2929382324219,241.60411071777344,428.71966552734375,222.90579223632812,422.84716796875,237.0659637451172,415.9500427246094,254.42579650878906,410.4257507324219,279.6775817871094,387.6192932128906,324.71429443359375,359.9980773925781,389.4585876464844,0
4383,214.30213928222656,148.7799530029297,493.3318786621094,149.81915283203125,440.8575439453125,199.0361785888672,406.6685485839844,232.42503356933594,445.4621276855469,243.39532470703125,427.63970947265625,224.12806701660156,422.9879150390625,238.47935485839844,415.8124084472656,255.8736114501953,409.9713134765625,279.9374084472656,387.675048828125,324.7551574707031,359.8215026855469,389.4902038574219,0
4384,214.2858123779297,148.8693389892578,493.3248596191406,149.9869842529297,438.538818359375,198.02110290527344,406.1007080078125,233.10850524902344,445.82781982421875,243.4342803955078,427.1990661621094,223.8998260498047,423.0210876464844,238.45651245117188,416.07159423828125,255.1421661376953,410.36492919921875,279.649658203125,387.4939880371094,325.2990417480469,361.26251220703125,389.9402770996094,0
4385,214.2880096435547,148.86715698242188,493.3322448730469,150.01858520507812,438.5306091308594,198.0272674560547,406.1016540527344,233.10723876953125,445.828857421875,243.4349822998047,427.19549560546875,223.89984130859375,423.0212097167969,238.45933532714844,416.06817626953125,255.14437866210938,410.3644104003906,279.651611328125,387.4956970214844,325.2606506347656,359.78515625,389.88787841796875,0
4386,214.24847412109375,148.8793487548828,493.5633544921875,150.05140686035156,435.7467956542969,192.8335723876953,404.3895568847656,230.6878662109375,444.53961181640625,240.28382873535156,426.9117126464844,220.8211669921875,422.0301208496094,236.20603942871094,416.3287353515625,254.46368408203125,410.3146057128906,279.5242614746094,387.86834716796875,324.3294372558594,361.2024230957031,389.9710998535156,0
4387,214.3785858154297,148.87744140625,493.5677490234375,149.9809112548828,441.55999755859375,190.60377502441406,406.7297668457031,226.99559020996094,444.85626220703125,236.9280242919922,428.2459716796875,218.0084991455078,422.3687438964844,233.5267333984375,416.8351745605469,253.59323120117188,410.0257568359375,280.5439147949219,387.1602478027344,325.59130859375,361.238525390625,390.0745849609375,0
4388,214.5149383544922,148.7283935546875,493.5602111816406,149.77529907226562,446.5095520019531,190.82635498046875,407.7209777832031,225.8459014892578,445.5756530761719,237.28753662109375,429.9542541503906,218.32814025878906,423.1292419433594,232.75306701660156,416.8013916015625,253.48023986816406,409.9317626953125,280.88177490234375,386.6512756347656,326.0442810058594,360.89813232421875,390.20458984375,0
4389,214.51992797851562,148.8421173095703,493.5438537597656,149.6826171875,452.22882080078125,192.58285522460938,413.4075622558594,223.64064025878906,445.6416015625,238.79676818847656,434.2879638671875,220.20411682128906,425.08734130859375,232.5819549560547,416.2476501464844,253.39437866210938,409.3680114746094,280.8589782714844,386.0683288574219,326.3271179199219,360.6618347167969,389.968505859375,0
4390,214.46917724609375,148.81532287597656,493.53082275390625,149.66305541992188,452.21868896484375,192.55113220214844,413.41009521484375,223.63360595703125,445.6460266113281,238.79513549804688,434.29034423828125,220.2142333984375,425.09735107421875,232.57713317871094,416.24505615234375,253.3897705078125,409.3563537597656,280.87042236328125,386.0190124511719,326.32989501953125,360.5853576660156,390.0262756347656,0
4391,214.55490112304688,148.82241821289062,493.5880432128906,149.55929565429688,456.797119140625,191.63003540039062,415.1054382324219,220.7900848388672,446.9090881347656,238.16189575195312,436.986083984375,218.79051208496094,427.75018310546875,232.1856689453125,417.3551025390625,254.3062744140625,409.04229736328125,282.0368957519531,385.1641540527344,326.8621520996094,358.52117919921875,394.113037109375,0
4392,214.52337646484375,148.57225036621094,493.3006896972656,149.53607177734375,458.2731018066406,196.6698760986328,415.5674743652344,223.87432861328125,447.337890625,243.70169067382812,437.85479736328125,223.89044189453125,427.3101501464844,234.7454071044922,416.0885314941406,254.52198791503906,409.42340087890625,281.4649658203125,384.6360168457031,327.6636962890625,360.73297119140625,389.1622314453125,0
4393,214.61404418945312,148.535400390625,493.06060791015625,149.46585083007812,460.4726867675781,199.2005615234375,416.6324462890625,224.6437225341797,447.8035888671875,246.7413787841797,438.14898681640625,225.3645782470703,427.73638916015625,236.80038452148438,415.8868103027344,255.2852020263672,409.20513916015625,281.4085693359375,384.34716796875,327.25872802734375,360.35797119140625,389.5155944824219,0
4394,214.6871337890625,148.47486877441406,493.065673828125,149.68751525878906,456.8633117675781,199.66796875,416.09478759765625,227.35047912597656,450.21685791015625,248.28689575195312,438.4021911621094,226.85279846191406,429.8699035644531,239.26565551757812,416.8929138183594,255.77813720703125,409.2856750488281,281.10595703125,383.7494812011719,327.6891784667969,358.6783447265625,392.2477111816406,0
4395,214.7086639404297,148.4178009033203,493.0648498535156,149.68902587890625,456.8416442871094,199.68783569335938,416.11309814453125,227.36141967773438,450.21429443359375,248.2850799560547,438.40887451171875,226.864501953125,429.8741455078125,239.27651977539062,416.8789978027344,255.74307250976562,409.2616271972656,281.1119384765625,383.96002197265625,327.3085632324219,360.4732360839844,389.3946533203125,0
4396,214.7739715576172,148.57923889160156,493.1109313964844,149.66156005859375,454.5196838378906,199.68836975097656,415.62322998046875,228.2589874267578,450.49859619140625,247.93836975097656,437.6017761230469,226.34585571289062,430.07196044921875,239.53765869140625,417.0492248535156,256.11639404296875,408.8577575683594,280.8741149902344,383.8736572265625,327.11614990234375,360.210693359375,389.93359375,0
4397,214.73789978027344,148.66098022460938,492.9971923828125,149.6190185546875,459.3213195800781,205.55084228515625,416.4432067871094,227.4803009033203,447.2765808105469,249.23362731933594,438.1894226074219,229.58413696289062,428.0169982910156,240.49363708496094,415.9335021972656,257.17291259765625,409.34173583984375,281.0247497558594,383.9091491699219,326.3912048339844,360.5892639160156,389.005615234375,0
4398,214.51251220703125,148.6011199951172,492.9937438964844,149.6836700439453,464.3699951171875,209.42196655273438,419.13690185546875,225.68775939941406,446.2203063964844,250.88949584960938,439.3190002441406,229.8772735595703,427.6272277832031,240.14515686035156,415.2259216308594,256.702392578125,409.2386169433594,281.07672119140625,383.5954895019531,325.83770751953125,358.2952575683594,392.093017578125,0
4399,214.62002563476562,148.69027709960938,492.9543151855469,149.7533721923828,470.2419128417969,208.80303955078125,424.0892028808594,224.2371826171875,449.8977966308594,251.70021057128906,443.995361328125,229.3468475341797,431.85858154296875,239.99658203125,415.9644470214844,254.52024841308594,408.4000549316406,280.7588195800781,382.1164245605469,325.67694091796875,356.99847412109375,393.36932373046875,0
4400,214.6253662109375,148.70033264160156,492.92230224609375,149.7398223876953,470.286865234375,208.7889862060547,424.075439453125,224.23992919921875,449.9490661621094,251.62240600585938,444.0381164550781,229.27354431152344,431.9161376953125,239.95350646972656,415.8946838378906,254.5166473388672,408.3504638671875,280.771240234375,382.1041259765625,325.7035827636719,356.9967346191406,393.3736572265625,0
4401,214.58802795410156,148.6735076904297,493.02093505859375,149.6387481689453,473.0322570800781,207.88922119140625,426.1742858886719,223.91058349609375,451.4111022949219,252.01194763183594,445.44268798828125,229.72377014160156,433.6368713378906,239.78271484375,416.6692810058594,254.60035705566406,408.4712219238281,281.2027893066406,381.59808349609375,325.7738952636719,355.8755798339844,395.3284606933594,0
4402,214.6103973388672,148.6038818359375,493.1996154785156,149.7816162109375,481.51409912109375,205.9212188720703,434.78985595703125,221.9651336669922,456.71331787109375,249.33792114257812,453.3289489746094,227.10023498535156,439.7091979980469,237.66673278808594,419.3090515136719,255.75523376464844,406.9720153808594,281.6338806152344,379.1246337890625,325.05718994140625,354.86932373046875,396.435546875,0
4403,214.5550079345703,148.5798797607422,493.0594177246094,149.7813720703125,481.86248779296875,204.4820098876953,436.5613098144531,222.57176208496094,459.4949951171875,249.79205322265625,455.7026672363281,225.45095825195312,442.6285705566406,236.98069763183594,420.1585998535156,255.64688110351562,406.7527770996094,281.6810302734375,378.04248046875,326.26861572265625,354.89886474609375,395.3948669433594,0
4404,214.6492156982422,148.55430603027344,493.23455810546875,149.59532165527344,482.7657470703125,207.82078552246094,437.0593566894531,223.51365661621094,459.6147766113281,251.62496948242188,456.81201171875,227.1836395263672,443.1175231933594,238.64601135253906,420.5991516113281,255.880126953125,406.4327392578125,280.5838623046875,376.8238220214844,325.7183837890625,354.44464111328125,395.2659912109375,0
4405,214.6542510986328,148.5453338623047,493.1842041015625,149.53941345214844,482.7766418457031,207.87289428710938,437.0640563964844,223.46437072753906,459.5180969238281,251.67933654785156,456.7408447265625,227.21414184570312,443.048095703125,238.6873779296875,420.4880676269531,255.8861846923828,406.4331970214844,280.5720520019531,376.82958984375,325.7145690917969,354.4440002441406,395.2648010253906,0
4406,214.8141326904297,148.6932373046875,493.29736328125,149.46957397460938,481.8415222167969,209.57333374023438,436.55999755859375,224.14044189453125,459.35662841796875,252.00628662109375,456.3246765136719,228.02781677246094,442.70849609375,239.3289031982422,420.3953552246094,255.67677307128906,406.6622009277344,280.032958984375,378.11041259765625,322.7354736328125,354.6070861816406,395.328857421875,0
4407,214.71421813964844,148.4901123046875,493.14068603515625,149.56675720214844,482.5541687011719,213.92465209960938,436.44561767578125,225.77090454101562,459.34368896484375,256.5146789550781,456.33331298828125,231.0109405517578,442.850341796875,242.81800842285156,419.683349609375,255.3666534423828,406.53289794921875,278.69940185546875,376.9844970703125,321.1150817871094,353.4641418457031,394.329345703125,0
4408,214.58978271484375,148.625244140625,493.2938232421875,149.58206176757812,480.1946716308594,214.6769256591797,434.18157958984375,227.51123046875,457.452880859375,257.77947998046875,454.0675048828125,232.78378295898438,440.8150939941406,243.75796508789062,419.21527099609375,255.6273193359375,406.3812561035156,278.5444030761719,376.3757019042969,321.7637939453125,353.36639404296875,394.4273986816406,0
4409,214.6190643310547,148.66981506347656,493.26202392578125,149.6068572998047,481.1316223144531,215.4171142578125,434.470703125,225.4296417236328,455.6259765625,255.53468322753906,453.2009582519531,231.74667358398438,439.391357421875,241.74722290039062,418.2977294921875,255.05850219726562,406.0257263183594,279.1070556640625,377.4914245605469,319.5738525390625,351.74334716796875,395.61163330078125,0
4410,214.6092071533203,148.6634979248047,493.2549133300781,149.60345458984375,481.0108642578125,215.34742736816406,434.4219970703125,225.42584228515625,455.6494140625,255.43939208984375,453.27197265625,231.67001342773438,439.405029296875,241.7439422607422,418.3644714355469,255.0662841796875,406.0775451660156,279.10162353515625,377.5030212402344,319.56939697265625,351.7115478515625,395.66387939453125,0
4411,214.4530029296875,148.6685791015625,493.2406005859375,149.6739501953125,483.58123779296875,220.26820373535156,437.4108581542969,225.39425659179688,456.3445739746094,258.0830383300781,454.7970275878906,232.0643310546875,440.9469299316406,242.64511108398438,417.84906005859375,254.6614990234375,405.6144104003906,278.9321594238281,376.9913635253906,320.1977844238281,351.2140197753906,394.4989318847656,0
4412,214.62771606445312,148.5641632080078,493.3002624511719,149.65869140625,488.4090270996094,230.12734985351562,440.496826171875,229.65823364257812,455.631591796875,264.658935546875,456.9957580566406,239.666748046875,443.6667175292969,246.82455444335938,415.35394287109375,253.7716064453125,405.4142150878906,278.8230285644531,376.5965270996094,319.29302978515625,350.87677001953125,393.7303161621094,0
4413,214.5275115966797,148.5446014404297,493.3643493652344,149.57505798339844,489.6212158203125,233.34890747070312,440.60394287109375,232.1282958984375,454.1744079589844,266.3611755371094,457.4344482421875,242.08863830566406,444.599853515625,248.75567626953125,415.49517822265625,254.496337890625,405.4158020019531,278.5410461425781,376.4713134765625,319.07476806640625,350.9250793457031,393.4624328613281,0
4414,214.4668426513672,148.5947723388672,493.4162292480469,149.5683135986328,487.694580078125,234.29159545898438,440.76873779296875,233.99984741210938,455.2510681152344,268.20355224609375,457.7540283203125,244.0519561767578,444.9679260253906,250.088623046875,417.4885559082031,255.70907592773438,405.47637939453125,278.29315185546875,375.6145324707031,320.6649475097656,351.7712707519531,390.00042724609375,0
4415,214.45774841308594,148.59303283691406,493.4023742675781,149.5493927001953,487.6923522949219,234.29736328125,440.7735900878906,233.9984130859375,455.244140625,268.2002868652344,457.74322509765625,244.05934143066406,444.96282958984375,250.07974243164062,417.45831298828125,255.6758270263672,405.4703063964844,278.2895812988281,375.6276550292969,320.6241760253906,351.7652587890625,390.1108093261719,0
4416,214.3807373046875,148.49766540527344,493.2568664550781,149.44590759277344,486.7801818847656,232.95367431640625,440.8849792480469,233.24229431152344,456.1310119628906,268.31890869140625,457.7333679199219,243.79708862304688,444.7245788574219,250.52542114257812,418.65252685546875,255.6427764892578,405.8783264160156,277.7733459472656,376.36553955078125,319.6392822265625,351.6568298339844,389.888671875,0
4417,214.49205017089844,148.5731658935547,493.2190856933594,149.56382751464844,479.937255859375,222.53038024902344,434.0125732421875,231.891845703125,456.9021301269531,265.38958740234375,453.06707763671875,239.1995391845703,440.34332275390625,248.48806762695312,419.0649108886719,255.3520965576172,406.39666748046875,276.61041259765625,376.9649658203125,317.562255859375,351.4233703613281,390.518310546875,0
4418,214.50747680664062,148.5379180908203,493.2790222167969,149.4052734375,480.13958740234375,224.7044677734375,432.9412536621094,230.0755615234375,455.5688171386719,264.9517822265625,451.8362121582031,237.98995971679688,439.1531677246094,246.80755615234375,417.8126220703125,254.96315002441406,405.9718322753906,277.2903137207031,376.35791015625,319.1150207519531,351.7543029785156,389.131591796875,0
4419,214.40724182128906,148.50143432617188,493.23504638671875,149.60299682617188,480.0966491699219,228.69140625,433.4389953613281,229.48313903808594,453.10418701171875,265.23602294921875,450.7992858886719,238.7667236328125,438.77850341796875,246.51177978515625,416.71453857421875,253.34591674804688,406.27557373046875,276.5986633300781,377.72900390625,316.5492248535156,351.29779052734375,390.907958984375,0
4420,214.4183349609375,148.5057830810547,493.2346496582031,149.60269165039062,480.0462341308594,228.7411651611328,433.486572265625,229.4803924560547,453.16668701171875,265.185791015625,450.8062438964844,238.7789764404297,438.7800598144531,246.46511840820312,416.6947326660156,253.37745666503906,406.2516784667969,276.56463623046875,377.63677978515625,316.5893859863281,351.3171081542969,390.8764953613281,0
4421,214.392578125,148.48541259765625,493.2088623046875,149.65676879882812,481.6181335449219,230.59986877441406,435.30224609375,229.14712524414062,453.1791687011719,265.6931457519531,452.3509521484375,239.1627960205078,439.898681640625,246.44017028808594,416.1060791015625,252.9743194580078,406.5375671386719,276.2930603027344,377.79925537109375,316.3817138671875,351.0533142089844,391.4552917480469,0
4422,214.52789306640625,148.54725646972656,493.2003173828125,149.67922973632812,485.5824279785156,229.70079040527344,438.168701171875,228.87266540527344,454.89019775390625,264.4255065917969,454.79754638671875,238.34364318847656,441.9039611816406,246.13929748535156,416.5271911621094,252.48793029785156,406.6672668457031,276.5356140136719,377.2762145996094,317.4259948730469,350.4427795410156,393.2284240722656,0
4423,214.44622802734375,148.5828857421875,493.1966857910156,149.57301330566406,487.4021911621094,230.60946655273438,440.2869873046875,228.89230346679688,455.2365417480469,264.20928955078125,456.1632995605469,238.88137817382812,443.28314208984375,245.85345458984375,416.6582946777344,252.32957458496094,406.71221923828125,276.529541015625,378.11444091796875,315.9822692871094,350.7964172363281,391.3589172363281,0
4424,214.4415740966797,148.5541534423828,493.3629150390625,149.68438720703125,489.5686340332031,237.10191345214844,441.283935546875,231.05140686035156,453.31280517578125,266.3812561035156,457.51287841796875,242.10548400878906,444.8113098144531,247.88075256347656,417.3597717285156,251.5490264892578,406.3483581542969,275.92877197265625,377.5073547363281,317.0314636230469,350.76397705078125,390.8475036621094,0
4425,214.44180297851562,148.55616760253906,493.38482666015625,149.69985961914062,489.544189453125,237.09945678710938,441.2700500488281,231.05914306640625,453.3180847167969,266.3404846191406,457.4593811035156,242.09945678710938,444.7747802734375,247.87338256835938,417.3061218261719,251.56849670410156,406.3390197753906,275.9217224121094,377.5251770019531,316.99951171875,350.7881774902344,390.8674011230469,0
4426,214.4009246826172,148.3677520751953,493.37469482421875,149.59251403808594,488.7979431152344,239.30589294433594,441.65203857421875,231.75051879882812,452.9552917480469,266.9875793457031,457.64239501953125,242.97413635253906,445.1205749511719,248.54962158203125,417.21124267578125,251.52566528320312,406.26007080078125,275.9802551269531,377.21881103515625,317.8597717285156,350.4663391113281,391.772216796875,0
4427,214.57650756835938,148.64410400390625,493.3433837890625,149.69029235839844,490.5482482910156,237.09466552734375,442.287109375,230.83868408203125,454.14862060546875,266.3681640625,458.41912841796875,242.11688232421875,445.37078857421875,248.29556274414062,417.4817810058594,251.737060546875,406.3473815917969,275.7743835449219,377.7481689453125,316.65594482421875,350.85479736328125,390.0890197753906,0
4428,214.5139617919922,148.75830078125,493.2025451660156,149.68972778320312,489.00909423828125,236.49636840820312,442.22943115234375,230.0069122314453,455.572265625,265.6409606933594,458.23712158203125,241.3175506591797,445.2052001953125,247.37905883789062,417.83642578125,250.99478149414062,406.42205810546875,275.90875244140625,377.4945068359375,316.84466552734375,351.09521484375,389.4617614746094,0
4429,214.37838745117188,148.74253845214844,493.32904052734375,149.6207733154297,488.71826171875,232.65118408203125,441.2232360839844,228.4470977783203,456.012451171875,264.40631103515625,457.697021484375,239.27249145507812,444.5860595703125,246.1483917236328,417.8194885253906,250.352783203125,406.37408447265625,276.2192077636719,377.3846740722656,317.2503662109375,351.0287780761719,389.93463134765625,0
4430,214.36766052246094,148.72811889648438,493.3197326660156,149.63531494140625,488.70428466796875,232.66734313964844,441.23980712890625,228.44546508789062,456.0196838378906,264.36285400390625,457.6913757324219,239.2409210205078,444.57891845703125,246.13284301757812,417.8298034667969,250.35879516601562,406.3710021972656,276.22265625,377.386962890625,317.1834411621094,351.0244140625,389.92364501953125,0
4431,214.47120666503906,148.66871643066406,493.2896728515625,149.635009765625,488.7718505859375,230.99559020996094,440.6791076660156,227.65846252441406,456.0711669921875,264.1124267578125,457.3403625488281,238.63400268554688,444.26043701171875,245.63185119628906,417.707275390625,250.83697509765625,406.54364013671875,276.0098876953125,377.5438232421875,316.7926025390625,351.32867431640625,388.59222412109375,0
4432,214.53225708007812,148.61331176757812,493.4630126953125,149.6542510986328,487.7150573730469,230.6063232421875,440.4101867675781,227.52992248535156,455.8112487792969,263.5991516113281,456.7994079589844,238.31382751464844,443.7856140136719,245.35121154785156,417.33807373046875,250.1746368408203,406.47821044921875,275.86419677734375,377.4874267578125,316.6349182128906,350.5866394042969,391.0206298828125,0
4433,214.40576171875,148.64881896972656,493.30810546875,149.4967498779297,487.3536376953125,231.1941375732422,440.5616149902344,227.69471740722656,455.61651611328125,263.77081298828125,456.7164306640625,238.3550262451172,443.554443359375,245.42112731933594,417.1444091796875,250.10519409179688,406.3466796875,275.920166015625,377.3951721191406,317.0220031738281,350.65496826171875,390.2675476074219,0
4434,214.25413513183594,148.49365234375,493.5194091796875,149.56829833984375,487.3481140136719,231.72305297851562,440.39849853515625,227.9728546142578,455.44659423828125,264.0726318359375,456.49761962890625,238.6016082763672,443.5419921875,245.5669708251953,417.07977294921875,250.4893035888672,406.2457275390625,276.0369567871094,377.1873474121094,317.0943298339844,351.0687255859375,389.0957946777344,0
4435,214.25787353515625,148.49705505371094,493.514404296875,149.55728149414062,487.3466796875,231.69888305664062,440.4443054199219,227.97555541992188,455.41546630859375,264.0482177734375,456.4783935546875,238.61447143554688,443.5134582519531,245.55218505859375,417.0000305175781,250.4876251220703,406.24200439453125,276.0257263183594,377.1871643066406,317.0952453613281,351.0686340332031,389.09600830078125,0
4436,214.3273162841797,148.59197998046875,493.3138427734375,149.61984252929688,487.10833740234375,230.51536560058594,440.23211669921875,227.59042358398438,455.8037414550781,263.69293212890625,456.8043518066406,238.00950622558594,443.45648193359375,245.35499572753906,417.1278991699219,249.95533752441406,406.1236267089844,276.0069885253906,377.05035400390625,317.1905212402344,350.7005310058594,389.6380615234375,0
4437,214.34458923339844,148.53485107421875,493.4154052734375,149.66482543945312,487.45098876953125,229.56430053710938,440.2540283203125,227.52450561523438,456.1237487792969,263.16632080078125,456.64227294921875,237.44882202148438,443.3345031738281,245.16624450683594,417.0403747558594,250.64039611816406,406.34002685546875,276.01318359375,376.9561767578125,317.3414611816406,350.7723693847656,390.19598388671875,0
4438,214.31283569335938,148.6339111328125,493.5191345214844,149.61976623535156,487.3124084472656,229.60321044921875,440.320068359375,227.40762329101562,455.9790954589844,263.1541442871094,456.545654296875,237.74769592285156,443.4176025390625,245.1586456298828,417.1869812011719,250.66329956054688,406.34173583984375,275.8232421875,376.919677734375,317.6731262207031,351.018798828125,389.33868408203125,0
4439,214.3747100830078,148.51950073242188,493.4447021484375,149.80084228515625,486.9385070800781,229.235595703125,439.8840026855469,227.2743377685547,455.80224609375,262.64410400390625,456.29486083984375,237.4169921875,443.17279052734375,244.90586853027344,417.43341064453125,250.57920837402344,406.3968505859375,275.7764587402344,377.1230773925781,317.37615966796875,350.8516540527344,390.1531066894531,0
4440,214.367919921875,148.50181579589844,493.37188720703125,149.8152618408203,487.0306396484375,229.2968292236328,439.8636779785156,227.25875854492188,455.79229736328125,262.638671875,456.2956237792969,237.4271697998047,443.1487731933594,244.89527893066406,417.4125061035156,250.5572967529297,406.4034118652344,275.78338623046875,377.132080078125,317.3623962402344,350.8352966308594,390.19244384765625,0
4441,214.3118896484375,148.68959045410156,493.31439208984375,149.91334533691406,486.9685363769531,229.11428833007812,439.5782165527344,226.7859344482422,455.78814697265625,262.54522705078125,456.1614990234375,236.96832275390625,442.9853210449219,244.65504455566406,417.1495361328125,250.54811096191406,406.2904052734375,275.6133117675781,377.1820373535156,316.9812927246094,351.2494201660156,387.8363037109375,0
4442,214.2823486328125,148.7619171142578,493.26544189453125,150.00042724609375,485.9217529296875,229.98841857910156,439.59930419921875,226.3289794921875,455.6258544921875,262.361328125,455.7602844238281,236.85809326171875,442.84600830078125,244.27244567871094,417.576171875,250.2809600830078,406.34222412109375,275.65228271484375,377.2915344238281,317.11407470703125,350.82769775390625,389.5554504394531,0
4443,214.38145446777344,148.58970642089844,493.1805725097656,149.91043090820312,483.8457946777344,233.5197296142578,439.5404968261719,226.30661010742188,455.1845397949219,262.991455078125,455.5600280761719,237.30711364746094,442.8314208984375,244.42372131347656,417.77008056640625,250.65557861328125,406.5788269042969,276.0536804199219,377.10321044921875,317.00982666015625,351.0718078613281,387.5655212402344,0
4444,214.31980895996094,148.50665283203125,493.2445983886719,149.7992706298828,478.1805419921875,231.37413024902344,434.3016052246094,228.61700439453125,454.2230529785156,265.4725646972656,451.01983642578125,238.03335571289062,439.9797668457031,245.74978637695312,416.8087463378906,252.30950927734375,406.0819091796875,276.5654296875,375.80633544921875,319.0484619140625,349.8262023925781,390.35650634765625,0
4445,214.31968688964844,148.5065460205078,493.3179626464844,149.8055419921875,478.1795654296875,231.3650665283203,434.3114929199219,228.62918090820312,454.2200927734375,265.4658508300781,451.0189208984375,238.03225708007812,439.9764404296875,245.77056884765625,416.76904296875,252.30728149414062,406.0887756347656,276.5706787109375,375.8069152832031,319.0480651855469,349.8264465332031,390.35595703125,0
4446,214.42135620117188,148.45957946777344,493.2732849121094,149.80223083496094,476.0993347167969,233.95864868164062,431.2953796386719,230.21734619140625,450.2518310546875,266.79052734375,449.50653076171875,240.94834899902344,437.6449279785156,247.98074340820312,417.3224182128906,253.0227813720703,406.39971923828125,275.790771484375,376.3623962402344,317.9603271484375,350.09613037109375,388.93841552734375,0
4447,214.31997680664062,148.52259826660156,493.2531433105469,149.74278259277344,473.9907531738281,242.84036254882812,429.88604736328125,233.97683715820312,446.2495422363281,270.335693359375,447.608154296875,245.11973571777344,435.6606140136719,250.8361358642578,415.69915771484375,253.20529174804688,405.49481201171875,275.8727722167969,376.2139587402344,318.3020935058594,349.7013854980469,390.1148681640625,0
4448,214.3296661376953,148.4897918701172,493.16864013671875,149.75985717773438,475.5472412109375,245.84812927246094,430.28466796875,236.23135375976562,446.9109191894531,272.52410888671875,448.52490234375,247.43722534179688,436.32574462890625,252.8907928466797,415.9917297363281,254.26376342773438,405.459228515625,275.86053466796875,376.6419677734375,317.54400634765625,349.7865295410156,389.4210205078125,0
4449,214.36204528808594,148.6782989501953,493.2061462402344,149.70001220703125,484.5646667480469,241.3697052001953,436.2425231933594,235.16714477539062,451.85491943359375,273.2672424316406,453.7325744628906,247.42929077148438,440.63348388671875,253.2472381591797,417.0162353515625,252.8571014404297,405.7795715332031,275.85455322265625,376.75335693359375,317.0331115722656,349.2689208984375,390.7552795410156,0
4450,214.3633270263672,148.67662048339844,493.1885681152344,149.7167205810547,484.5628967285156,241.36398315429688,436.248046875,235.17054748535156,451.8569030761719,273.2677307128906,453.7315979003906,247.42156982421875,440.6337890625,253.2478485107422,417.0038146972656,252.85610961914062,405.7981262207031,275.85357666015625,376.8370361328125,316.93609619140625,349.2571105957031,390.78314208984375,0
4451,214.52322387695312,148.5833282470703,493.3442077636719,149.71163940429688,486.163330078125,241.6255645751953,437.8564453125,235.85174560546875,453.9586486816406,273.6467590332031,456.05096435546875,248.00271606445312,442.5414733886719,253.73045349121094,416.61236572265625,255.78199768066406,405.6069030761719,275.4189147949219,376.1297912597656,317.9385681152344,349.16119384765625,390.3426208496094,0
4452,214.47457885742188,148.48486328125,493.2893981933594,149.81729125976562,486.36077880859375,235.703125,437.7023010253906,235.78622436523438,457.77532958984375,272.7876892089844,457.73931884765625,246.71926879882812,445.47821044921875,253.49676513671875,421.28765869140625,253.995361328125,405.58331298828125,273.9693908691406,376.593017578125,317.20355224609375,349.1999206542969,389.726318359375,0
4453,214.5185089111328,148.5929718017578,493.3175354003906,149.8201141357422,485.8255920410156,237.93870544433594,436.003662109375,236.53602600097656,458.10614013671875,273.962646484375,457.0013427734375,247.5875701904297,444.822021484375,255.4623260498047,423.040283203125,255.1822052001953,405.76446533203125,273.48297119140625,377.5074157714844,315.50933837890625,349.51824951171875,388.8123779296875,0
4454,214.55697631835938,148.59878540039062,493.3582763671875,149.81576538085938,480.8511657714844,238.19300842285156,433.0227966308594,240.0561981201172,455.21258544921875,277.45501708984375,453.1318664550781,251.4330291748047,441.79193115234375,256.9839172363281,422.9495544433594,254.44140625,405.1898193359375,273.44415283203125,374.7944641113281,316.3992004394531,349.8724365234375,385.947509765625,0
4455,214.47152709960938,148.47103881835938,493.0894470214844,149.84762573242188,476.7718505859375,237.83851623535156,427.1632080078125,240.4840850830078,451.37200927734375,277.27435302734375,448.50030517578125,251.42564392089844,436.77734375,255.6738739013672,421.77947998046875,255.1287078857422,405.6993408203125,273.602783203125,375.25390625,315.4598388671875,349.749267578125,385.00830078125,0
4456,214.4190673828125,148.45852661132812,493.239013671875,149.93231201171875,468.898193359375,240.0857391357422,423.80828857421875,242.32627868652344,446.40533447265625,278.6308288574219,443.1389465332031,252.10121154785156,434.5647888183594,255.1359405517578,423.7179870605469,255.79698181152344,405.9544677734375,273.64013671875,374.90093994140625,315.4811706542969,350.7890319824219,382.1761474609375,0
4457,214.4205780029297,148.46429443359375,493.2597351074219,149.82089233398438,468.8914489746094,240.10987854003906,423.88665771484375,242.36376953125,446.3724365234375,278.6427307128906,443.1667785644531,252.04750061035156,434.5404968261719,255.0115203857422,423.66827392578125,255.71607971191406,405.95013427734375,273.6459045410156,374.9035949707031,315.4739074707031,350.7889404296875,382.1728210449219,0
4458,214.40943908691406,148.5982208251953,493.1054992675781,149.7817840576172,464.6575012207031,242.2744903564453,417.8022155761719,244.26022338867188,442.39898681640625,280.3034973144531,440.3932800292969,251.93716430664062,433.2616882324219,253.99305725097656,426.3534851074219,256.73345947265625,405.12908935546875,273.9043273925781,374.324951171875,314.9617004394531,351.1306457519531,381.13018798828125,0
4459,214.40997314453125,148.56546020507812,493.0794677734375,149.9007110595703,450.6416015625,223.77210998535156,407.5180969238281,242.12510681152344,441.1851806640625,270.09710693359375,431.4100341796875,245.46420288085938,422.8564453125,252.46792602539062,411.9663391113281,262.87384033203125,398.7950134277344,277.37164306640625,369.950439453125,311.0317077636719,347.8980407714844,344.70294189453125,0
4460,214.4151611328125,148.56549072265625,493.0770263671875,149.90330505371094,450.47320556640625,223.80726623535156,407.69842529296875,242.16310119628906,441.1676025390625,270.0711364746094,431.5892333984375,245.48416137695312,422.97479248046875,252.55824279785156,412.0267028808594,262.97711181640625,399.6432189941406,277.1651306152344,369.98345947265625,311.02764892578125,347.8949279785156,344.6974792480469,0
4461,214.4689483642578,148.62290954589844,492.7885437011719,149.89547729492188,453.61932373046875,208.83311462402344,408.6471862792969,234.40126037597656,441.9695129394531,260.1951904296875,430.71209716796875,235.493408203125,421.9779968261719,247.39096069335938,408.1845397949219,265.9591369628906,394.4609680175781,286.56414794921875,362.6224365234375,322.02764892578125,338.3482971191406,366.575439453125,0
4462,214.47650146484375,148.613525390625,493.1409912109375,149.97036743164062,460.65777587890625,196.7720184326172,419.8044128417969,220.44566345214844,448.4472351074219,238.8338165283203,439.7276916503906,219.02090454101562,429.2618103027344,233.90191650390625,413.0600891113281,266.0248107910156,384.1680603027344,292.41668701171875,350.0545654296875,322.5993957519531,328.4537048339844,355.5919189453125,-1
4463,214.41046142578125,148.78335571289062,492.8888244628906,150.0300750732422,466.16998291015625,201.11618041992188,425.3713684082031,220.55577087402344,451.9068908691406,240.1308135986328,444.7091369628906,219.75242614746094,433.3377380371094,234.64700317382812,413.5521545410156,264.19293212890625,382.237060546875,291.748779296875,343.89788818359375,321.9730529785156,320.18157958984375,353.8388366699219,-1
4464,214.53604125976562,148.73614501953125,493.1395263671875,149.86936950683594,470.5965270996094,197.81996154785156,432.27099609375,215.9521026611328,455.4822998046875,237.22442626953125,450.01409912109375,216.96278381347656,438.8307800292969,230.25347900390625,414.8043212890625,260.14910888671875,378.29278564453125,289.7403869628906,335.9577331542969,321.8006591796875,298.1877136230469,369.7132568359375,-1
4465,214.54212951660156,148.73573303222656,493.13525390625,149.8637237548828,470.6127014160156,197.8990478515625,432.0765075683594,216.23397827148438,455.2934875488281,237.3567657470703,449.8832702636719,217.2270050048828,438.36639404296875,230.88775634765625,412.5107116699219,260.79046630859375,378.14324951171875,289.77667236328125,335.99859619140625,321.7855529785156,298.2032165527344,369.68267822265625,-1
4466,214.42843627929688,148.706787109375,493.0940856933594,149.7244873046875,468.5156555175781,197.17649841308594,432.97064208984375,213.6043701171875,456.42327880859375,235.3983917236328,450.4273986816406,215.85153198242188,439.806884765625,227.62451171875,412.9122314453125,257.0918884277344,378.25860595703125,289.0744934082031,336.1295471191406,321.9894714355469,298.7022705078125,369.6476135253906,-1
4467,214.2796173095703,148.59368896484375,493.0950012207031,149.84005737304688,466.98736572265625,200.47366333007812,431.5279846191406,216.74615478515625,455.2113952636719,236.82763671875,447.97216796875,217.80697631835938,437.3454895019531,230.67103576660156,411.17095947265625,255.058837890625,376.8513488769531,288.416015625,334.5523376464844,319.4367980957031,294.706298828125,370.4825744628906,-1
4468,214.2084197998047,148.6567840576172,493.1945495605469,150.00364685058594,466.6559753417969,204.0207061767578,429.95745849609375,218.84429931640625,453.2378845214844,241.96705627441406,446.5520935058594,220.90625,434.7367248535156,233.52920532226562,408.803466796875,256.6700134277344,377.0994567871094,288.40496826171875,334.6307678222656,317.5005187988281,285.6441650390625,370.05810546875,0
4469,214.32821655273438,148.66844177246094,493.0013732910156,149.94322204589844,467.0719909667969,209.87217712402344,430.448974609375,220.71998596191406,451.6633605957031,246.5653839111328,445.6662292480469,225.27369689941406,433.421875,236.3365936279297,409.67877197265625,257.4720458984375,376.32025146484375,287.87017822265625,327.9717712402344,320.0829772949219,283.3697204589844,368.58270263671875,0
4470,214.4506378173828,148.53932189941406,492.99090576171875,149.91366577148438,467.3360900878906,217.54092407226562,435.9924011230469,221.84921264648438,453.8278503417969,250.71810913085938,449.02264404296875,230.46627807617188,436.28692626953125,238.41714477539062,407.9820861816406,258.1925354003906,375.7754821777344,287.5414123535156,328.31988525390625,320.60980224609375,282.9372863769531,368.3703308105469,0
4471,214.42323303222656,148.63970947265625,493.0088195800781,150.0355224609375,464.7406005859375,220.57962036132812,439.6980895996094,223.1677703857422,456.24365234375,250.39772033691406,451.572021484375,230.56491088867188,439.7571105957031,239.193359375,409.350341796875,257.72503662109375,375.3919982910156,287.42681884765625,328.2552795410156,319.2629089355469,283.9565124511719,367.33966064453125,0
4472,214.41714477539062,148.6314697265625,493.0093994140625,150.0032196044922,464.7507019042969,220.58396911621094,439.69927978515625,223.16375732421875,456.2489929199219,250.3988037109375,451.5796813964844,230.56027221679688,439.7581481933594,239.1969757080078,409.34649658203125,257.7266540527344,375.3978271484375,287.42852783203125,328.2248840332031,319.278076171875,283.916015625,367.4035339355469,0
4473,214.47930908203125,148.69171142578125,493.0001220703125,149.9006805419922,465.799072265625,221.07949829101562,442.5124206542969,223.70606994628906,458.69635009765625,249.96104431152344,454.4536437988281,230.89691162109375,442.0274658203125,237.53237915039062,410.67266845703125,256.9658508300781,372.8114318847656,287.7379455566406,326.1111755371094,319.1114501953125,282.7302551269531,369.41204833984375,0
4474,214.39889526367188,148.68429565429688,493.2750244140625,149.6405029296875,476.2723388671875,216.96047973632812,444.2984619140625,225.4926300048828,462.57086181640625,251.02552795410156,458.9916076660156,231.31800842285156,446.1936950683594,241.6051788330078,411.6611022949219,258.0679931640625,372.4817199707031,287.12109375,324.6859130859375,316.7412109375,280.4493103027344,363.60296630859375,0
4475,214.38340759277344,148.68528747558594,493.3525695800781,149.73480224609375,478.5958557128906,221.63262939453125,444.3037414550781,227.1066131591797,460.3260192871094,254.0886688232422,459.1372985839844,233.35806274414062,445.3920593261719,243.6558074951172,411.20465087890625,258.4368591308594,373.44464111328125,285.8472595214844,325.3897399902344,316.0762023925781,280.5540771484375,362.7007141113281,0
4476,214.38418579101562,148.74688720703125,493.2211608886719,149.7520294189453,482.388916015625,229.6903839111328,445.0097961425781,230.26927185058594,458.0752258300781,260.62811279296875,459.2138977050781,239.31536865234375,444.4384765625,248.26565551757812,410.294921875,259.52703857421875,372.7171630859375,283.8909912109375,324.08245849609375,314.5263977050781,281.3490295410156,360.1859130859375,0
4477,214.36228942871094,148.66915893554688,493.2309265136719,149.78311157226562,482.7463073730469,230.44305419921875,443.78546142578125,231.44943237304688,457.6490783691406,262.0727233886719,458.2831115722656,240.5216064453125,443.53216552734375,249.0106964111328,409.7407531738281,260.4544372558594,372.53118896484375,283.2077941894531,326.0604553222656,312.76519775390625,281.4297790527344,358.47613525390625,0
4478,214.5286102294922,148.62440490722656,493.0810852050781,149.73484802246094,481.4494934082031,230.6540985107422,441.905029296875,232.95816040039062,457.0993347167969,263.2040100097656,456.88189697265625,241.53611755371094,442.5450744628906,249.63848876953125,409.10577392578125,261.0019226074219,372.2294616699219,283.5972595214844,325.59625244140625,313.4942321777344,281.1843566894531,358.6257019042969,0
4479,214.28550720214844,148.65194702148438,492.9132385253906,149.7303009033203,482.185791015625,231.12786865234375,440.4665832519531,233.8353729248047,456.7867431640625,265.39398193359375,455.75506591796875,242.52902221679688,441.55926513671875,248.9250030517578,408.4757995605469,261.62164306640625,372.6048278808594,283.2030334472656,325.96124267578125,313.23248291015625,281.5531311035156,357.87432861328125,0
4480,214.3430633544922,148.90476989746094,492.9494323730469,149.71372985839844,486.5203552246094,232.6183319091797,443.2713623046875,232.2405548095703,457.7296447753906,265.7386474609375,458.5140075683594,242.6155242919922,443.4440612792969,250.0338134765625,409.4078063964844,259.970947265625,374.4903869628906,281.1726989746094,326.65081787109375,310.0567626953125,280.4481201171875,354.9762878417969,0
4481,214.34585571289062,148.9005126953125,492.9503479003906,149.71636962890625,486.5303649902344,232.62701416015625,443.30426025390625,232.24099731445312,457.7585754394531,265.7707824707031,458.5736083984375,242.61070251464844,443.49591064453125,250.03465270996094,409.4476013183594,259.96484375,374.4767761230469,281.1993713378906,326.6347351074219,310.09234619140625,280.4112243652344,354.9687194824219,0
4482,214.3306427001953,148.79095458984375,492.9883728027344,149.7814483642578,485.45501708984375,235.91470336914062,444.27410888671875,232.32614135742188,456.99737548828125,266.40850830078125,458.48870849609375,243.57980346679688,443.2969665527344,247.70924377441406,409.8186950683594,260.39422607421875,375.61932373046875,280.946533203125,327.7779541015625,308.9343566894531,280.1234436035156,354.7391662597656,0
4483,214.37466430664062,148.8311767578125,493.0036926269531,149.76663208007812,486.2452697753906,247.0344696044922,443.574951171875,235.36509704589844,449.87786865234375,269.2830505371094,455.81988525390625,249.17987060546875,440.0919189453125,252.73464965820312,409.1048583984375,260.6456604003906,374.78778076171875,280.2669677734375,324.9654235839844,306.91436767578125,278.2398376464844,350.9345397949219,0
4484,214.4342803955078,148.76998901367188,493.13726806640625,149.6222686767578,487.024658203125,249.10086059570312,444.16998291015625,236.37384033203125,449.1651306152344,270.8583984375,456.3834228515625,249.93878173828125,440.3411560058594,254.49237060546875,408.9455261230469,260.47686767578125,374.8034362792969,279.92138671875,325.1527404785156,305.4444885253906,278.25213623046875,349.2696533203125,0
4485,214.35108947753906,148.58387756347656,493.17236328125,149.6663360595703,486.5816955566406,248.3656768798828,442.6679382324219,237.5440216064453,447.97760009765625,272.23114013671875,455.3704528808594,250.660888671875,438.68804931640625,255.92930603027344,408.7127990722656,261.4459228515625,374.694091796875,279.338623046875,323.6809387207031,304.6689147949219,277.6152648925781,349.2413635253906,0
4486,214.4097442626953,148.57212829589844,493.1302490234375,149.6566925048828,487.37481689453125,246.4282684326172,443.1195373535156,237.71463012695312,449.4455871582031,272.4635314941406,456.3060302734375,250.59153747558594,439.3157653808594,255.7722625732422,409.25909423828125,261.90130615234375,374.9234619140625,278.33709716796875,324.5887756347656,301.72381591796875,278.7933654785156,345.72955322265625,0
4487,214.39309692382812,148.6366729736328,493.1844787597656,149.65185546875,487.39666748046875,246.37863159179688,443.26495361328125,237.86077880859375,449.4569091796875,272.38409423828125,456.36444091796875,250.6104736328125,439.38897705078125,255.8930206298828,409.2933654785156,261.919189453125,374.9408264160156,278.3472900390625,324.8461608886719,301.6365661621094,278.75579833984375,345.5775146484375,0
4488,214.34674072265625,148.6496124267578,493.17474365234375,149.83767700195312,486.91961669921875,245.77862548828125,443.5307922363281,237.3832244873047,450.4403991699219,271.19134521484375,456.4427490234375,249.384765625,439.8465576171875,255.05796813964844,409.5368347167969,261.6429748535156,374.5365295410156,278.7148132324219,322.1828918457031,302.0417175292969,273.9505310058594,344.7923278808594,0
4489,214.54928588867188,148.70565795898438,493.13360595703125,149.84837341308594,485.7890930175781,245.5968475341797,443.8429870605469,237.2575225830078,450.62640380859375,270.9229431152344,456.354248046875,248.9869842529297,440.2825012207031,254.6729278564453,409.6231689453125,261.8696594238281,374.243408203125,278.99444580078125,322.2022705078125,302.34765625,274.67767333984375,345.2637939453125,0
4490,214.43460083007812,148.60499572753906,493.204833984375,149.90335083007812,488.896240234375,244.01954650878906,444.7781066894531,236.14012145996094,451.9433288574219,269.7322692871094,457.8813171386719,249.06703186035156,441.5968017578125,252.1265106201172,409.8778381347656,261.6822509765625,373.661865234375,279.50128173828125,322.8060607910156,303.4563903808594,275.6662902832031,346.7651672363281,0
4491,214.43295288085938,148.60488891601562,493.2507629394531,149.85873413085938,488.9007263183594,244.0209197998047,444.78167724609375,236.13514709472656,451.9437255859375,269.7322692871094,457.87957763671875,249.05921936035156,441.5982971191406,252.12661743164062,409.87335205078125,261.6800842285156,373.6613464355469,279.500244140625,322.8262023925781,303.436279296875,275.74639892578125,346.5904846191406,0
4492,214.39833068847656,148.54440307617188,493.09503173828125,149.76780700683594,487.8854675292969,242.2694549560547,443.8421630859375,236.38604736328125,452.57489013671875,270.1190185546875,457.697265625,248.80982971191406,441.39044189453125,252.7884979248047,409.7171325683594,262.10052490234375,373.125732421875,279.8797607421875,322.28955078125,303.2472839355469,275.53265380859375,345.8365478515625,0
4493,214.39366149902344,148.51376342773438,493.1251525878906,149.6595001220703,484.8318176269531,235.27430725097656,439.5426330566406,237.06134033203125,453.62054443359375,271.14739990234375,454.9598388671875,247.53109741210938,438.9207763671875,255.2833709716797,408.346923828125,264.40350341796875,374.7789306640625,279.76654052734375,323.8409423828125,303.3686828613281,275.8867492675781,346.50360107421875,0
4494,214.47402954101562,148.58102416992188,493.20831298828125,149.65103149414062,475.0677185058594,226.20167541503906,431.3990783691406,239.59678649902344,454.4502258300781,269.24749755859375,449.7471008300781,246.9632110595703,436.69879150390625,256.8601989746094,409.5284118652344,266.44921875,375.659912109375,279.23370361328125,324.07391357421875,302.8581848144531,276.44769287109375,345.26318359375,0
4495,214.56398010253906,148.834228515625,493.3240661621094,149.60369873046875,466.4588623046875,221.70252990722656,424.2980041503906,240.0592803955078,449.53253173828125,266.3648681640625,443.34112548828125,243.39309692382812,430.9312438964844,255.42184448242188,407.21295166015625,267.6056213378906,376.2331848144531,279.3587341308594,326.5667724609375,303.9937744140625,276.4414367675781,347.15753173828125,0
4496,214.56121826171875,148.8336944580078,493.3264465332031,149.60594177246094,466.44384765625,221.68527221679688,424.2890625,240.05224609375,449.54132080078125,266.3683776855469,443.33941650390625,243.3933868408203,430.9396667480469,255.4239044189453,407.2325134277344,267.5888671875,376.3019104003906,279.2829895019531,326.4909362792969,304.02764892578125,276.435546875,347.1593017578125,0
4497,214.6045684814453,148.70980834960938,493.177490234375,149.6188201904297,461.8528747558594,221.10496520996094,419.435546875,240.06991577148438,446.85888671875,264.7230529785156,439.484130859375,242.9103240966797,428.3506774902344,254.17562866210938,406.6910400390625,268.0989074707031,377.36212158203125,279.089111328125,328.191650390625,304.4512634277344,277.1073913574219,348.3302307128906,0
4498,214.5323028564453,148.47384643554688,493.2414855957031,149.68580627441406,459.7828063964844,219.9198760986328,417.3161315917969,240.51422119140625,444.8656005859375,265.1018981933594,437.5213317871094,244.06033325195312,426.6435546875,254.59115600585938,406.60369873046875,268.81524658203125,378.41387939453125,278.03826904296875,327.8973388671875,303.5718994140625,278.25445556640625,346.645751953125,0
4499,214.5743865966797,148.51805114746094,493.3697509765625,149.82211303710938,455.3146057128906,218.51361083984375,415.73724365234375,242.15664672851562,444.9325256347656,265.010498046875,435.7352294921875,244.35838317871094,425.832275390625,255.1123809814453,407.242919921875,268.88494873046875,379.51806640625,277.6116943359375,329.5887756347656,303.1114196777344,278.4387512207031,346.4232482910156,0
4500,214.55789184570312,148.46131896972656,493.41326904296875,149.83981323242188,455.30291748046875,218.5174102783203,415.7276611328125,242.15223693847656,444.9346618652344,265.0345764160156,435.74725341796875,244.35374450683594,425.81591796875,255.1153106689453,407.25860595703125,268.8929748535156,379.54595947265625,277.6195983886719,329.6376037597656,303.0784912109375,278.45758056640625,346.4371337890625,0
4501,214.3486785888672,148.46694946289062,493.3482360839844,149.70249938964844,459.2505798339844,218.73130798339844,417.5181884765625,240.33505249023438,446.2884826660156,264.351318359375,437.9186096191406,243.08599853515625,427.63763427734375,253.33984375,408.210693359375,268.6604309082031,380.0380554199219,277.50738525390625,331.1846618652344,302.90264892578125,278.7393798828125,346.30908203125,0
4502,214.34349060058594,148.47373962402344,493.3093566894531,149.7333526611328,459.2867431640625,218.77088928222656,417.5621337890625,240.26036071777344,446.1913757324219,264.47601318359375,438.04437255859375,242.95530700683594,427.73516845703125,253.14450073242188,408.1678161621094,268.54376220703125,379.9931945800781,277.5473937988281,331.2101745605469,302.8963317871094,278.7978820800781,346.3164978027344,0
4503,214.2672119140625,148.51834106445312,493.3033752441406,149.96951293945312,456.12933349609375,216.09352111816406,417.6101379394531,241.2830352783203,447.53887939453125,262.9848937988281,437.9905700683594,241.62110900878906,428.78643798828125,252.89759826660156,408.3810729980469,267.7744445800781,380.708740234375,276.7599182128906,332.3761291503906,301.857666015625,278.9479064941406,345.1275634765625,0
4504,214.175537109375,148.56918334960938,493.4547424316406,149.9078369140625,435.95916748046875,213.65968322753906,408.34442138671875,246.4093017578125,446.1655578613281,256.3183898925781,430.46087646484375,238.8939208984375,425.2760925292969,251.98924255371094,412.2733154296875,268.9821472167969,382.040283203125,276.0379333496094,333.7677307128906,301.57952880859375,278.7872009277344,344.523193359375,0
4505,214.2577667236328,148.49424743652344,493.28851318359375,149.8713836669922,433.7521057128906,211.56729125976562,408.16912841796875,244.8631134033203,445.9472961425781,253.10963439941406,428.6279296875,236.1752166748047,424.61993408203125,249.56761169433594,411.5786437988281,268.6477966308594,381.90478515625,276.43621826171875,334.1352233886719,302.197998046875,280.4288024902344,342.8042907714844,0
4506,214.16476440429688,148.68072509765625,493.35546875,149.99407958984375,429.0234375,207.8040008544922,404.2666931152344,244.9005889892578,443.0672302246094,250.56578063964844,426.0089111328125,233.80284118652344,422.18743896484375,248.58926391601562,411.2071228027344,268.8390808105469,382.5095520019531,276.4062194824219,334.9013671875,302.61993408203125,280.0326232910156,342.9455871582031,0
4507,214.16574096679688,148.68067932128906,493.3575744628906,149.9977569580078,429.0254821777344,207.80555725097656,404.27056884765625,244.88565063476562,443.0717468261719,250.56141662597656,426.00750732421875,233.79989624023438,422.19140625,248.5835418701172,411.1881103515625,268.8199768066406,382.5083923339844,276.40692138671875,334.8999328613281,302.6208190917969,280.024658203125,342.9424133300781,0
4508,214.21148681640625,148.60696411132812,493.2576904296875,150.06185913085938,424.25506591796875,204.4403839111328,402.8950500488281,244.8036346435547,441.9101257324219,249.8144989013672,422.63775634765625,232.97097778320312,420.52667236328125,247.26458740234375,412.46466064453125,269.01251220703125,382.285400390625,276.8444519042969,334.79296875,302.3827819824219,278.5280456542969,342.46710205078125,0
4509,214.3368682861328,148.6781768798828,493.239013671875,150.2355194091797,424.181640625,204.01300048828125,398.8406677246094,242.63827514648438,439.4316711425781,248.0885772705078,419.6565246582031,232.41351318359375,416.9183349609375,245.91403198242188,411.51214599609375,267.188232421875,383.7374267578125,276.42034912109375,336.3397521972656,303.5639343261719,278.93743896484375,342.13128662109375,0
4510,214.3204345703125,148.6341094970703,493.18145751953125,150.2372283935547,424.2754821777344,205.15811157226562,399.73883056640625,242.1478729248047,439.1663818359375,247.555419921875,419.56011962890625,232.12330627441406,416.865234375,245.34109497070312,411.5306396484375,266.63226318359375,383.5607604980469,276.1885681152344,335.9115905761719,303.302978515625,278.5538330078125,341.5661315917969,0
4511,214.38876342773438,148.55638122558594,493.1341857910156,150.2490692138672,424.51348876953125,205.8597412109375,399.73602294921875,242.08901977539062,438.8008728027344,248.27963256835938,419.5870056152344,232.10618591308594,416.6695861816406,245.03536987304688,411.22039794921875,266.2861633300781,383.4502258300781,276.2505798339844,336.04498291015625,303.075439453125,278.631103515625,341.4820251464844,0
4512,214.4276580810547,148.57749938964844,493.22760009765625,150.3059844970703,425.9228515625,203.77175903320312,399.7609558105469,241.1087646484375,439.0049743652344,248.46075439453125,420.00225830078125,231.49569702148438,416.5128479003906,244.5717315673828,410.4961242675781,265.653076171875,383.70098876953125,276.36907958984375,336.29510498046875,302.6862487792969,278.45782470703125,341.810546875,0
4513,214.40765380859375,148.55804443359375,493.2003479003906,150.27261352539062,425.9096984863281,203.76905822753906,399.9305114746094,241.21864318847656,439.0073547363281,248.44778442382812,420.0430908203125,231.50863647460938,416.5625305175781,244.55657958984375,410.5083312988281,265.67791748046875,383.6929016113281,276.39520263671875,336.2775573730469,302.69482421875,278.35931396484375,341.6337890625,0
4514,214.47108459472656,148.67242431640625,493.2281188964844,150.2870330810547,426.3265380859375,199.7977294921875,399.8341064453125,240.2080535888672,439.3638916015625,246.51438903808594,420.24462890625,230.09886169433594,416.87908935546875,243.16806030273438,410.80633544921875,264.49212646484375,383.6512756347656,276.5637512207031,336.3989562988281,302.6620788574219,277.8106689453125,341.416015625,0
4515,214.3672332763672,148.65664672851562,493.29168701171875,150.1353302001953,427.0177917480469,197.97337341308594,401.5954895019531,238.77040100097656,439.9393005371094,244.78207397460938,421.07196044921875,228.39894104003906,417.6919250488281,242.14012145996094,411.5821533203125,264.21636962890625,383.61468505859375,276.86773681640625,335.79705810546875,302.52178955078125,277.61517333984375,340.99151611328125,0
4516,214.331298828125,148.66250610351562,493.4092712402344,150.13975524902344,427.77880859375,196.66729736328125,402.4300537109375,237.95843505859375,439.9565124511719,243.62957763671875,421.4436340332031,227.5229949951172,418.17803955078125,241.37522888183594,412.5103759765625,263.8951416015625,383.8793029785156,276.7950134277344,335.99420166015625,302.5924377441406,277.75079345703125,340.73211669921875,0
4517,214.33096313476562,148.6619873046875,493.415283203125,150.1014862060547,427.781494140625,196.67312622070312,402.3945617675781,237.9583740234375,439.9678649902344,243.68017578125,421.3982849121094,227.54051208496094,418.1285705566406,241.3935089111328,412.46673583984375,263.91162109375,383.8786926269531,276.8021240234375,335.98809814453125,302.6050109863281,277.7526550292969,340.7261657714844,0
4518,214.2991180419922,148.68638610839844,493.31573486328125,150.15298461914062,428.1175842285156,196.2928924560547,402.84796142578125,237.23536682128906,439.80511474609375,243.0807342529297,421.9503479003906,227.0837860107422,418.4282531738281,240.88177490234375,412.7596130371094,263.4021911621094,383.8965148925781,276.8109436035156,335.5901184082031,302.8327331542969,277.2647399902344,340.9999084472656,0
4519,214.40069580078125,148.68582153320312,493.23028564453125,150.34092712402344,428.79876708984375,196.62808227539062,403.2823486328125,237.4689178466797,439.9229736328125,243.26161193847656,422.2936706542969,227.34048461914062,418.8145446777344,241.1272430419922,412.9284362792969,263.3151550292969,383.8780212402344,276.9637145996094,335.30975341796875,302.904052734375,277.14984130859375,341.1639404296875,0
4520,214.25778198242188,148.4715576171875,493.3515930175781,150.32403564453125,429.2440185546875,196.74057006835938,403.70880126953125,237.4690399169922,440.5887451171875,243.45999145507812,422.9794616699219,227.3698272705078,419.2611389160156,241.20352172851562,412.9830017089844,263.5425720214844,383.89642333984375,277.1742248535156,335.39093017578125,302.4666748046875,277.081298828125,340.98858642578125,0
4521,214.22573852539062,148.5336456298828,493.33123779296875,150.37139892578125,429.9358215332031,197.01109313964844,403.64678955078125,238.0753631591797,441.0491638183594,243.43666076660156,423.12799072265625,227.56431579589844,419.50909423828125,241.50401306152344,413.2313537597656,263.8351135253906,383.7822265625,277.196533203125,334.9466247558594,302.60540771484375,277.0627136230469,340.54302978515625,0
4522,214.22950744628906,148.5327606201172,493.30743408203125,150.26206970214844,430.0064392089844,196.9646453857422,403.8210754394531,237.78929138183594,441.0630187988281,243.35337829589844,423.2396240234375,227.47840881347656,419.5438537597656,241.39077758789062,413.2635803222656,263.81201171875,383.7906188964844,277.1795959472656,334.9203186035156,302.6103210449219,277.06134033203125,340.5422668457031,0
4523,214.22911071777344,148.5680389404297,493.2520446777344,150.09861755371094,430.1639099121094,197.0185089111328,403.86077880859375,237.5697021484375,441.3122253417969,243.53623962402344,423.460205078125,227.33372497558594,419.6531677246094,241.36862182617188,413.2006530761719,263.4638366699219,383.71258544921875,277.2415771484375,335.56109619140625,302.3379821777344,277.1009521484375,340.1753845214844,0
4524,214.30552673339844,148.49864196777344,493.30029296875,150.16397094726562,430.5348815917969,196.80076599121094,403.97137451171875,237.28701782226562,441.3473815917969,243.21974182128906,423.5245056152344,226.91773986816406,419.7953186035156,241.02037048339844,413.47265625,263.38519287109375,383.819091796875,277.254150390625,334.1677551269531,303.2082214355469,276.466064453125,340.7599792480469,0
4525,214.30584716796875,148.44935607910156,493.2680969238281,150.1064910888672,430.177978515625,196.9298858642578,404.01470947265625,237.26510620117188,441.7536315917969,243.499267578125,423.76751708984375,226.99856567382812,420.02813720703125,240.94810485839844,413.5849304199219,263.2157897949219,383.9514465332031,277.0982971191406,335.7359924316406,302.17083740234375,276.9169921875,340.2115173339844,0
4526,214.21310424804688,148.63119506835938,493.2982177734375,149.9976043701172,429.9835510253906,198.69366455078125,403.5726623535156,237.9534912109375,441.93463134765625,244.22607421875,423.759765625,227.63272094726562,419.86993408203125,241.4869842529297,413.4961242675781,263.36761474609375,383.7873840332031,277.2252197265625,334.6963806152344,302.8067321777344,276.72552490234375,340.304443359375,0
4527,214.2217254638672,148.63671875,493.2982177734375,149.99813842773438,429.9783630371094,198.67166137695312,403.60687255859375,237.96182250976562,441.93499755859375,244.22451782226562,423.7622375488281,227.6171875,419.8798828125,241.4561309814453,413.524658203125,263.3837585449219,383.78656005859375,277.2878723144531,334.43402099609375,302.5533142089844,276.7314453125,340.308349609375,0
4528,214.15725708007812,148.7629852294922,493.2332458496094,150.0067901611328,430.5116271972656,198.2282257080078,403.7732849121094,237.83798217773438,442.1310119628906,244.20973205566406,424.4645080566406,226.90631103515625,420.1131286621094,241.40158081054688,413.3874206542969,263.1871337890625,384.0787353515625,277.17376708984375,335.9500427246094,301.95751953125,276.8592834472656,340.1853942871094,0
4529,214.27513122558594,148.6904754638672,493.24468994140625,149.95846557617188,430.46868896484375,197.77975463867188,404.0369567871094,237.73013305664062,442.0453796386719,243.82025146484375,424.6074523925781,226.92135620117188,420.2218933105469,241.3061065673828,413.778564453125,262.9766845703125,384.0987548828125,277.1436767578125,336.1120300292969,302.0165710449219,276.8121643066406,340.3141784667969,0
4530,214.2689971923828,148.62940979003906,493.3229064941406,149.98292541503906,430.7964782714844,198.634033203125,404.54608154296875,237.53573608398438,442.30419921875,244.1086883544922,424.9541931152344,227.37884521484375,420.4737854003906,241.57928466796875,413.52825927734375,263.2332763671875,383.9419860839844,277.0911865234375,335.3758239746094,302.1343994140625,276.8836669921875,339.99530029296875,0
4531,214.31715393066406,148.4337921142578,493.307861328125,149.96954345703125,432.2019348144531,197.2187957763672,405.2584533691406,236.48692321777344,442.98931884765625,243.5841522216797,425.880859375,226.27357482910156,421.54364013671875,240.62652587890625,414.1966552734375,262.4542236328125,384.10028076171875,277.10577392578125,336.01226806640625,301.9329833984375,276.4727478027344,340.04022216796875,0
4532,214.21792602539062,148.46189880371094,493.2166748046875,149.95750427246094,432.47662353515625,197.8699188232422,405.4361877441406,236.79217529296875,443.3064880371094,243.815673828125,426.2520446777344,226.6353302001953,421.8496398925781,241.01705932617188,414.41082763671875,262.5693664550781,383.2325439453125,276.12054443359375,335.67364501953125,302.0423278808594,276.4921569824219,340.0845947265625,0
4533,214.1988525390625,148.5150146484375,493.221435546875,149.95506286621094,432.42462158203125,199.67327880859375,405.61370849609375,237.576904296875,443.5863342285156,244.2793731689453,426.63226318359375,227.22842407226562,422.2582702636719,241.4911346435547,413.9521789550781,264.1970520019531,382.9921875,276.23974609375,335.9843444824219,301.9745788574219,276.88409423828125,339.64202880859375,0
4534,214.4112091064453,148.65223693847656,493.33856201171875,149.8088836669922,433.4083251953125,199.56068420410156,405.9876708984375,237.317626953125,443.6776123046875,244.3835906982422,427.0248718261719,227.10574340820312,422.5986328125,241.46047973632812,414.153564453125,264.1473083496094,383.32598876953125,276.35052490234375,335.87066650390625,301.86395263671875,276.7995910644531,339.790283203125,0
4535,214.3996124267578,148.65542602539062,493.33709716796875,149.80799865722656,433.4016418457031,199.57176208496094,405.9841613769531,237.322509765625,443.68011474609375,244.38226318359375,427.0266418457031,227.14181518554688,422.6041564941406,241.47967529296875,414.1651306152344,264.1552429199219,383.32476806640625,276.3506774902344,335.86236572265625,301.8689270019531,276.8047180175781,339.7928466796875,0
4536,214.24745178222656,148.64939880371094,493.2880859375,149.9682159423828,432.0559997558594,199.2091522216797,406.40081787109375,237.54339599609375,443.7703857421875,243.9044189453125,427.0567626953125,227.5990447998047,423.101318359375,242.07669067382812,414.1390075683594,264.9576416015625,383.40240478515625,278.04132080078125,336.4183654785156,302.2110900878906,277.0836486816406,339.0054931640625,0
4537,214.24017333984375,148.64907836914062,493.2973327636719,149.99078369140625,432.05462646484375,199.2335968017578,406.3894958496094,237.53826904296875,443.7845153808594,243.89097595214844,427.0718994140625,227.6036834716797,423.1106872558594,242.07408142089844,414.1396179199219,264.9461364746094,383.40350341796875,278.0417175292969,336.43499755859375,302.21099853515625,277.0758056640625,339.0115051269531,0
4538,214.36947631835938,148.58474731445312,493.2989196777344,150.01141357421875,437.7759704589844,199.01736450195312,408.42474365234375,236.26087951660156,443.7846984863281,244.6527557373047,428.77630615234375,227.69754028320312,424.3967590332031,243.298583984375,412.68524169921875,265.8678283691406,382.13739013671875,279.0279235839844,333.38226318359375,303.8426818847656,275.0948486328125,340.0714111328125,0
4539,214.33712768554688,148.68931579589844,493.2394714355469,149.9646453857422,449.39208984375,194.2107391357422,420.8364562988281,223.45750427246094,449.8767395019531,235.89662170410156,439.08203125,218.7031707763672,431.6721496582031,234.87197875976562,413.2254333496094,263.0523376464844,378.1167907714844,281.562255859375,329.6761169433594,304.1715393066406,271.2273254394531,339.8147277832031,0
4540,214.3076629638672,148.5689239501953,493.19744873046875,150.1081085205078,448.4630432128906,194.5467071533203,422.6844482421875,220.8100128173828,452.490478515625,232.23333740234375,440.26129150390625,216.3953094482422,433.38201904296875,232.19241333007812,413.501708984375,260.37152099609375,376.88720703125,282.90789794921875,327.4374084472656,305.5317077636719,270.0362243652344,338.3370361328125,0
4541,214.55520629882812,148.6554718017578,493.3088684082031,149.99803161621094,452.2792053222656,193.2518768310547,427.7963562011719,213.18011474609375,454.8475341796875,227.4594268798828,443.5987243652344,210.27511596679688,436.5216979980469,225.19952392578125,415.3584289550781,256.9714660644531,375.1842346191406,284.65924072265625,325.7780456542969,306.7398986816406,264.69097900390625,340.3435363769531,0
4542,214.50875854492188,148.5923309326172,493.28289794921875,149.9448699951172,454.4749450683594,191.477294921875,429.6050109863281,211.22122192382812,455.51861572265625,225.91323852539062,444.6731262207031,208.51763916015625,437.5448913574219,223.05381774902344,416.7778015136719,256.19476318359375,375.227294921875,285.3448181152344,326.6920166015625,307.074951171875,265.12347412109375,340.183349609375,0
4543,214.48663330078125,148.60845947265625,493.6050109863281,149.86180114746094,458.1561584472656,186.5267333984375,431.7630920410156,209.3636016845703,457.28924560546875,223.6637725830078,447.05242919921875,206.97215270996094,439.3166198730469,220.75927734375,417.82830810546875,255.70321655273438,375.3043212890625,286.1704406738281,326.0525817871094,308.2515869140625,265.3228759765625,341.4905700683594,-1
4544,214.51487731933594,148.75335693359375,493.80841064453125,149.7718048095703,461.2347717285156,184.18368530273438,434.0440368652344,207.36155700683594,459.9824523925781,221.16517639160156,450.2460021972656,204.39944458007812,442.7707214355469,217.960205078125,417.2294006347656,254.50503540039062,375.8168029785156,287.0568542480469,329.02862548828125,308.86114501953125,269.6498718261719,343.4195556640625,-1
4545,214.3500213623047,148.79583740234375,494.1499938964844,149.8890380859375,465.69000244140625,182.7547607421875,435.0830383300781,208.57339477539062,462.2563781738281,224.2031707763672,452.9417419433594,206.27772521972656,444.43731689453125,219.26089477539062,418.7841796875,254.20748901367188,376.79669189453125,286.5889892578125,330.6788330078125,312.7311706542969,270.64208984375,351.5805969238281,-1
4546,214.3662109375,148.76358032226562,494.1251525878906,149.9205780029297,465.7068786621094,182.7069854736328,435.0789794921875,208.57752990722656,462.2725524902344,224.2068328857422,452.9532470703125,206.2562255859375,444.4514465332031,219.21014404296875,418.7989196777344,254.2178497314453,376.7762451171875,286.6127014160156,330.658447265625,312.74395751953125,270.61358642578125,351.5899658203125,-1
4547,214.5204620361328,148.6542510986328,493.8803405761719,149.72671508789062,466.5751953125,185.44041442871094,435.08477783203125,209.61392211914062,462.04718017578125,227.33609008789062,452.86480712890625,208.48904418945312,443.8749694824219,221.01312255859375,417.8446044921875,254.5719757080078,376.86944580078125,286.5277099609375,332.7752990722656,311.2999572753906,273.7238464355469,346.8317565917969,-1
4548,214.45945739746094,148.76512145996094,493.24224853515625,150.1283416748047,481.2842712402344,205.68040466308594,444.1817321777344,213.4097137451172,464.068115234375,241.2283935546875,460.19732666015625,218.69227600097656,446.67401123046875,230.20172119140625,415.0896301269531,254.2250213623047,377.42572021484375,284.6291198730469,331.4717102050781,310.3826904296875,274.6468200683594,349.1968994140625,0
4549,214.44834899902344,148.74351501464844,492.8114929199219,149.8872528076172,484.6219177246094,213.9681396484375,450.20758056640625,217.51119995117188,467.0147399902344,246.79420471191406,463.29559326171875,225.9749298095703,450.1018371582031,234.8354034423828,416.7358703613281,254.38462829589844,376.5802001953125,282.8424072265625,332.05010986328125,305.4319763183594,269.7809143066406,344.4627380371094,0
4550,214.39242553710938,148.71914672851562,493.0263977050781,150.0857391357422,491.8905334472656,224.12115478515625,459.1514892578125,224.62481689453125,472.7599792480469,253.5794219970703,471.9065856933594,232.25503540039062,458.0243835449219,238.95108032226562,420.9918518066406,254.75930786132812,375.4095764160156,279.9535217285156,326.5685119628906,300.66937255859375,261.2741394042969,330.9529113769531,0
4551,214.38766479492188,148.73922729492188,493.0002746582031,150.0635223388672,495.1199035644531,229.00572204589844,464.1455383300781,226.98008728027344,474.88897705078125,256.9593811035156,474.8079528808594,235.13909912109375,460.8307189941406,243.29693603515625,424.4390563964844,255.646240234375,375.48822021484375,278.7673034667969,327.3572082519531,298.2808532714844,259.36279296875,329.4125061035156,0
4552,214.39646911621094,148.78054809570312,493.06341552734375,150.07781982421875,495.1557922363281,228.97523498535156,464.177734375,226.9946746826172,474.8515930175781,257.00048828125,474.81787109375,235.16384887695312,460.8448486328125,243.31106567382812,424.44500732421875,255.6416778564453,375.5252990722656,278.76715087890625,328.1874084472656,298.2249755859375,260.19049072265625,328.904296875,0
4553,214.64315795898438,148.6257781982422,492.99267578125,150.00230407714844,497.78912353515625,232.4440460205078,468.2172546386719,229.54934692382812,477.6501159667969,259.11920166015625,477.8252868652344,238.6856231689453,464.6964111328125,245.8123321533203,425.3153381347656,254.64114379882812,375.5302734375,277.4438171386719,326.8153381347656,296.054931640625,258.6033020019531,325.2767028808594,0
4554,214.6861114501953,148.58731079101562,492.9554748535156,149.94168090820312,506.5489807128906,234.2407989501953,473.8406982421875,232.7815399169922,484.0453186035156,264.9351806640625,485.34136962890625,243.36550903320312,470.2737731933594,248.75917053222656,426.7784729003906,255.68624877929688,376.1274108886719,274.75347900390625,326.7174987792969,290.99017333984375,257.65264892578125,316.25897216796875,0
4555,214.62965393066406,148.72543334960938,492.9241638183594,149.9675750732422,514.79443359375,240.1719970703125,479.90887451171875,236.92543029785156,486.8081359863281,268.1065368652344,491.4608154296875,246.7346954345703,477.17828369140625,250.464599609375,432.3148498535156,256.1781005859375,376.93023681640625,273.62652587890625,328.1094970703125,287.6878356933594,260.2007141113281,310.6660461425781,0
4556,214.60108947753906,148.69801330566406,492.99957275390625,149.91915893554688,514.7899780273438,240.19149780273438,479.9262390136719,236.8960723876953,486.8106994628906,268.1029357910156,491.470947265625,246.73887634277344,477.2000732421875,250.45274353027344,432.33709716796875,256.18365478515625,376.927734375,273.62744140625,328.1269226074219,287.6775817871094,260.2502136230469,310.6317443847656,0
4557,214.5800323486328,148.5826873779297,493.0397033691406,149.76760864257812,517.1156616210938,249.865478515625,485.9178161621094,237.87074279785156,489.0940856933594,269.2544860839844,494.7082824707031,248.69935607910156,480.11358642578125,251.99986267089844,435.9435729980469,255.2206573486328,380.7850341796875,272.8479919433594,336.9938049316406,288.83612060546875,296.12103271484375,303.4331359863281,0
4558,214.5873565673828,148.59872436523438,493.0614318847656,149.70352172851562,542.5209350585938,254.61154174804688,513.9817504882812,240.6321258544922,512.8041381835938,273.6924743652344,519.56103515625,254.17860412597656,504.9097595214844,254.39854431152344,452.8927917480469,253.27064514160156,393.9452819824219,270.1506652832031,346.07763671875,285.73016357421875,290.3673400878906,311.5647277832031,0
4559,214.4164581298828,148.66287231445312,493.0777893066406,149.5718536376953,557.9423828125,254.39553833007812,529.8787841796875,240.52476501464844,529.7559814453125,273.79754638671875,535.4154663085938,254.10623168945312,521.0716552734375,254.2822723388672,464.95404052734375,252.95668029785156,406.3296813964844,269.53204345703125,357.5587158203125,282.26226806640625,299.70440673828125,303.84368896484375,0
4560,214.39111328125,148.7584991455078,493.2060241699219,149.6826171875,572.5281982421875,254.656005859375,543.5018310546875,240.0433807373047,542.783203125,273.1878662109375,550.6016845703125,253.9977264404297,535.34619140625,254.85992431640625,478.1422424316406,252.8507537841797,419.0760803222656,266.6044006347656,377.0986022949219,280.26422119140625,339.9471740722656,293.1556701660156,0
4561,214.39027404785156,148.7587432861328,493.1756591796875,149.68374633789062,572.5339965820312,254.6702117919922,543.5352172851562,240.14102172851562,542.8387451171875,273.17425537109375,550.6473388671875,254.0845184326172,536.0656127929688,253.46791076660156,478.3748779296875,252.8424835205078,419.0821838378906,266.60015869140625,377.10699462890625,280.2658386230469,339.9487609863281,293.1743469238281,0
4562,214.47225952148438,148.55372619628906,493.2726135253906,149.70704650878906,585.3248291015625,253.23548889160156,555.9173583984375,239.7563934326172,556.4031372070312,273.17999267578125,563.1331787109375,252.78456115722656,548.4193115234375,253.83541870117188,493.0554504394531,252.32472229003906,432.76708984375,260.9661560058594,381.4549865722656,278.7635498046875,323.62835693359375,306.8611145019531,0
4563,214.50845336914062,148.54620361328125,493.2642822265625,149.67721557617188,611.8726806640625,260.3000183105469,587.2769775390625,245.70352172851562,585.6895141601562,276.1454162597656,592.5569458007812,258.7304382324219,577.8585205078125,258.1355285644531,522.0604248046875,250.74388122558594,461.1271057128906,259.73675537109375,413.6370849609375,268.94158935546875,356.23602294921875,291.34344482421875,0
4564,214.516845703125,148.6248321533203,493.329345703125,149.6720733642578,616.4569091796875,259.0662841796875,592.218505859375,246.14239501953125,591.0353393554688,276.7852478027344,598.8028564453125,258.9140930175781,584.74951171875,258.7708435058594,528.410400390625,253.54847717285156,468.525390625,262.712890625,418.9725036621094,274.2691955566406,361.1103515625,296.9737548828125,0
4565,214.44894409179688,148.66592407226562,493.2798767089844,149.5285186767578,625.77294921875,259.7734069824219,596.2214965820312,246.1704559326172,596.7340087890625,278.599365234375,602.8815307617188,259.424560546875,588.0819702148438,260.4547119140625,531.8887939453125,257.3311767578125,473.46612548828125,268.300048828125,422.0814208984375,281.32720947265625,363.055419921875,305.811767578125,0
4566,214.4972381591797,148.61375427246094,493.3194580078125,149.43533325195312,632.3936157226562,257.66461181640625,600.351806640625,246.53929138183594,600.224365234375,279.7967529296875,609.557373046875,260.7666320800781,593.0525512695312,262.2459411621094,535.0632934570312,263.6799011230469,480.0304260253906,274.3654479980469,429.6506042480469,289.6480712890625,378.044921875,310.3402099609375,0
4567,214.5845489501953,148.63497924804688,493.38677978515625,149.18295288085938,628.1209716796875,259.7101745605469,604.4005737304688,247.45420837402344,605.278076171875,280.0076599121094,611.7412109375,261.1773681640625,596.7224731445312,262.8564147949219,544.6328125,264.6775817871094,487.2867431640625,277.6904296875,440.2029724121094,304.36981201171875,389.9927673339844,338.8297119140625,0
4568,214.46824645996094,148.73263549804688,493.2661437988281,149.24742126464844,618.5970458984375,261.43621826171875,603.1860961914062,248.54917907714844,602.1528930664062,280.04730224609375,608.0423583984375,262.3104248046875,595.0162963867188,262.61663818359375,545.5737915039062,262.7923278808594,486.71856689453125,269.47406005859375,443.6353759765625,288.815185546875,419.719482421875,310.48687744140625,0
4569,214.39349365234375,148.96139526367188,493.1624755859375,149.31427001953125,609.8936767578125,263.5859375,599.157470703125,248.00714111328125,596.4368286132812,280.78497314453125,600.1954345703125,262.57635498046875,589.6305541992188,259.8111572265625,544.3984375,258.700439453125,484.563720703125,263.35040283203125,434.9767761230469,275.1264953613281,371.52783203125,298.09857177734375,0
4570,214.40374755859375,148.97747802734375,493.20098876953125,149.2203826904297,609.8948364257812,263.7195739746094,598.8961791992188,248.0125732421875,596.4197998046875,280.7379150390625,600.1282958984375,262.47796630859375,589.5364379882812,259.85052490234375,544.441162109375,258.9012756347656,484.5721130371094,263.3569030761719,434.9765930175781,275.1120300292969,371.43133544921875,298.14007568359375,0
4571,214.36520385742188,148.79747009277344,493.22442626953125,149.2029266357422,606.3663330078125,261.65557861328125,595.4010009765625,247.9410400390625,595.07177734375,279.4837341308594,598.105224609375,260.93603515625,587.0447387695312,259.6323547363281,541.542724609375,259.3702392578125,484.0921936035156,263.0933837890625,434.8800354003906,275.2773742675781,372.01324462890625,300.26318359375,0
4572,214.4110565185547,148.87962341308594,493.3190612792969,149.25384521484375,603.0320434570312,260.64227294921875,592.9608154296875,246.9581298828125,592.3616333007812,278.3245544433594,595.6458129882812,260.1192626953125,585.0001220703125,257.8837890625,539.4371337890625,257.84228515625,481.5942687988281,262.7376403808594,433.29010009765625,275.2261657714844,366.95550537109375,304.0151672363281,0
4573,214.4156494140625,148.9666748046875,493.1618957519531,149.22132873535156,597.5555419921875,259.1431884765625,591.3570556640625,246.53994750976562,591.6644287109375,277.2918701171875,592.54736328125,259.7459716796875,583.9912719726562,259.1600036621094,538.4450073242188,258.8453674316406,481.01544189453125,263.1289367675781,430.91461181640625,274.7271423339844,365.77459716796875,301.1750793457031,0
4574,214.43475341796875,148.91368103027344,493.10906982421875,149.17784118652344,599.555908203125,259.58056640625,588.4622192382812,246.90878295898438,588.070068359375,277.3523864746094,591.6334838867188,260.7605285644531,581.4692993164062,260.6590881347656,536.696533203125,259.33135986328125,479.1459655761719,263.3754577636719,428.6217041015625,274.1343994140625,363.03692626953125,299.9142761230469,0
4575,214.35386657714844,148.90570068359375,493.1180725097656,149.12152099609375,602.98681640625,262.185546875,590.1629638671875,247.2919921875,587.7577514648438,278.6692810058594,592.9596557617188,262.2154541015625,582.08203125,261.1871643066406,536.1761474609375,258.9459228515625,479.30181884765625,263.3688049316406,429.35333251953125,274.849365234375,363.6910095214844,302.26092529296875,0
4576,214.51763916015625,148.80690002441406,493.1892395019531,149.0948486328125,605.171142578125,265.40155029296875,593.0509033203125,249.64633178710938,589.43310546875,280.2850036621094,594.6141357421875,263.8937072753906,584.3711547851562,261.7288818359375,536.8867797851562,259.0397644042969,479.89288330078125,263.2485046386719,430.0386962890625,274.62591552734375,362.8221130371094,302.6080017089844,0
4577,214.55612182617188,148.76614379882812,493.19146728515625,149.09661865234375,605.1631469726562,265.40924072265625,593.0526733398438,249.65769958496094,589.43505859375,280.2818298339844,594.6163330078125,263.89068603515625,584.3594970703125,261.7168884277344,536.8836669921875,259.04345703125,479.8904113769531,263.24407958984375,429.9908142089844,274.6351623535156,362.7207946777344,302.6421813964844,0
4578,214.58853149414062,148.5588836669922,493.1087951660156,149.2056427001953,608.0469970703125,265.4453430175781,593.7664794921875,250.38137817382812,591.2471923828125,282.3372497558594,596.2223510742188,264.6564025878906,584.2733154296875,262.38775634765625,537.1239624023438,258.80291748046875,480.4244384765625,262.9557189941406,429.506591796875,274.1669921875,364.25494384765625,301.1822814941406,0
4579,214.61386108398438,148.59671020507812,493.0771484375,149.16590881347656,626.6561889648438,272.0189514160156,603.3396606445312,253.8925323486328,599.9868774414062,284.11865234375,607.59326171875,265.9492492675781,594.8984375,265.8314514160156,544.9117431640625,258.462890625,485.6947326660156,260.8103332519531,437.7839050292969,269.32855224609375,372.9075622558594,295.6861267089844,0
4580,214.57904052734375,148.5575714111328,493.1240234375,149.28695678710938,631.3978881835938,274.9554748535156,606.6810302734375,256.12408447265625,601.5345458984375,288.3624267578125,612.1856689453125,271.40533447265625,597.2362670898438,270.0263366699219,548.0189819335938,258.9183349609375,490.1795349121094,260.5619201660156,442.0075988769531,266.1792297363281,377.93707275390625,290.9292297363281,0
4581,214.56356811523438,148.55007934570312,493.0806884765625,149.30650329589844,638.660400390625,283.300048828125,610.8717041015625,259.388671875,603.208740234375,292.11187744140625,614.8842163085938,276.3758850097656,601.0223388671875,272.91693115234375,551.1514282226562,260.3349914550781,495.6195373535156,258.7047424316406,447.1785583496094,264.55462646484375,384.3683166503906,284.2919921875,0
4582,214.56942749023438,148.51483154296875,493.0473937988281,149.33172607421875,642.6571044921875,288.9592590332031,614.32958984375,264.6782531738281,604.8960571289062,297.3952331542969,616.5811157226562,280.91070556640625,604.2998046875,277.3980407714844,552.5234985351562,260.848876953125,498.11065673828125,257.65179443359375,448.51031494140625,261.5329284667969,388.3683776855469,280.0036926269531,0
4583,214.48915100097656,148.67161560058594,493.1026306152344,149.3585968017578,643.619384765625,292.0517883300781,612.8002319335938,265.4486083984375,603.3984375,298.27862548828125,615.7938842773438,281.42572021484375,602.5501708984375,278.6651306152344,552.1534423828125,260.0917053222656,500.5246276855469,253.5781707763672,448.8095397949219,256.02569580078125,396.4369812011719,275.6991882324219,0
4584,214.37734985351562,148.6705322265625,493.0924377441406,149.33665466308594,644.6124267578125,296.5205078125,611.827880859375,265.3725891113281,600.673828125,297.3523864746094,616.3502197265625,283.084228515625,602.315673828125,277.7579650878906,553.3328857421875,255.17506408691406,501.9390869140625,244.009033203125,456.6263122558594,236.02108764648438,402.07855224609375,243.51840209960938,0
4585,214.38668823242188,148.6248016357422,493.14202880859375,149.47137451171875,639.388427734375,297.5923156738281,610.2260131835938,261.76611328125,595.6514892578125,294.8844299316406,612.2593383789062,280.72265625,597.9983520507812,274.268798828125,554.3825073242188,253.47972106933594,503.1951599121094,244.38735961914062,456.236083984375,236.08328247070312,392.8551025390625,247.7312469482422,0
4586,214.39105224609375,148.62489318847656,493.1434020996094,149.47122192382812,639.3914794921875,297.58428955078125,610.2234497070312,261.7723388671875,595.6544189453125,294.8833923339844,612.2575073242188,280.7285461425781,598.0248413085938,274.28021240234375,554.5383911132812,253.477783203125,503.1908264160156,244.39703369140625,456.2374267578125,236.08668518066406,392.85540771484375,247.7381134033203,0
4587,214.48635864257812,148.5930633544922,493.0813293457031,149.33743286132812,635.2940063476562,303.06121826171875,609.3344116210938,263.15081787109375,590.0305786132812,293.8221435546875,608.4376220703125,281.470947265625,595.3091430664062,273.84033203125,553.6151123046875,254.20872497558594,503.6100158691406,247.27203369140625,455.0073547363281,238.81910705566406,400.7840270996094,245.82705688476562,0
4588,214.50738525390625,148.6153106689453,493.12353515625,149.447265625,627.418212890625,312.68994140625,602.11181640625,271.1019592285156,580.9735107421875,301.352294921875,601.012451171875,289.95391845703125,589.5670166015625,281.7795104980469,552.4629516601562,257.5133361816406,502.1505126953125,249.33120727539062,452.99737548828125,242.85723876953125,392.0798645019531,256.371826171875,0
4589,214.3973388671875,148.5777587890625,493.1108093261719,149.33741760253906,623.3936157226562,317.4996643066406,601.6981811523438,274.1146545410156,578.2451782226562,302.54315185546875,599.4686889648438,294.500244140625,587.0623779296875,283.91876220703125,551.6348876953125,258.4214172363281,502.63494873046875,248.69381713867188,455.4832458496094,240.90237426757812,395.47760009765625,252.01473999023438,0
4590,214.61502075195312,148.5347900390625,493.2269592285156,149.2588348388672,620.587890625,325.23663330078125,598.2227783203125,278.5835876464844,575.1841430664062,306.6321105957031,596.9354248046875,300.3057556152344,585.0089111328125,288.61920166015625,551.6343383789062,261.17791748046875,505.2530822753906,247.2257537841797,459.31304931640625,235.74398803710938,405.15130615234375,243.49169921875,0
4591,214.63185119628906,148.53134155273438,493.11376953125,149.3164520263672,616.8658447265625,327.9049987792969,595.7763671875,280.8245544433594,572.2138061523438,307.399169921875,593.7450561523438,301.64300537109375,582.2418823242188,290.57470703125,549.9784545898438,262.1193542480469,505.158203125,247.46400451660156,462.8576354980469,236.9907684326172,418.4725646972656,241.67803955078125,0
4592,214.46353149414062,148.5561981201172,493.08551025390625,149.32102966308594,613.7964477539062,331.2573547363281,592.8523559570312,282.58251953125,568.1336669921875,308.1415710449219,590.8472290039062,303.48675537109375,579.4161987304688,291.7247009277344,548.428466796875,263.1188659667969,505.5714111328125,247.3910675048828,461.1205749511719,238.97695922851562,408.43829345703125,251.96609497070312,0
4593,214.36721801757812,148.5032958984375,493.1737976074219,149.20046997070312,608.389404296875,334.20709228515625,592.0198364257812,283.1455078125,565.4009399414062,307.9498291015625,588.403076171875,304.1273193359375,577.0910034179688,292.75213623046875,548.0393676757812,262.87353515625,506.0471496582031,247.3764190673828,461.2882385253906,239.23846435546875,408.1293640136719,250.13168334960938,0
4594,214.28343200683594,148.5889129638672,493.2692565917969,149.14968872070312,604.8746948242188,336.8283386230469,589.6531372070312,284.564697265625,563.1976318359375,307.2702331542969,585.9549560546875,305.4106750488281,575.0746459960938,293.4126281738281,547.7369995117188,263.20556640625,506.9478454589844,246.61373901367188,456.2077941894531,238.55099487304688,393.41290283203125,239.91342163085938,0
4595,214.29441833496094,148.5931396484375,493.26947021484375,149.05996704101562,604.8739624023438,336.8138427734375,589.6236572265625,284.51806640625,563.2113037109375,307.29620361328125,585.9296264648438,305.357177734375,575.0559692382812,293.43011474609375,547.7326049804688,263.24005126953125,506.9424133300781,246.6265106201172,456.1868591308594,238.55792236328125,393.4088134765625,239.9049530029297,0
4596,214.3646697998047,148.60276794433594,493.16107177734375,149.17369079589844,603.4414672851562,336.8133850097656,590.50390625,284.17657470703125,561.6224975585938,305.8568420410156,585.543212890625,305.1482849121094,575.8057250976562,292.92266845703125,547.7373657226562,262.770751953125,506.87762451171875,246.3557586669922,457.17236328125,237.135498046875,391.935546875,235.71539306640625,0
4597,214.361572265625,148.62875366210938,493.1816101074219,149.16783142089844,605.6995239257812,336.19415283203125,589.5136108398438,283.6175842285156,562.6492309570312,306.81591796875,585.7600708007812,304.7204895019531,574.7684936523438,293.1976013183594,548.2122192382812,262.9622802734375,507.189697265625,245.89352416992188,456.2858581542969,234.26715087890625,388.8585510253906,223.95852661132812,0
4598,214.33609008789062,148.66883850097656,493.28338623046875,149.21063232421875,606.9915161132812,336.5273132324219,589.0030517578125,283.9855651855469,563.1466674804688,307.7934875488281,585.5292358398438,305.13427734375,576.0777587890625,294.06353759765625,547.3582153320312,263.2506408691406,506.7865905761719,245.2559356689453,455.1358337402344,233.13775634765625,388.7033386230469,223.4712371826172,0
4599,214.2414093017578,148.5573272705078,493.2122497558594,149.4395751953125,602.0236206054688,337.1538391113281,586.3165893554688,283.81011962890625,558.7645874023438,306.709228515625,582.3779296875,304.8469543457031,572.3604736328125,292.9668884277344,545.4154052734375,263.11907958984375,506.9492492675781,245.03077697753906,453.23956298828125,232.25656127929688,385.268310546875,218.95492553710938,0
4600,214.2552947998047,148.5760040283203,493.20208740234375,149.4431915283203,602.04150390625,337.1525573730469,586.3238525390625,283.8822021484375,558.7717895507812,306.7434997558594,582.3450317382812,304.87091064453125,572.38720703125,293.0144958496094,545.471923828125,263.1434020996094,506.93994140625,245.01515197753906,453.19427490234375,232.24903869628906,385.3135070800781,218.984375,0
4601,214.4114532470703,148.717529296875,493.10723876953125,149.46719360351562,597.5082397460938,338.4588317871094,585.451171875,283.81060791015625,556.0872192382812,306.2241516113281,580.4896850585938,306.155029296875,570.5172119140625,292.72625732421875,545.1737670898438,262.63348388671875,506.77911376953125,244.6125946044922,452.6866149902344,232.228759765625,384.27557373046875,218.43179321289062,0
4602,214.30743408203125,148.57432556152344,493.2136535644531,149.33346557617188,594.256103515625,341.40509033203125,583.771728515625,284.90179443359375,553.730712890625,306.8836364746094,578.4964599609375,308.1136779785156,568.5698852539062,293.7449645996094,544.835693359375,263.1990661621094,506.98016357421875,244.14425659179688,453.3476257324219,231.90850830078125,384.3418273925781,218.8373260498047,0
4603,214.2998046875,148.622314453125,493.1972961425781,149.4445343017578,597.1723022460938,342.3161315917969,584.258544921875,286.0805969238281,553.185546875,308.2042236328125,578.96630859375,309.421142578125,568.6800537109375,294.46844482421875,544.6498413085938,262.9629821777344,507.2290344238281,243.99551391601562,453.04754638671875,231.6522216796875,385.33990478515625,219.19183349609375,0
4604,214.26353454589844,148.69366455078125,493.20196533203125,149.43508911132812,597.1454467773438,342.32537841796875,584.2569580078125,286.0830078125,553.201904296875,308.21484375,578.9932250976562,309.4350891113281,568.705322265625,294.5130310058594,544.779296875,263.0504150390625,507.40350341796875,244.08998107910156,453.146240234375,231.6738739013672,385.3416442871094,219.1910400390625,0
4605,214.23431396484375,148.68075561523438,493.1838684082031,149.45620727539062,594.4766235351562,345.1883544921875,584.4495849609375,288.6159973144531,553.2677612304688,311.4210510253906,577.3042602539062,313.27557373046875,568.8223876953125,299.714599609375,544.8740844726562,264.2840576171875,506.53118896484375,243.69789123535156,451.7189636230469,231.26939392089844,383.7644958496094,219.04214477539062,0
4606,214.23377990722656,148.6820831298828,493.20684814453125,149.42117309570312,594.4793701171875,345.19256591796875,584.42919921875,288.6306457519531,553.2734985351562,311.4228210449219,577.2992553710938,313.2881164550781,568.8218383789062,299.7356872558594,544.9225463867188,264.30780029296875,506.5425720214844,243.69827270507812,451.729248046875,231.27090454101562,383.6458740234375,219.0139923095703,0
4607,214.2854766845703,148.73072814941406,493.2690734863281,149.37745666503906,592.9964599609375,345.5059509277344,582.2455444335938,288.78131103515625,551.3838500976562,312.51263427734375,575.8943481445312,312.4300842285156,567.6521606445312,299.4365539550781,543.9650268554688,263.91644287109375,506.60540771484375,243.6024627685547,451.3556823730469,231.31455993652344,383.6798400878906,219.17739868164062,0
4608,214.3129119873047,148.739990234375,493.32757568359375,149.3968505859375,591.1583862304688,343.7121276855469,578.8049926757812,286.7292785644531,547.8539428710938,310.1509704589844,574.3897094726562,310.1200866699219,563.682373046875,297.4361572265625,541.6181030273438,262.81805419921875,506.16778564453125,243.1218719482422,451.1260986328125,231.41192626953125,384.1477355957031,219.302734375,0
4609,214.4005126953125,148.6298065185547,493.39422607421875,149.36184692382812,590.7355346679688,340.2859191894531,576.7042236328125,284.6194152832031,546.7981567382812,307.7044677734375,571.9181518554688,307.9576416015625,562.089599609375,295.528076171875,540.4443359375,261.856689453125,505.776123046875,242.90975952148438,449.96600341796875,231.33953857421875,381.6591796875,218.79779052734375,0
4610,214.31639099121094,148.7572479248047,493.43389892578125,149.3323974609375,588.9317016601562,339.95953369140625,579.5191650390625,283.58758544921875,547.3468017578125,306.2330017089844,572.015869140625,307.4656066894531,563.9749755859375,295.1568908691406,541.5086059570312,261.77728271484375,506.1190185546875,242.78359985351562,450.240478515625,231.34568786621094,382.47686767578125,218.92446899414062,0
4611,214.3138885498047,148.75653076171875,493.37628173828125,149.35983276367188,588.9270629882812,339.9659729003906,579.4984130859375,283.5965270996094,547.3094482421875,306.17462158203125,571.93798828125,307.49664306640625,563.8269653320312,295.18817138671875,541.3265380859375,261.6584777832031,506.0892639160156,242.78245544433594,450.2346496582031,231.35714721679688,382.4854431152344,218.92587280273438,0
4612,214.2778778076172,148.6258544921875,493.2837219238281,149.4337158203125,594.7067260742188,335.2848815917969,577.9061889648438,280.5918884277344,547.8417358398438,306.83270263671875,572.3541259765625,304.1029968261719,563.0642700195312,292.7491455078125,540.509521484375,261.4086608886719,505.37579345703125,242.60546875,450.2875061035156,231.42921447753906,382.4272766113281,218.72555541992188,0
4613,214.42495727539062,148.71412658691406,493.3110046386719,149.4748077392578,611.6705322265625,318.843994140625,577.7041015625,275.1483459472656,559.7059936523438,309.744873046875,580.9053955078125,298.11279296875,567.9879760742188,291.0238952636719,537.841552734375,262.92254638671875,505.29107666015625,242.0713653564453,449.8694152832031,231.30848693847656,381.9922790527344,219.0675048828125,0
4614,214.29180908203125,148.59490966796875,493.3218078613281,149.29541015625,617.9109497070312,319.71221923828125,584.0151977539062,273.2146301269531,564.6444091796875,309.3138427734375,585.1419067382812,297.3888854980469,572.416259765625,290.5028381347656,538.4718017578125,262.5972595214844,505.2327880859375,241.9602813720703,448.9852294921875,231.12680053710938,383.0303649902344,219.12318420410156,0
4615,214.2484588623047,148.6420440673828,493.2160949707031,149.44761657714844,625.8309326171875,319.04522705078125,589.3267211914062,273.62615966796875,570.6188354492188,309.6758117675781,591.3117065429688,296.2176513671875,576.8745727539062,289.4474792480469,540.2245483398438,262.2681579589844,504.928955078125,241.73638916015625,447.7629699707031,230.9406280517578,380.30462646484375,219.17449951171875,0
4616,214.28921508789062,148.59324645996094,493.2379455566406,149.43194580078125,625.7825927734375,319.08502197265625,589.3589477539062,273.6553649902344,570.6203002929688,309.66656494140625,591.2835083007812,296.28948974609375,576.8377685546875,289.412109375,540.1923217773438,262.22705078125,504.9483337402344,241.68939208984375,447.8667297363281,230.93878173828125,380.38812255859375,219.19888305664062,0
4617,214.16162109375,148.51077270507812,493.18157958984375,149.3971710205078,634.8711547851562,316.6423645019531,594.9652099609375,275.59130859375,579.9948120117188,311.1410827636719,599.248779296875,297.2574768066406,584.3821411132812,291.1751403808594,542.6111450195312,263.3306579589844,504.07696533203125,240.90029907226562,446.72491455078125,230.5155792236328,379.15863037109375,219.7086181640625,0
4618,214.1372833251953,148.4922332763672,493.2248229980469,149.51016235351562,618.4722900390625,269.7146911621094,573.6192016601562,261.6622619628906,587.4498291015625,302.1303405761719,589.8599243164062,278.18121337890625,576.0499267578125,282.3777770996094,538.2720947265625,264.4814453125,502.428955078125,240.29165649414062,449.03631591796875,218.37551879882812,385.64776611328125,202.21022033691406,0
4619,214.2322998046875,148.4678192138672,493.20654296875,149.43701171875,611.7627563476562,249.09230041503906,565.5056762695312,256.6601257324219,587.3494262695312,292.2396545410156,584.5635375976562,266.98284912109375,569.8438720703125,277.5978088378906,535.2782592773438,265.9230041503906,500.7352294921875,240.9951171875,447.0014953613281,219.59141540527344,385.1782531738281,201.05288696289062,0
4620,214.13302612304688,148.43043518066406,493.27447509765625,149.47450256347656,608.2858276367188,231.36114501953125,561.5081787109375,241.55931091308594,585.6602783203125,278.2567138671875,580.7691040039062,253.53810119628906,567.4405517578125,264.9468994140625,536.9044189453125,265.1292724609375,501.2174377441406,242.49725341796875,446.700439453125,220.25282287597656,383.427001953125,200.559326171875,0
4621,214.14598083496094,148.59471130371094,493.2834777832031,149.44630432128906,611.591796875,225.42066955566406,560.366455078125,236.73880004882812,586.5582885742188,272.14532470703125,581.177490234375,246.35711669921875,567.8735961914062,258.8135986328125,537.2490844726562,265.7981262207031,500.65283203125,242.52931213378906,445.5220947265625,219.23867797851562,381.78277587890625,201.36260986328125,0
4622,214.23025512695312,148.58758544921875,493.36688232421875,149.3467254638672,615.2418823242188,222.3092803955078,564.4082641601562,232.4398651123047,586.0153198242188,267.8399353027344,584.0643920898438,241.3408966064453,569.8455810546875,251.60003662109375,537.682373046875,263.9871520996094,499.7978210449219,242.4484100341797,445.7720947265625,219.2399444580078,383.4398193359375,200.5021514892578,0
4623,214.16677856445312,148.76336669921875,493.4025573730469,149.297119140625,618.7864379882812,218.9088592529297,567.3345336914062,229.4999542236328,586.9695434570312,264.9122009277344,585.8678588867188,238.3042449951172,571.9930419921875,249.68453979492188,537.9672241210938,262.4994812011719,499.4057922363281,242.93453979492188,445.5403747558594,219.15171813964844,383.4972839355469,201.56947326660156,0
4624,214.1931610107422,148.71200561523438,493.4474792480469,149.3563690185547,622.96826171875,213.80288696289062,571.3048706054688,225.64418029785156,594.3169555664062,259.1113586425781,590.9532470703125,232.78868103027344,576.1383056640625,244.6353759765625,540.1951904296875,261.356689453125,496.9518737792969,243.2852020263672,443.7806396484375,218.43649291992188,380.8083190917969,201.18775939941406,0
4625,214.18971252441406,148.7110137939453,493.45025634765625,149.3639678955078,622.9677734375,213.8021697998047,571.3030395507812,225.6449737548828,594.3030395507812,259.11962890625,590.9544677734375,232.80282592773438,576.1422119140625,244.62420654296875,540.2072143554688,261.3480529785156,496.95440673828125,243.28810119628906,443.80169677734375,218.43565368652344,380.8310852050781,201.20074462890625,0
4626,214.2162628173828,148.52655029296875,493.4903564453125,149.3845977783203,621.8248291015625,211.4016571044922,572.283935546875,223.6514434814453,594.87158203125,254.7073974609375,591.5117797851562,229.42950439453125,576.9170532226562,241.97982788085938,540.2487182617188,260.7483215332031,493.6551208496094,244.07772827148438,440.8467712402344,217.81109619140625,379.8420104980469,200.53553771972656,0
4627,214.23345947265625,148.4403533935547,493.42547607421875,149.25294494628906,620.59130859375,214.03565979003906,575.8062133789062,220.7182159423828,595.2088623046875,251.75254821777344,592.4933471679688,229.62570190429688,577.8898315429688,238.91079711914062,538.0811157226562,260.071044921875,490.5329895019531,245.94503784179688,438.3147888183594,217.9247283935547,378.1933288574219,199.05836486816406,0
4628,214.37596130371094,148.56309509277344,493.4543762207031,149.30975341796875,617.8126831054688,216.14955139160156,575.33447265625,221.85792541503906,593.9024658203125,251.95040893554688,590.8680419921875,229.49066162109375,577.22021484375,239.37905883789062,537.5847778320312,260.0406188964844,489.8855285644531,246.687744140625,437.3877258300781,218.92857360839844,376.2698669433594,197.70285034179688,0
4629,214.27001953125,148.57339477539062,493.4275817871094,149.2784423828125,617.211669921875,219.38186645507812,577.5879516601562,222.1003875732422,595.8781127929688,252.35348510742188,593.097900390625,231.8669891357422,578.710693359375,240.17103576660156,538.3446044921875,259.6082763671875,489.6700134277344,246.98622131347656,437.0747985839844,219.0138397216797,376.30999755859375,197.4816131591797,0
4630,214.1459197998047,148.6345977783203,493.1335754394531,149.60806274414062,613.8544311523438,223.4684295654297,585.9937744140625,223.65042114257812,599.3704833984375,252.58302307128906,597.1134033203125,233.89979553222656,583.885498046875,241.189697265625,540.8113403320312,257.2004699707031,489.176513671875,246.98001098632812,436.7969970703125,219.0167236328125,374.9905090332031,196.28134155273438,0
4631,214.15646362304688,148.58856201171875,493.1183166503906,149.6201934814453,613.8617553710938,223.4677734375,585.9932861328125,223.6482391357422,599.372314453125,252.5854949951172,597.1102905273438,233.89523315429688,583.8900146484375,241.19088745117188,540.8316650390625,257.1997985839844,489.1688537597656,246.98541259765625,436.78668212890625,219.03842163085938,374.6988220214844,196.26092529296875,0
4632,214.197021484375,148.4615478515625,493.21868896484375,149.6339874267578,614.187255859375,222.202880859375,587.2581176757812,223.48487854003906,602.2024536132812,252.00308227539062,599.2845458984375,233.35182189941406,586.0703735351562,240.60650634765625,544.2155151367188,257.6101989746094,488.3907470703125,247.7581329345703,436.3261413574219,220.17031860351562,375.93634033203125,196.46722412109375,0
4633,214.1573028564453,148.513916015625,493.4172668457031,149.53289794921875,618.0283203125,218.0426483154297,589.2905883789062,221.45111083984375,605.0213623046875,250.7344207763672,600.7540893554688,230.4781036376953,588.2111206054688,237.2984161376953,546.8390502929688,257.57940673828125,488.9068908691406,250.83982849121094,436.30352783203125,223.68772888183594,378.9752197265625,200.7410888671875,0
4634,214.1524200439453,148.6348876953125,493.4892272949219,149.64369201660156,639.1714477539062,213.4559783935547,600.8884887695312,212.48121643066406,616.5454711914062,242.45953369140625,614.777099609375,221.73890686035156,600.6478271484375,230.61888122558594,555.7869873046875,254.17391967773438,496.5708923339844,258.3231506347656,442.6445007324219,241.02708435058594,388.2281799316406,225.2330780029297,0
4635,214.1474151611328,148.6453094482422,493.48455810546875,149.63717651367188,639.1507568359375,213.444580078125,600.93701171875,212.31008911132812,616.5440063476562,242.41390991210938,614.7820434570312,221.7065887451172,600.6759033203125,230.5878143310547,555.7786865234375,254.15335083007812,496.5561828613281,258.3190002441406,442.45782470703125,240.98812866210938,388.1089782714844,225.103271484375,0
4636,214.21240234375,148.6619415283203,493.3973388671875,149.64627075195312,639.4597778320312,211.6400146484375,600.399169921875,210.56597900390625,615.2838134765625,240.51025390625,615.158935546875,220.0654754638672,600.0555419921875,229.11936950683594,556.7088623046875,252.29896545410156,498.1864929199219,259.90118408203125,443.4619445800781,245.78805541992188,387.161865234375,231.4151153564453,0
4637,214.19203186035156,148.5990447998047,493.4171142578125,149.60443115234375,624.7710571289062,219.11456298828125,599.0267333984375,213.66468811035156,613.4168701171875,244.0006103515625,610.7823486328125,225.2770538330078,598.0335083007812,232.18447875976562,554.58642578125,250.9523468017578,496.4750671386719,258.93218994140625,441.4914855957031,246.56851196289062,383.3127746582031,231.7309112548828,0
4638,214.15823364257812,148.6216278076172,493.3043212890625,149.54800415039062,611.7079467773438,225.25320434570312,595.1707763671875,218.89419555664062,609.7488403320312,248.9225311279297,603.5339965820312,229.00955200195312,594.4710083007812,236.92897033691406,552.681884765625,251.12449645996094,491.855224609375,255.58383178710938,441.4667663574219,239.81678771972656,387.9736633300781,223.1494140625,0
4639,214.2677764892578,148.63211059570312,493.52056884765625,149.4770965576172,605.9701538085938,225.34503173828125,588.639892578125,224.1998748779297,602.2446899414062,252.03665161132812,598.0831909179688,233.1102294921875,588.64013671875,240.01547241210938,545.1884155273438,252.84805297851562,488.7420654296875,249.1890411376953,436.30682373046875,226.14321899414062,373.00445556640625,198.31692504882812,0
4640,214.27183532714844,148.66262817382812,493.4215087890625,149.51588439941406,606.0507202148438,225.28256225585938,588.5869140625,224.1163330078125,602.2970581054688,252.0862274169922,598.097900390625,233.07272338867188,588.7603759765625,240.18418884277344,545.243896484375,252.79531860351562,488.75164794921875,249.18789672851562,436.3062744140625,226.1429443359375,373.03216552734375,198.33575439453125,0
4641,214.32933044433594,148.76466369628906,493.51385498046875,149.47605895996094,607.89208984375,224.58428955078125,589.5823364257812,223.89340209960938,602.6222534179688,252.16441345214844,599.4996337890625,233.32235717773438,588.3529663085938,238.4156494140625,545.13037109375,252.47412109375,488.0549621582031,249.7596435546875,435.5433044433594,228.94674682617188,373.1520080566406,198.67747497558594,0
4642,214.36502075195312,148.76011657714844,493.51519775390625,149.53346252441406,608.7739868164062,228.8162384033203,593.0154418945312,226.36585998535156,603.9112548828125,256.3308410644531,600.7537231445312,236.2252960205078,590.8721923828125,243.90992736816406,546.4057006835938,253.55270385742188,489.5135803222656,251.08493041992188,436.27984619140625,230.07989501953125,373.8898620605469,198.6683807373047,0
4643,214.36459350585938,148.51242065429688,493.4494934082031,149.4639892578125,606.6642456054688,238.07203674316406,594.4282836914062,228.8671112060547,603.07080078125,260.16510009765625,600.8345947265625,241.9222869873047,591.2613525390625,244.2266082763672,546.440673828125,252.19036865234375,488.18072509765625,251.22640991210938,435.5709228515625,230.34701538085938,373.1761474609375,198.78631591796875,0
4644,214.27053833007812,148.4811248779297,493.6422424316406,149.4318084716797,606.004638671875,253.5076141357422,600.7650756835938,241.61492919921875,596.579833984375,272.0543212890625,600.130859375,255.3664093017578,590.2406616210938,252.19064331054688,546.4823608398438,249.67529296875,488.2497253417969,246.0732421875,434.7472229003906,224.59190368652344,372.98248291015625,197.15216064453125,0
4645,214.26258850097656,148.47349548339844,493.60888671875,149.45460510253906,605.9971923828125,253.4883270263672,600.7586669921875,241.61524963378906,596.5828857421875,272.05780029296875,600.1292724609375,255.3482208251953,590.24658203125,252.1674346923828,546.5201416015625,249.69654846191406,488.2509765625,246.07119750976562,434.70501708984375,224.57345581054688,372.8941955566406,197.06719970703125,0
4646,214.3417205810547,148.68060302734375,493.6369323730469,149.451416015625,607.6693725585938,258.5043640136719,600.1401977539062,244.689208984375,594.6964721679688,275.1951904296875,600.9259033203125,258.22161865234375,588.7217407226562,255.22547912597656,544.43115234375,249.83934020996094,487.71051025390625,243.41287231445312,433.631103515625,222.5054168701172,372.2297668457031,195.329833984375,0
4647,214.25872802734375,148.79249572753906,493.6805114746094,149.56100463867188,607.2314453125,267.8614196777344,601.759521484375,251.59365844726562,592.7219848632812,281.5113830566406,600.3528442382812,266.1708984375,588.8853149414062,261.1928405761719,543.4439086914062,252.55918884277344,488.29107666015625,244.0877685546875,435.1050720214844,223.41787719726562,372.19854736328125,195.77032470703125,0
4648,214.31295776367188,148.77767944335938,493.607666015625,149.50079345703125,607.054443359375,279.5501403808594,603.310791015625,256.0591125488281,589.3819580078125,285.2999572753906,600.0364990234375,271.8467102050781,588.8922119140625,265.757080078125,543.9166259765625,253.96096801757812,489.20379638671875,244.2745819091797,435.6752014160156,222.84469604492188,372.24810791015625,195.40969848632812,0
4649,214.1117401123047,148.78627014160156,493.54095458984375,149.67083740234375,600.5133666992188,306.6474914550781,605.8313598632812,274.9385070800781,580.07666015625,293.7042541503906,596.1904296875,288.3573913574219,588.525390625,279.0799255371094,547.8838500976562,255.20335388183594,490.7442932128906,240.9164276123047,436.5623474121094,218.94036865234375,375.81463623046875,192.9592742919922,0
4650,214.1811981201172,148.81455993652344,493.5389099121094,149.67088317871094,600.5118408203125,306.65155029296875,605.861328125,274.8429870605469,580.0814819335938,293.5340576171875,596.2194213867188,288.25543212890625,588.39794921875,278.9171142578125,547.6863403320312,255.20364379882812,490.7697448730469,240.90652465820312,436.562255859375,218.94384765625,375.825927734375,192.9683380126953,0
4651,214.1431427001953,148.5672149658203,493.56744384765625,149.58322143554688,598.1567993164062,315.15692138671875,603.4924926757812,284.834716796875,576.72021484375,299.9981994628906,593.3375244140625,297.0282897949219,587.9603271484375,285.17578125,549.53173828125,255.94908142089844,493.7806701660156,238.6250762939453,439.7713623046875,216.74908447265625,380.7492370605469,193.0892791748047,0
4652,214.122314453125,148.60328674316406,493.5245666503906,149.57705688476562,587.015380859375,328.5399169921875,602.1447143554688,298.3188171386719,570.5447998046875,306.7402038574219,585.2323608398438,307.8077697753906,583.6283569335938,296.9574890136719,554.5050659179688,260.64849853515625,497.9606628417969,237.63980102539062,442.09722900390625,211.8025665283203,384.4463195800781,187.15196228027344,0
4653,214.11639404296875,148.74618530273438,493.48492431640625,149.64505004882812,577.8399047851562,330.53192138671875,600.8916015625,304.6768798828125,567.9956665039062,308.64752197265625,582.6505126953125,312.69488525390625,581.6336059570312,301.72576904296875,559.3353271484375,264.1781005859375,500.9039001464844,237.73001098632812,448.88037109375,213.99221801757812,389.0753173828125,189.00320434570312,0
4654,214.0054168701172,148.6622772216797,493.34954833984375,149.7766876220703,567.4279174804688,340.181640625,592.8848266601562,318.9891357421875,559.611572265625,316.3145446777344,573.2720336914062,323.122314453125,575.2711181640625,312.13751220703125,560.8543090820312,268.5933837890625,508.1064453125,238.22500610351562,459.8549499511719,221.84671020507812,402.5853576660156,205.19911193847656,0
4655,213.999755859375,148.67503356933594,493.3486328125,149.77474975585938,567.4229125976562,340.2059631347656,592.8927001953125,319.007568359375,559.5659790039062,316.3080749511719,573.2489624023438,323.22564697265625,575.275146484375,312.20068359375,560.932861328125,268.487060546875,508.12286376953125,238.2301025390625,459.8271789550781,221.8356170654297,402.5617370605469,205.19757080078125,0
4656,213.90304565429688,148.5465850830078,493.4808044433594,149.56173706054688,563.6427001953125,347.2427978515625,591.4013671875,327.6022644042969,554.8897094726562,322.4070739746094,569.3199462890625,330.29290771484375,571.5303344726562,318.8241882324219,563.1083984375,273.5835266113281,514.275390625,238.16058349609375,466.8179931640625,224.04702758789062,410.6308288574219,209.29583740234375,0
4657,213.88401794433594,148.5965576171875,493.38214111328125,149.69979858398438,559.9781494140625,371.9312438964844,585.4374389648438,347.96148681640625,553.5040283203125,340.93475341796875,564.0797729492188,349.7220764160156,567.479248046875,336.5276184082031,563.215087890625,284.7354431152344,527.09521484375,239.91355895996094,488.4604797363281,230.96884155273438,440.6632385253906,216.4362335205078,0
4658,213.8712921142578,148.70689392089844,493.3300476074219,149.5898895263672,558.8426513671875,382.594482421875,585.332275390625,357.25811767578125,551.8211669921875,350.4122314453125,565.0237426757812,359.4194030761719,567.0411376953125,347.64898681640625,566.7516479492188,291.6768493652344,537.01953125,241.41334533691406,500.7655944824219,231.7786102294922,455.14080810546875,220.87301635742188,0
4659,213.8757781982422,148.58795166015625,493.2855224609375,149.5386505126953,556.0867919921875,402.3749694824219,584.6408081054688,374.5758056640625,551.3507080078125,366.06671142578125,563.900634765625,377.2291259765625,566.8735961914062,363.87103271484375,567.6878051757812,308.5270080566406,555.7908325195312,248.029052734375,523.6624145507812,226.36041259765625,470.0974426269531,219.802978515625,0
4660,213.90586853027344,148.5599822998047,493.2598571777344,149.5326690673828,556.0884399414062,402.3733215332031,584.6408081054688,374.5484313964844,551.3681640625,366.0498962402344,563.9210205078125,377.2096862792969,566.898681640625,363.8357238769531,567.6709594726562,308.5664978027344,555.7674560546875,248.04483032226562,523.634521484375,226.35052490234375,470.0916442871094,219.80934143066406,0
4661,213.97804260253906,148.52670288085938,493.1519775390625,149.58682250976562,552.1203002929688,400.7972106933594,583.4219970703125,379.0587158203125,549.8213500976562,367.9176940917969,560.2609252929688,380.25079345703125,565.4351806640625,367.0865478515625,569.2459716796875,313.4766540527344,565.525634765625,255.39840698242188,531.7799072265625,230.6070556640625,475.244873046875,221.6034698486328,0
4662,214.05511474609375,148.5157012939453,493.23114013671875,149.47352600097656,560.4854125976562,381.5029296875,583.0804443359375,374.6669006347656,549.8257446289062,364.6368103027344,561.3390502929688,372.7652587890625,566.9592895507812,362.4207458496094,577.4158935546875,312.9644775390625,578.4511108398438,254.17225646972656,554.5012817382812,222.63006591796875,507.7005615234375,208.4315948486328,0
4663,214.16758728027344,148.639404296875,493.4202880859375,149.27284240722656,566.869140625,371.89849853515625,582.7879638671875,367.5325927734375,549.8792114257812,355.742919921875,563.894775390625,364.5006408691406,566.5594482421875,355.40313720703125,578.252685546875,309.01318359375,582.8790893554688,248.54685974121094,555.8150634765625,215.81814575195312,509.4208068847656,199.73963928222656,0
4664,214.35679626464844,148.75634765625,493.2589111328125,149.143310546875,568.46484375,366.08734130859375,581.4684448242188,360.7462463378906,549.498046875,349.4911804199219,563.1805419921875,357.0401611328125,566.2738647460938,347.2330322265625,577.1962280273438,300.7757873535156,583.5563354492188,244.7301025390625,563.7175903320312,212.88905334472656,528.5111694335938,200.395263671875,0
4665,214.35702514648438,148.7563934326172,493.2587585449219,149.14378356933594,568.4070434570312,366.1015625,581.4324951171875,360.7654724121094,549.4656982421875,349.5074462890625,563.1593017578125,357.0335693359375,565.1187744140625,347.2109069824219,577.0562133789062,300.68426513671875,583.5165405273438,244.69261169433594,563.7093505859375,212.86705017089844,528.5153198242188,200.40879821777344,0
4666,214.25694274902344,148.74107360839844,493.2234802246094,149.32931518554688,552.976806640625,361.4012145996094,580.0897216796875,357.3990173339844,546.726318359375,343.9737243652344,559.8546142578125,351.8276062011719,564.7803344726562,343.06793212890625,576.847900390625,297.1864318847656,587.3231811523438,241.21583557128906,576.4481811523438,204.70123291015625,544.5601196289062,187.46328735351562,0
4667,214.1871337890625,148.7430419921875,493.22833251953125,149.38442993164062,559.6187133789062,366.26544189453125,582.74267578125,360.43145751953125,550.1552124023438,349.2041320800781,561.1888427734375,358.1362609863281,567.3427734375,346.8790283203125,576.431640625,299.5072326660156,586.9187622070312,241.36119079589844,574.5125732421875,207.6121063232422,543.8209228515625,192.74722290039062,0
4668,214.1309356689453,148.59361267089844,493.35272216796875,149.63902282714844,561.110107421875,368.1796569824219,584.7653198242188,363.2041015625,552.2935791015625,351.1991882324219,563.1458129882812,359.85491943359375,567.722412109375,348.7668762207031,577.4088134765625,301.1183166503906,584.78173828125,244.3004608154297,568.8515014648438,210.55503845214844,532.4842529296875,196.0471649169922,0
4669,214.2440185546875,148.69981384277344,493.2191162109375,149.61154174804688,562.8380126953125,369.0857238769531,586.7373046875,362.3966369628906,553.6561279296875,352.8606262207031,566.3257446289062,361.0285949707031,570.2843627929688,350.2144470214844,579.139892578125,300.91973876953125,584.2037963867188,243.26976013183594,565.8412475585938,210.70358276367188,526.71728515625,196.49282836914062,0
4670,214.23463439941406,148.69236755371094,493.294677734375,149.69125366210938,573.6668090820312,363.64581298828125,591.0975952148438,357.3008117675781,555.8793334960938,350.35113525390625,569.9708251953125,354.7981872558594,573.091064453125,347.03448486328125,579.7347412109375,299.43023681640625,583.8031005859375,242.44154357910156,567.5562744140625,209.53468322753906,530.7406616210938,196.2188262939453,0
4671,214.21673583984375,148.6765899658203,492.7486572265625,149.85752868652344,585.0482177734375,355.1165466308594,590.252685546875,347.2850341796875,555.4702758789062,339.5520935058594,574.4132080078125,344.72296142578125,572.5747680664062,338.5989074707031,580.3211059570312,291.6393737792969,586.2626342773438,233.4612579345703,580.9652099609375,198.72972106933594,550.1390380859375,178.82244873046875,0
4672,214.21688842773438,148.67605590820312,492.7518310546875,149.84909057617188,585.0431518554688,355.11151123046875,590.2568969726562,347.3128662109375,555.4789428710938,339.5512390136719,574.4185180664062,344.7135314941406,572.590576171875,338.5935363769531,580.3545532226562,291.64691162109375,586.2611694335938,233.45977783203125,580.9639282226562,198.72286987304688,550.138427734375,178.82247924804688,0
4673,214.10572814941406,148.6141357421875,493.097412109375,149.48606872558594,574.6549072265625,349.5232849121094,588.674072265625,344.045654296875,555.2494506835938,335.2064208984375,570.1154174804688,341.6630554199219,571.7518310546875,334.06396484375,580.3461303710938,288.8153991699219,587.8045043945312,232.23216247558594,592.51513671875,194.52972412109375,559.6919555664062,167.4770050048828,0
4674,214.34268188476562,148.4607391357422,492.70819091796875,149.329345703125,569.3411254882812,348.23602294921875,584.6634521484375,344.1839599609375,551.9429931640625,333.2414245605469,566.677490234375,339.7613830566406,569.2492065429688,330.8388977050781,579.53662109375,287.49249267578125,587.9591674804688,230.07489013671875,604.3218994140625,175.45367431640625,603.046630859375,134.08758544921875,0
4675,214.4095001220703,148.57180786132812,492.5823059082031,149.53614807128906,565.1911010742188,347.7748107910156,584.4895629882812,345.13763427734375,552.6469116210938,332.88616943359375,564.7473754882812,340.87554931640625,567.7457275390625,331.2727355957031,579.5850830078125,287.2198486328125,587.981689453125,229.58126831054688,608.139892578125,167.7027130126953,601.23828125,108.38368225097656,0
4676,214.4789276123047,148.68185424804688,492.70831298828125,149.51673889160156,555.5192260742188,345.97802734375,583.1941528320312,347.5113525390625,553.501953125,332.8302307128906,562.4844360351562,341.97479248046875,570.2780151367188,334.3879699707031,583.715576171875,288.03253173828125,587.8604736328125,230.2304229736328,603.2328491210938,170.82763671875,593.9421997070312,113.08900451660156,0
4677,214.4699249267578,148.7008819580078,492.7182312011719,149.51785278320312,555.540283203125,345.95904541015625,583.2106323242188,347.53466796875,553.5465698242188,332.9658508300781,562.47265625,342.0565490722656,570.3466796875,334.4852294921875,583.7086791992188,288.025634765625,587.8777465820312,230.23416137695312,603.2097778320312,170.92202758789062,593.9677124023438,113.33258056640625,0
4678,214.51531982421875,148.61578369140625,492.73345947265625,149.52081298828125,555.7611083984375,342.0807189941406,579.7455444335938,347.88787841796875,555.3001708984375,329.7993469238281,561.6065063476562,338.9801940917969,569.9974975585938,332.75927734375,584.3941650390625,288.19989013671875,588.9826049804688,230.7095489501953,601.9562377929688,171.97610473632812,592.4631958007812,112.428955078125,0
4679,214.41009521484375,148.69924926757812,492.78948974609375,149.59022521972656,549.1315307617188,335.43048095703125,576.1796264648438,346.822998046875,554.5205688476562,325.8646240234375,557.9595947265625,336.3717346191406,567.1604614257812,329.3495788574219,585.791748046875,286.987060546875,589.3576049804688,229.79306030273438,603.5383911132812,164.9937744140625,592.701171875,105.23313903808594,0
4680,214.22763061523438,148.5668182373047,492.80706787109375,149.47598266601562,546.7135620117188,336.1728820800781,575.225341796875,348.1088562011719,552.7366943359375,325.845458984375,556.49560546875,333.9649963378906,565.97119140625,329.673583984375,585.801025390625,287.1874694824219,589.4273071289062,230.15438842773438,602.5464477539062,165.9411163330078,593.267578125,105.60458374023438,0
4681,214.28114318847656,148.70335388183594,492.8304748535156,149.46730041503906,546.2162475585938,340.9048767089844,576.927490234375,349.4485168457031,552.9506225585938,328.9632873535156,557.0741577148438,337.611572265625,566.4453125,331.5885009765625,585.505859375,288.65240478515625,589.4420166015625,230.54052734375,602.5037841796875,165.3776092529297,592.6213989257812,105.70948791503906,0
4682,214.2866973876953,148.69747924804688,492.82757568359375,149.45556640625,546.2296142578125,340.9561767578125,576.9967651367188,349.4350891113281,552.992919921875,329.0128173828125,557.11181640625,337.6414794921875,566.497802734375,331.5451354980469,585.5791625976562,288.350830078125,589.4700927734375,230.65647888183594,602.5119018554688,165.32464599609375,592.60009765625,105.62157440185547,0
4683,214.3182373046875,148.55047607421875,492.8106689453125,149.46014404296875,546.7485961914062,345.80157470703125,578.4784545898438,349.5942687988281,552.4920654296875,330.8557434082031,557.3878173828125,340.0284423828125,567.0697021484375,332.6370849609375,585.8678588867188,288.623291015625,589.71875,231.03890991210938,602.0077514648438,167.5142059326172,593.1898193359375,105.8824462890625,0
4684,214.24159240722656,148.6355743408203,492.97589111328125,149.26942443847656,547.5519409179688,351.3123779296875,579.8099975585938,354.29693603515625,555.3209838867188,334.3636474609375,558.78369140625,346.2944030761719,568.0344848632812,336.65496826171875,584.7576904296875,291.2893981933594,589.749267578125,232.14109802246094,601.4523315429688,171.53395080566406,592.0595703125,106.94721984863281,0
4685,214.36976623535156,148.5353240966797,492.87872314453125,149.23155212402344,544.91357421875,352.9072570800781,578.8245239257812,356.517333984375,554.984619140625,336.8943786621094,556.8424682617188,347.0488586425781,567.3448486328125,339.8868103027344,584.5924682617188,292.9977111816406,590.0253295898438,232.61767578125,601.6455688476562,171.75234985351562,592.2958984375,107.11227416992188,0
4686,214.14505004882812,148.6141357421875,493.0442199707031,149.40553283691406,541.7045288085938,358.12811279296875,577.1893310546875,362.46832275390625,552.5400390625,343.32086181640625,555.2108154296875,353.8642578125,565.5280151367188,345.14654541015625,584.7973022460938,298.8465576171875,590.8804931640625,235.2699737548828,602.6796875,172.70114135742188,591.5057373046875,107.99947357177734,0
4687,214.13658142089844,148.62669372558594,493.09234619140625,149.40924072265625,541.6915893554688,358.0974426269531,577.0307006835938,362.4482421875,552.527587890625,343.2991027832031,555.11376953125,353.8380432128906,565.4373779296875,345.1606750488281,584.833984375,298.81524658203125,590.8746948242188,235.27017211914062,602.6989135742188,172.7815704345703,591.6180419921875,108.16873931884766,0
4688,214.037109375,148.68045043945312,492.94097900390625,149.44178771972656,542.9772338867188,362.6430358886719,576.6393432617188,365.0224914550781,551.3716430664062,346.0232849121094,554.8204345703125,358.9192199707031,564.0462646484375,349.0336608886719,584.1849365234375,303.1957092285156,591.2623291015625,237.48699951171875,605.943603515625,172.45205688476562,595.0621948242188,110.6399154663086,0
4689,214.139404296875,148.59156799316406,492.92633056640625,149.36717224121094,541.27001953125,368.2183837890625,575.9235229492188,372.2194519042969,548.6950073242188,353.1883850097656,553.509033203125,364.7917175292969,563.630126953125,355.0661926269531,584.9938354492188,309.5662536621094,591.7100830078125,240.38009643554688,609.9442749023438,177.42236328125,599.7952270507812,114.88907623291016,0
4690,214.14849853515625,148.73956298828125,492.9084777832031,149.5670623779297,541.4647216796875,373.1834716796875,575.56005859375,374.9566345214844,548.7957763671875,356.8639831542969,553.0331420898438,367.45538330078125,563.4141845703125,358.4065856933594,584.1487426757812,312.7523498535156,591.333740234375,242.37469482421875,609.0625610351562,178.6678924560547,598.8626098632812,121.23725891113281,0
4691,214.2652587890625,148.842529296875,492.8667907714844,149.51449584960938,546.7857666015625,379.5679016113281,576.1590576171875,377.84454345703125,547.4682006835938,361.7966613769531,555.5042724609375,372.6972961425781,562.2680053710938,362.55450439453125,580.4227294921875,314.3523254394531,588.8463134765625,245.3599853515625,603.3497314453125,182.00840759277344,589.4794921875,121.50686645507812,0
4692,214.263427734375,148.889404296875,492.8693542480469,149.51416015625,546.7767944335938,379.5736999511719,576.1224975585938,377.9119873046875,547.4981689453125,361.80645751953125,555.4979248046875,372.76361083984375,562.3094482421875,362.6633605957031,580.3971557617188,314.3929748535156,588.895751953125,245.32855224609375,603.3419189453125,182.0498809814453,589.4988403320312,121.48358917236328,0
4693,214.36817932128906,148.93438720703125,492.8008117675781,149.5,551.8434448242188,381.376220703125,579.0724487304688,377.736328125,549.0265502929688,365.1646728515625,560.341064453125,373.606201171875,564.0466918945312,363.2370910644531,579.66357421875,314.5426330566406,588.1028442382812,247.15142822265625,601.5444946289062,185.68565368652344,587.5459594726562,123.05193328857422,0
4694,214.37982177734375,148.8980712890625,492.84503173828125,149.5884246826172,547.9136962890625,389.37322998046875,579.8921508789062,382.2419128417969,550.9718627929688,368.3008117675781,558.0407104492188,379.9046325683594,566.40966796875,368.3149719238281,580.6370849609375,317.2413635253906,585.1131591796875,248.77520751953125,594.4249877929688,196.50697326660156,586.9199829101562,150.10284423828125,0
4695,214.3203125,148.92611694335938,492.88287353515625,149.524658203125,546.5997314453125,390.2938537597656,581.356689453125,386.5260009765625,552.9603271484375,371.2447204589844,559.2237548828125,382.6201477050781,567.5404663085938,371.46246337890625,582.876953125,320.14154052734375,585.7636108398438,251.24203491210938,589.785400390625,199.4124755859375,572.0104370117188,141.9768524169922,0
4696,214.18125915527344,148.92820739746094,492.996826171875,149.53274536132812,545.2899780273438,387.0132751464844,579.7550048828125,389.2891845703125,553.8252563476562,372.10186767578125,558.6672973632812,381.4020080566406,567.3841552734375,374.15850830078125,583.869140625,323.5155029296875,582.6771240234375,255.54676818847656,585.483642578125,200.4009246826172,561.014404296875,141.27557373046875,0
4697,214.19056701660156,148.93128967285156,492.97723388671875,149.52261352539062,545.2617797851562,386.963623046875,579.7779541015625,389.2754821777344,553.907470703125,372.0319519042969,558.6970825195312,381.3438720703125,567.3723754882812,374.0431823730469,583.8775634765625,323.3782043457031,582.6710815429688,255.5485382080078,585.4816284179688,200.40057373046875,561.0159912109375,141.278076171875,0
4698,214.21791076660156,148.8583221435547,492.9151916503906,149.389404296875,541.4275512695312,387.9784851074219,577.185546875,391.7868347167969,551.9434204101562,373.2599792480469,555.9470825195312,384.2353210449219,565.9444580078125,375.39404296875,583.2886352539062,325.75341796875,581.6489868164062,255.9510498046875,585.3531494140625,202.1812286376953,565.5706787109375,147.4280548095703,0
4699,214.13856506347656,148.81874084472656,493.0120544433594,149.57298278808594,536.4593505859375,394.5767517089844,571.2947998046875,397.18597412109375,544.597412109375,379.7179870605469,547.9734497070312,391.8302307128906,559.3383178710938,382.1582336425781,578.4931030273438,328.45013427734375,577.08056640625,257.4829406738281,577.52490234375,207.6112823486328,560.8858032226562,162.37474060058594,0
4700,214.23953247070312,148.89178466796875,493.0834655761719,149.69284057617188,533.9575805664062,397.52294921875,568.0164794921875,398.2165222167969,540.29638671875,380.5452575683594,545.1967163085938,393.00958251953125,557.0630493164062,383.1478271484375,576.6480712890625,330.1263427734375,576.2265014648438,259.5782165527344,572.5308227539062,202.79217529296875,545.5333251953125,146.93067932128906,0
4701,214.24505615234375,148.8748779296875,492.9934997558594,149.50559997558594,538.3699951171875,393.1878662109375,566.6212768554688,394.7345275878906,537.6272583007812,377.4743347167969,545.0677490234375,388.3126525878906,555.1134643554688,378.76873779296875,573.7897338867188,328.89459228515625,578.8200073242188,259.7618408203125,583.0520629882812,210.23114013671875,565.0523071289062,157.93174743652344,0
4702,214.25926208496094,148.86558532714844,492.9635925292969,149.47337341308594,538.4674682617188,393.328125,566.6146850585938,394.75311279296875,537.4412231445312,377.6563720703125,545.219482421875,388.3116455078125,555.2503051757812,378.7851867675781,573.6443481445312,328.51959228515625,578.8184814453125,259.77789306640625,583.0693969726562,210.25289916992188,565.0588989257812,157.9496612548828,0
4703,214.22604370117188,148.74925231933594,492.812255859375,149.51336669921875,537.6701049804688,387.9178771972656,566.2362670898438,393.54595947265625,538.9884033203125,373.1991271972656,545.7532958984375,384.5652770996094,556.238525390625,375.91326904296875,575.2453002929688,327.34893798828125,579.1810913085938,259.1838684082031,584.8532104492188,206.75465393066406,566.9046630859375,141.35353088378906,0
4704,214.1240234375,148.905517578125,492.9272766113281,149.6083984375,536.0643920898438,389.12890625,566.1336059570312,392.16796875,538.8759765625,373.4227294921875,544.7837524414062,384.6921691894531,555.2100830078125,375.8077392578125,575.6489868164062,326.7922058105469,578.8256225585938,258.09552001953125,583.6394653320312,203.84353637695312,561.8880004882812,143.095947265625,0
4705,214.12454223632812,148.79782104492188,492.9941711425781,149.6185760498047,541.5833129882812,387.6470031738281,569.8961181640625,390.442626953125,539.6364135742188,373.1745910644531,549.4439697265625,383.7173767089844,557.0985107421875,374.42132568359375,575.956298828125,325.1647644042969,578.549560546875,258.1548156738281,583.3424072265625,201.7262725830078,559.9046020507812,140.42649841308594,0
4706,214.20530700683594,148.72718811035156,493.10333251953125,149.6071014404297,543.3993530273438,388.31707763671875,573.4639282226562,388.6789855957031,542.0955810546875,373.61859130859375,551.71923828125,383.29998779296875,559.5905151367188,373.3449401855469,576.28857421875,322.99591064453125,578.0665893554688,256.52142333984375,583.6182861328125,202.88963317871094,561.326904296875,138.94554138183594,0
4707,214.20291137695312,148.73129272460938,493.0757141113281,149.68228149414062,543.3865356445312,388.3016052246094,573.4406127929688,388.70849609375,542.1077270507812,373.6160583496094,551.6952514648438,383.3233947753906,559.5797119140625,373.390625,576.2783203125,322.9857482910156,578.0638427734375,256.5143737792969,583.6105346679688,202.9135284423828,561.3346557617188,138.97764587402344,0
4708,214.2293701171875,148.53646850585938,493.052978515625,149.5723876953125,542.9566040039062,387.90606689453125,574.2540283203125,388.8228759765625,542.6270141601562,373.18603515625,552.3431396484375,383.0205078125,560.4797973632812,373.31756591796875,576.4314575195312,322.1204528808594,577.6469116210938,255.81983947753906,582.8845825195312,199.75039672851562,560.4369506835938,139.88473510742188,0
4709,214.19606018066406,148.62196350097656,493.1742858886719,149.6668701171875,542.2134399414062,388.8437194824219,573.6588134765625,389.9293518066406,542.90771484375,373.2828674316406,551.69873046875,383.6968994140625,560.17919921875,374.33843994140625,576.1616821289062,322.7224426269531,576.9678955078125,255.3850555419922,581.2569580078125,199.17449951171875,556.600830078125,137.9440460205078,0
4710,214.173583984375,148.6835479736328,493.1141662597656,149.60073852539062,542.4859619140625,386.98370361328125,574.2012939453125,390.47412109375,542.158447265625,373.85003662109375,553.0555419921875,383.3290710449219,561.0829467773438,374.2281494140625,575.9979858398438,323.3522644042969,576.9453735351562,256.0391540527344,581.5099487304688,200.872802734375,557.5715942382812,138.39862060546875,0
4711,214.1962432861328,148.70237731933594,493.1647644042969,149.62525939941406,542.938720703125,386.4665222167969,573.7503051757812,390.15020751953125,542.2481689453125,373.56280517578125,552.9169311523438,383.0472412109375,560.9446411132812,374.0745544433594,575.8544311523438,322.87994384765625,577.1600341796875,256.46588134765625,582.5806884765625,201.59188842773438,558.3270874023438,138.08056640625,0
4712,214.25918579101562,148.8214111328125,493.0331726074219,149.5513153076172,547.474853515625,387.881591796875,574.8827514648438,389.6900939941406,542.9519653320312,373.705322265625,554.7730712890625,382.6514892578125,561.5783081054688,373.8117370605469,575.8194580078125,323.15716552734375,577.2085571289062,257.1239929199219,582.842529296875,202.51182556152344,559.8511962890625,140.43507385253906,0
4713,214.2948760986328,148.84799194335938,493.1304626464844,149.55712890625,541.7225952148438,386.3909912109375,573.8383178710938,389.92181396484375,543.1533203125,372.2176818847656,552.55078125,383.8636169433594,560.8870849609375,373.34490966796875,576.3696899414062,322.9837951660156,576.98681640625,256.06927490234375,581.4439697265625,200.92645263671875,558.6563720703125,139.500244140625,0
4714,214.32264709472656,148.9383087158203,493.0625305175781,149.7140350341797,543.645751953125,387.4398498535156,574.9010620117188,389.57647705078125,543.1096801757812,373.33709716796875,553.5843505859375,382.68310546875,561.6162109375,373.697265625,576.1015014648438,322.2044372558594,576.86279296875,256.462646484375,581.2116088867188,201.99569702148438,555.5147094726562,138.15025329589844,0
4715,214.2551727294922,148.92791748046875,493.14288330078125,149.69558715820312,541.2150268554688,392.013427734375,573.488525390625,391.1444396972656,541.86865234375,375.502685546875,551.3400268554688,385.6502990722656,559.9277954101562,375.4088439941406,575.7135620117188,323.3166809082031,576.8580322265625,256.6556701660156,581.3489379882812,202.6501007080078,557.5784301757812,139.20437622070312,0
4716,214.26156616210938,148.93128967285156,493.14825439453125,149.70310974121094,541.1854248046875,392.0128479003906,573.5283203125,391.1659851074219,541.9452514648438,375.48828125,551.3689575195312,385.6578369140625,559.9584350585938,375.4071350097656,575.7025146484375,323.32269287109375,576.8583374023438,256.65570068359375,581.3599243164062,202.64414978027344,557.5880126953125,139.16064453125,0
4717,214.34341430664062,148.90597534179688,493.1829833984375,149.69305419921875,541.1533813476562,393.48809814453125,572.90966796875,392.5201110839844,541.8779907226562,377.1572570800781,550.1697387695312,387.10382080078125,559.1534423828125,376.9042663574219,575.4660034179688,324.2451477050781,576.884765625,257.3614501953125,581.3067626953125,203.33644104003906,557.2554931640625,138.20281982421875,0
4718,214.3176727294922,148.96759033203125,493.1810607910156,149.6727752685547,535.7359008789062,396.0467224121094,569.03515625,396.0196228027344,540.0650024414062,378.774658203125,545.595458984375,390.84246826171875,556.5380859375,380.769287109375,574.9115600585938,327.5268859863281,577.4005737304688,258.6075439453125,582.3861694335938,203.19874572753906,559.18505859375,140.87193298339844,0
4719,214.295166015625,148.81622314453125,493.0797119140625,149.7421875,536.1497802734375,398.8939514160156,569.1528930664062,396.1358337402344,539.70556640625,379.2555847167969,545.658935546875,391.8047790527344,556.1563110351562,381.0548095703125,575.0111694335938,328.17242431640625,577.8436889648438,259.552490234375,583.6585083007812,204.7288818359375,562.5148315429688,148.3657684326172,0
4720,214.30552673339844,148.80511474609375,493.0414123535156,149.71212768554688,547.712158203125,391.6435241699219,574.3658447265625,389.7234191894531,542.0706787109375,374.8069152832031,552.6500854492188,384.4129333496094,559.7134399414062,374.8879699707031,573.7531127929688,322.1292724609375,577.6560668945312,257.8262634277344,584.2603759765625,204.76657104492188,562.3615112304688,140.07630920410156,0
4721,214.3017578125,148.84117126464844,493.03729248046875,149.70655822753906,547.6986083984375,391.6180114746094,574.3694458007812,389.7581787109375,542.0872192382812,374.7837219238281,552.6744995117188,384.41168212890625,559.7494506835938,374.9012145996094,573.7113647460938,322.1778564453125,577.647216796875,257.8284606933594,584.2427368164062,204.6874237060547,562.3709716796875,140.08094787597656,0
4722,214.3251190185547,148.7908477783203,493.0466613769531,149.60948181152344,547.5921020507812,385.2137451171875,575.3106689453125,386.2597351074219,543.07958984375,370.4796142578125,555.0907592773438,380.34283447265625,561.5552368164062,369.9731750488281,574.1607666015625,318.28314208984375,576.54150390625,255.07240295410156,582.261962890625,201.4124298095703,561.3997192382812,140.17764282226562,0
4723,214.34197998046875,148.81887817382812,493.18096923828125,149.7758026123047,552.3463134765625,386.4750671386719,577.8330078125,382.9648742675781,546.3265991210938,369.9912109375,559.005126953125,378.3495788574219,560.9102783203125,369.1972961425781,574.6050415039062,314.3856201171875,575.1343994140625,254.67169189453125,578.8475952148438,197.21127319335938,551.9268798828125,136.41378784179688,0
4724,214.4134979248047,148.72479248046875,493.2740478515625,149.77386474609375,554.4842529296875,386.1169738769531,578.3436279296875,381.6170349121094,546.9540405273438,370.1523132324219,560.736572265625,377.25115966796875,561.9331665039062,367.76214599609375,574.5111694335938,314.17010498046875,575.1795043945312,253.89822387695312,578.1896362304688,195.41030883789062,552.0523681640625,135.93215942382812,0
4725,214.48394775390625,148.7585906982422,493.3236083984375,149.74008178710938,552.0781860351562,384.4934387207031,579.2296752929688,380.93743896484375,547.1691284179688,368.6092529296875,559.7415161132812,378.44708251953125,561.8673095703125,367.0124816894531,574.5792236328125,313.1182556152344,575.061279296875,253.61016845703125,578.2283935546875,195.112060546875,551.6810302734375,135.5968780517578,0
4726,214.2829132080078,148.91546630859375,493.3049621582031,149.70849609375,551.3896484375,385.91156005859375,577.8460083007812,381.612060546875,546.5203247070312,368.66619873046875,558.3284912109375,378.7414245605469,561.1971435546875,367.593505859375,574.567626953125,313.8245544433594,574.968017578125,253.70281982421875,577.6248779296875,195.16079711914062,552.967529296875,135.38427734375,0
4727,214.22044372558594,148.99609375,493.2937316894531,149.6939697265625,551.3745727539062,385.8446960449219,577.791015625,381.5400390625,546.45849609375,368.5978088378906,558.2650756835938,378.72357177734375,561.15771484375,367.5880432128906,574.2955322265625,314.2463073730469,574.9852294921875,253.7071990966797,577.7828369140625,195.50762939453125,552.638671875,135.15725708007812,0
4728,214.34446716308594,148.87008666992188,493.1527099609375,149.67550659179688,547.4657592773438,384.37591552734375,576.034912109375,382.7816162109375,544.8053588867188,368.9178161621094,554.8694458007812,378.29443359375,559.992919921875,368.6339111328125,574.850830078125,314.35711669921875,575.0313720703125,253.68502807617188,578.0643920898438,196.53700256347656,551.9760131835938,136.29971313476562,0
4729,214.21022033691406,148.77352905273438,493.0562438964844,149.5876007080078,545.992919921875,388.60479736328125,576.2178955078125,385.1227111816406,543.7979736328125,371.9355773925781,554.9671020507812,380.79736328125,561.5435791015625,370.0292663574219,574.1453857421875,315.97711181640625,575.4934692382812,254.87469482421875,578.9930419921875,197.64413452148438,551.5602416992188,135.4453887939453,0
4730,214.08340454101562,148.7105255126953,493.08636474609375,149.70968627929688,546.86865234375,388.9584655761719,576.7088623046875,385.19097900390625,543.6309204101562,372.31494140625,555.5142822265625,380.9677429199219,561.6633911132812,370.2174377441406,574.1979370117188,316.35003662109375,575.5072631835938,254.7550811767578,579.89453125,198.2274169921875,555.632568359375,135.46255493164062,0
4731,214.3567352294922,148.64695739746094,493.113037109375,149.64208984375,546.08544921875,389.8165588378906,577.1937866210938,385.68353271484375,544.351318359375,372.8042907714844,555.6448974609375,381.61834716796875,560.8409423828125,370.29620361328125,574.1211547851562,316.3160705566406,575.4616088867188,255.06228637695312,579.6572875976562,198.0254669189453,554.9072875976562,137.01515197753906,0
4732,214.32540893554688,148.7056121826172,493.13555908203125,149.61190795898438,546.0580444335938,389.9921875,577.2657470703125,385.613037109375,544.4136962890625,372.7818908691406,555.606201171875,381.6195373535156,560.8705444335938,370.27142333984375,574.1348266601562,316.28094482421875,575.4391479492188,255.10678100585938,579.55419921875,197.8446044921875,555.0148315429688,137.05355834960938,0
4733,214.3199005126953,148.80206298828125,493.2031555175781,149.5980987548828,547.70263671875,391.3309631347656,576.2603149414062,384.6979675292969,543.3192749023438,373.082275390625,554.7357177734375,381.4806213378906,560.9130859375,371.03802490234375,574.0597534179688,317.42718505859375,575.4461669921875,254.7883758544922,579.4867553710938,198.90440368652344,554.4036865234375,138.03311157226562,0
4734,214.32484436035156,148.77220153808594,493.2093811035156,149.60958862304688,563.9954833984375,392.4637451171875,581.9920654296875,379.92071533203125,548.8245849609375,378.1878967285156,563.8850708007812,382.2259826660156,564.6250610351562,370.9653015136719,573.0630493164062,315.102294921875,575.2060546875,255.25164794921875,578.1298828125,197.8056182861328,552.9742431640625,137.90756225585938,0
4735,214.42433166503906,148.74850463867188,493.2734069824219,149.64263916015625,563.420654296875,394.9855041503906,583.15625,381.2831726074219,551.125,378.3708801269531,566.4860229492188,384.56781005859375,566.624755859375,372.8043212890625,573.9370727539062,315.5994873046875,575.2124633789062,254.74021911621094,577.7201538085938,197.43177795410156,551.8951416015625,136.6864013671875,0
4736,214.42201232910156,148.752685546875,493.31585693359375,149.66395568847656,563.3330688476562,394.9142761230469,583.1622924804688,381.2595520019531,551.1428833007812,378.32867431640625,566.5048828125,384.5250549316406,566.6255493164062,372.77398681640625,573.8911743164062,315.6495666503906,575.2066650390625,254.74359130859375,577.7301025390625,197.45399475097656,551.8699340820312,136.7148895263672,0
4737,214.45169067382812,148.82888793945312,493.30279541015625,149.6674041748047,564.7294311523438,398.2909851074219,582.8419189453125,383.7902526855469,550.7677001953125,381.4067687988281,565.7349853515625,386.9496765136719,566.5557250976562,375.2750549316406,573.777587890625,316.59197998046875,575.2510986328125,255.08851623535156,577.8837280273438,197.43911743164062,551.9076538085938,137.05453491210938,0
4738,214.3739013671875,148.91534423828125,493.2164001464844,149.66726684570312,568.403564453125,403.879150390625,585.1959838867188,387.076416015625,552.51318359375,388.0934753417969,567.6312255859375,391.88385009765625,566.607177734375,380.59051513671875,571.8085327148438,321.1598205566406,576.2891235351562,257.6039123535156,579.8678588867188,201.51223754882812,555.8414306640625,138.6321563720703,0
4739,214.4368438720703,148.86639404296875,493.2103576660156,149.5722198486328,573.189453125,409.3736267089844,588.9047241210938,389.3699951171875,554.8467407226562,394.1534729003906,572.9076538085938,396.04705810546875,570.2955932617188,384.78106689453125,570.7391967773438,324.06732177734375,576.1000366210938,260.08294677734375,579.7411499023438,207.4666290283203,560.3139038085938,149.13040161132812,0
4740,214.3056640625,148.93890380859375,493.3104248046875,149.6552276611328,575.4097900390625,417.7165222167969,590.1067504882812,395.69793701171875,557.865234375,399.101318359375,573.431396484375,400.5671691894531,572.1070556640625,389.9126281738281,570.8768920898438,328.2510070800781,573.2791137695312,263.91485595703125,572.9918212890625,207.5408477783203,549.1143798828125,151.21844482421875,0
4741,214.3073272705078,148.92662048339844,493.27471923828125,149.6502685546875,575.4277954101562,417.71795654296875,589.9630737304688,395.62762451171875,557.8883666992188,399.1214294433594,573.3740844726562,400.56005859375,572.0150146484375,389.82763671875,570.8441162109375,327.83697509765625,573.2606201171875,263.9024353027344,572.9859619140625,207.51930236816406,549.0813598632812,151.19888305664062,0
4742,214.48060607910156,148.7765655517578,493.1651306152344,149.62371826171875,569.8240966796875,416.3961181640625,591.0234985351562,398.7229919433594,557.7846069335938,399.0374450683594,571.8250122070312,402.5111999511719,572.3742065429688,391.50323486328125,571.0653076171875,328.7483215332031,572.4364624023438,265.50860595703125,571.1661376953125,207.9776153564453,546.4127197265625,155.5972900390625,0
4743,214.4807891845703,148.7800750732422,493.2027282714844,149.61878967285156,569.8392944335938,416.4095764160156,591.0216064453125,398.65155029296875,557.7774658203125,399.0594787597656,571.848388671875,402.4770202636719,572.3499755859375,391.4244079589844,571.0665893554688,328.5977783203125,572.4264526367188,265.48870849609375,571.179443359375,208.0958709716797,546.4598999023438,155.7001495361328,0
4744,214.6907196044922,148.74464416503906,493.209716796875,149.5780792236328,570.97216796875,410.6770935058594,591.3527221679688,394.8274230957031,555.9524536132812,394.5049743652344,571.8062744140625,397.94964599609375,571.9292602539062,388.2015075683594,572.368408203125,329.1123352050781,573.190185546875,263.1532897949219,570.765869140625,207.3798828125,545.551513671875,155.4238739013672,0
4745,214.51014709472656,148.65089416503906,493.1858215332031,149.69003295898438,569.5001220703125,408.7716979980469,590.9010009765625,392.0708923339844,556.7328491210938,388.2637634277344,570.6566772460938,393.8818359375,571.7688598632812,382.8073425292969,572.5900268554688,325.5878601074219,573.271484375,259.53173828125,570.94189453125,204.64784240722656,547.4507446289062,152.0813446044922,0
4746,214.58474731445312,148.6561737060547,493.3270568847656,149.71688842773438,569.7373657226562,378.9656066894531,589.1082153320312,369.6193542480469,555.6843872070312,366.39996337890625,568.7609252929688,370.8775634765625,570.4902954101562,361.0616149902344,573.1905517578125,308.20574951171875,572.9776611328125,246.15863037109375,572.2442626953125,189.94154357910156,551.7229614257812,139.8617401123047,0
4747,214.4547576904297,148.74952697753906,493.3233642578125,149.68801879882812,569.2347412109375,373.2598876953125,588.5155029296875,364.0600891113281,554.1469116210938,361.5812683105469,569.9973754882812,366.9641418457031,569.8701171875,356.4969177246094,573.4577026367188,304.4796447753906,574.2013549804688,243.1305694580078,575.137939453125,185.7834930419922,550.8585815429688,128.31124877929688,0
4748,214.4749298095703,148.7538299560547,493.4374694824219,149.66268920898438,567.885009765625,371.6509094238281,589.2910766601562,362.76190185546875,556.7650146484375,358.76568603515625,570.46435546875,364.4811706542969,571.3473510742188,354.1282958984375,574.3631591796875,302.50909423828125,573.5667724609375,240.82020568847656,572.9596557617188,183.56658935546875,552.3321533203125,126.55583190917969,0
4749,214.41221618652344,148.7183074951172,493.4278259277344,149.6761474609375,565.1016845703125,372.4307556152344,590.3722534179688,363.0787048339844,557.5219116210938,357.8049011230469,571.0374145507812,364.81170654296875,572.7542114257812,354.50830078125,574.876708984375,302.6899108886719,572.0352783203125,239.8677215576172,569.4043579101562,184.19534301757812,547.664306640625,126.89585876464844,0
4750,214.38755798339844,148.58560180664062,493.3467712402344,149.7862548828125,558.702880859375,373.6656494140625,586.1581420898438,364.9241027832031,553.9319458007812,357.8414001464844,566.13232421875,365.8171691894531,569.2908325195312,355.5531311035156,575.5806274414062,303.6353759765625,571.3339233398438,241.49307250976562,568.1619873046875,184.16969299316406,543.2561645507812,126.7824935913086,0
4751,214.3853302001953,148.5921173095703,493.35137939453125,149.78988647460938,558.6904296875,373.6611633300781,586.15771484375,364.9230651855469,553.9298095703125,357.84515380859375,566.1314697265625,365.8211364746094,569.293701171875,355.5543212890625,575.5814819335938,303.63543701171875,571.3359375,241.49317932128906,568.1732788085938,184.190673828125,543.3036499023438,126.81023406982422,0
4752,214.41551208496094,148.63612365722656,493.2142333984375,149.80348205566406,553.1608276367188,376.3688049316406,583.3970947265625,367.0035400390625,553.23388671875,358.4837951660156,563.2789306640625,367.30755615234375,568.46044921875,356.9019775390625,575.295654296875,304.9840393066406,571.4385375976562,241.76890563964844,568.1824340820312,184.2904510498047,543.3764038085938,127.3416519165039,0
4753,214.33511352539062,148.5775604248047,493.16497802734375,149.789306640625,547.0335083007812,379.1116943359375,579.3463745117188,373.9919738769531,549.701416015625,362.25323486328125,557.4410400390625,371.0447082519531,565.5491333007812,360.326904296875,575.2110595703125,309.2616271972656,572.4878540039062,243.67413330078125,570.9913330078125,187.06771850585938,549.5765380859375,133.6399383544922,0
4754,214.33543395996094,148.60963439941406,493.1273193359375,149.72366333007812,543.7586669921875,380.59271240234375,576.7754516601562,376.7138366699219,546.7870483398438,363.8402099609375,554.6537475585938,374.3823547363281,561.8363037109375,363.5330810546875,575.7020874023438,312.616943359375,574.021484375,246.66940307617188,571.941650390625,188.45298767089844,548.635498046875,135.58932495117188,0
4755,214.17019653320312,148.7547607421875,493.0573425292969,149.586669921875,543.1600952148438,382.0439758300781,573.0181274414062,380.9328308105469,542.4091796875,367.614990234375,550.9821166992188,376.7562255859375,558.6748046875,367.41357421875,573.9086303710938,316.1270751953125,576.529052734375,252.56275939941406,578.9287109375,195.1449432373047,551.6499633789062,136.8137969970703,0
4756,214.16954040527344,148.7300567626953,493.10162353515625,149.57835388183594,543.1942749023438,382.02642822265625,573.0398559570312,380.941162109375,542.3610229492188,367.6043701171875,550.9804077148438,376.7420959472656,558.6001586914062,367.280029296875,574.0211791992188,315.76806640625,576.5198364257812,252.5172576904297,578.9296264648438,195.1370391845703,551.6351318359375,136.83993530273438,0
4757,214.31695556640625,148.75067138671875,493.01190185546875,149.63070678710938,544.9423828125,384.6126708984375,574.0149536132812,381.6920471191406,542.1677856445312,368.52587890625,551.693603515625,377.4235534667969,558.9633178710938,368.2895202636719,574.3518676757812,317.0570068359375,577.5701293945312,254.86221313476562,583.882568359375,201.30270385742188,563.144287109375,142.55587768554688,0
4758,214.27444458007812,148.87754821777344,493.04205322265625,149.6249237060547,538.9833374023438,388.7722473144531,572.0314331054688,388.0235900878906,541.8690795898438,371.974853515625,549.8710327148438,383.5188903808594,557.9640502929688,372.5062255859375,573.5469360351562,321.39166259765625,578.2344360351562,256.27899169921875,584.374755859375,201.6820831298828,563.6508178710938,141.6003875732422,0
4759,214.34814453125,148.95999145507812,493.0488586425781,149.5116424560547,538.549072265625,391.305419921875,569.9090576171875,390.70343017578125,540.4414672851562,374.5425720214844,547.7083129882812,385.04095458984375,556.6553955078125,374.6907958984375,573.0068969726562,322.93145751953125,578.0714111328125,257.0796813964844,583.094482421875,201.35379028320312,558.9946899414062,140.2428741455078,0
4760,214.3970184326172,148.8865966796875,493.03424072265625,149.5295867919922,541.1875610351562,394.0370788574219,571.373291015625,391.6144104003906,540.2127685546875,377.3476257324219,549.2916259765625,387.0408630371094,557.2389526367188,376.1524658203125,571.23974609375,323.1533203125,578.5241088867188,259.31103515625,584.2091674804688,205.0308074951172,560.58642578125,141.5142059326172,0
4761,214.40176391601562,148.87701416015625,492.9984436035156,149.5439453125,541.2217407226562,394.05706787109375,571.4112548828125,391.5872802734375,540.1820678710938,377.38873291015625,549.3321533203125,387.0210876464844,557.2708740234375,376.0813293457031,571.0121459960938,322.6688537597656,578.543701171875,259.30828857421875,584.201416015625,205.0194549560547,560.5897827148438,141.52188110351562,0
4762,214.3445281982422,148.839111328125,493.0503845214844,149.49952697753906,539.7211303710938,393.2161865234375,570.8502197265625,391.79864501953125,540.9296264648438,377.59368896484375,548.91162109375,387.22442626953125,557.5121459960938,376.3043518066406,571.1405029296875,322.9690246582031,578.004638671875,258.3887023925781,583.60205078125,202.4701690673828,560.4337158203125,140.56121826171875,0
4763,214.32449340820312,148.77662658691406,493.0653381347656,149.5245819091797,538.2256469726562,394.22265625,571.8361206054688,390.7383728027344,542.0798950195312,374.5312805175781,548.827880859375,385.3288269042969,558.4664916992188,374.49102783203125,571.498046875,322.1544494628906,577.5567626953125,257.9372863769531,582.0372314453125,201.45199584960938,557.0310668945312,140.6765594482422,0
4764,214.3302764892578,148.7861785888672,493.1473083496094,149.4979248046875,529.9686889648438,395.66143798828125,568.3264770507812,389.9446716308594,543.3305053710938,368.9667663574219,546.7710571289062,384.5662536621094,557.7693481445312,372.4903564453125,572.3612670898438,322.3365173339844,577.8823852539062,257.94256591796875,581.4071044921875,200.88096618652344,555.7487182617188,142.24134826660156,0
4765,214.22683715820312,148.85122680664062,493.1595458984375,149.59617614746094,526.1149291992188,387.4764099121094,565.6250610351562,389.0334167480469,542.151611328125,365.9681701660156,543.7136840820312,380.011962890625,555.443115234375,369.7816467285156,573.2595825195312,322.0330505371094,579.355224609375,258.34954833984375,584.4158935546875,207.65921020507812,566.9443359375,162.01502990722656,0
4766,214.24832153320312,148.83775329589844,493.17047119140625,149.52102661132812,526.105224609375,387.46197509765625,565.627197265625,389.024169921875,542.13525390625,365.8929748535156,543.69775390625,379.9837341308594,555.4343872070312,369.763916015625,573.2659301757812,321.9692687988281,579.34912109375,258.35235595703125,584.4176025390625,207.65579223632812,566.944580078125,162.0161895751953,0
4767,214.33351135253906,148.7569122314453,493.0577392578125,149.49868774414062,524.4712524414062,376.20062255859375,562.9083862304688,384.4423522949219,540.4725952148438,360.326416015625,541.7536010742188,372.2268371582031,554.0422973632812,365.8794860839844,575.2427978515625,318.94488525390625,581.092041015625,258.1913757324219,587.1875610351562,203.33132934570312,567.7227783203125,148.13722229003906,0
4768,214.31167602539062,148.68930053710938,493.05908203125,149.4056396484375,518.1840209960938,364.2327880859375,557.88525390625,376.5731506347656,540.4136962890625,350.6900329589844,538.1735229492188,361.9864196777344,551.2858276367188,357.26641845703125,576.7727661132812,314.215087890625,583.594482421875,254.4849853515625,588.8497924804688,198.83441162109375,568.8815307617188,136.7210693359375,0
4769,214.29273986816406,148.67608642578125,493.0534362792969,149.41458129882812,515.9767456054688,361.1416931152344,555.5787353515625,375.65435791015625,539.3775634765625,347.7047424316406,534.850341796875,360.876708984375,549.0703735351562,355.7808532714844,577.2236938476562,315.0406799316406,583.6776733398438,253.50177001953125,588.1234130859375,195.93963623046875,566.1676635742188,134.76187133789062,0
4770,214.5485382080078,148.54177856445312,493.05364990234375,149.3671875,509.79498291015625,336.87615966796875,542.3480834960938,368.4253234863281,535.821044921875,339.2792053222656,528.6268310546875,349.5323791503906,543.2276000976562,351.9994812011719,577.672607421875,316.4272766113281,585.75390625,254.15469360351562,592.4772338867188,198.6925811767578,568.4342651367188,135.87643432617188,0
4771,214.3522186279297,148.55628967285156,493.038818359375,149.416015625,506.6515808105469,332.87652587890625,537.2235717773438,364.0850524902344,533.6063232421875,335.7569885253906,524.7030029296875,344.0225830078125,537.6759033203125,348.4998474121094,576.485595703125,316.9035949707031,587.1791381835938,254.01690673828125,596.5963134765625,200.14129638671875,579.7334594726562,145.61300659179688,0
4772,214.51583862304688,148.58058166503906,492.9599609375,149.4695281982422,497.9337463378906,333.4787292480469,532.2947387695312,364.4051513671875,530.1226196289062,334.6784362792969,519.0590209960938,344.5246276855469,534.2609252929688,347.19879150390625,575.2218627929688,317.6478576660156,587.5485229492188,256.5893249511719,601.3731689453125,201.68609619140625,587.4600830078125,147.03570556640625,0
4773,214.32574462890625,148.7804412841797,492.9598388671875,149.54917907714844,493.59130859375,333.0933532714844,529.7269897460938,364.8849182128906,527.6583862304688,334.1337585449219,515.6303100585938,344.95416259765625,531.4945678710938,347.2341003417969,573.6047973632812,318.4441833496094,591.5648803710938,259.972900390625,610.066162109375,203.20025634765625,597.0371704101562,150.74789428710938,0
4774,214.33230590820312,148.54208374023438,493.1302185058594,149.532958984375,487.7637634277344,339.4144592285156,527.487548828125,366.2312927246094,526.1842651367188,334.8693542480469,512.751953125,346.1625671386719,529.2124633789062,348.2559509277344,570.7158203125,322.7209167480469,596.464599609375,265.51898193359375,623.3837890625,219.27447509765625,628.7496337890625,185.28724670410156,0
4775,214.31028747558594,148.58253479003906,493.1185607910156,149.52627563476562,487.7550354003906,339.4205017089844,527.4542236328125,366.2427978515625,526.1458740234375,334.7698669433594,512.7237548828125,346.16064453125,529.1719360351562,348.24493408203125,570.717041015625,322.649658203125,596.4593505859375,265.5082092285156,623.3765869140625,219.30917358398438,628.7521362304688,185.3207550048828,0
4776,214.4205780029297,148.5284881591797,493.0920104980469,149.58560180664062,486.7881164550781,340.54632568359375,527.779052734375,364.6402893066406,525.2051391601562,333.9776611328125,512.076416015625,346.0908508300781,528.940185546875,347.9596252441406,569.60302734375,322.34710693359375,599.7837524414062,268.5762634277344,626.9365844726562,230.9227752685547,631.6080932617188,196.3804473876953,0
4777,214.3516082763672,148.7049102783203,493.1085205078125,149.580322265625,487.329833984375,348.79803466796875,531.157958984375,368.1557312011719,526.7521362304688,335.7782897949219,514.95361328125,349.1262512207031,531.3275146484375,349.7127380371094,570.88623046875,322.1849670410156,602.00439453125,273.27923583984375,626.3201904296875,235.20709228515625,630.8452758789062,198.1396942138672,0
4778,214.326171875,148.71104431152344,493.0721740722656,149.4202117919922,488.2681579589844,352.2616882324219,532.7662353515625,369.5285339355469,529.3582763671875,335.7374267578125,518.07421875,350.7251281738281,533.596435546875,350.6020812988281,572.4660034179688,323.5136413574219,603.4505004882812,275.0089111328125,631.7171630859375,241.59410095214844,630.8438720703125,197.98037719726562,0
4779,214.35171508789062,148.6889190673828,492.9986267089844,149.52288818359375,501.5655212402344,367.9683837890625,549.6968383789062,372.7744140625,535.025146484375,339.9913635253906,527.5808715820312,359.7118835449219,543.12548828125,353.33673095703125,574.6572875976562,320.39093017578125,602.6643676757812,275.18695068359375,632.5100708007812,241.84115600585938,631.3877563476562,199.2776336669922,0
4780,214.3965606689453,148.60568237304688,492.9536437988281,149.49896240234375,503.5315246582031,370.6672058105469,553.3899536132812,374.7115173339844,538.1851806640625,339.7513732910156,531.115234375,360.9320068359375,546.4742431640625,354.8753967285156,576.162109375,319.341796875,601.607666015625,273.2955627441406,630.2901611328125,238.5412139892578,632.083251953125,197.58172607421875,0
4781,214.35655212402344,148.55397033691406,492.9495544433594,149.44886779785156,503.5212097167969,370.57879638671875,553.3707275390625,374.7454833984375,538.18408203125,339.73272705078125,531.0974731445312,360.95074462890625,546.4630126953125,354.8766784667969,576.1478271484375,319.3470458984375,601.5863037109375,273.2529296875,630.28759765625,238.60714721679688,632.080078125,198.1006622314453,0
4782,214.2731475830078,148.61178588867188,492.9508972167969,149.49221801757812,504.29888916015625,372.72186279296875,555.2932739257812,373.6626892089844,538.5442504882812,339.3136291503906,531.5538940429688,360.8294372558594,547.2239990234375,354.3514709472656,576.2109375,319.1291198730469,599.9613647460938,272.0722351074219,627.2308959960938,231.34243774414062,629.4202270507812,199.77899169921875,0
4783,214.4814453125,148.72021484375,493.01397705078125,149.4322052001953,505.3717346191406,373.91021728515625,556.23583984375,372.0094299316406,538.5239868164062,338.5173645019531,532.3316650390625,360.6109313964844,548.2203979492188,353.0091552734375,575.19091796875,318.6720886230469,599.841796875,272.21063232421875,625.915283203125,230.05255126953125,627.4725341796875,194.2376251220703,0
4784,214.4561004638672,148.8031005859375,493.144775390625,149.4732208251953,498.559326171875,372.5289611816406,551.5347290039062,372.1617126464844,533.78515625,338.5236511230469,527.2100219726562,360.7356262207031,543.3528442382812,352.4258728027344,572.8174438476562,318.1627502441406,598.7836303710938,270.0462341308594,623.5230712890625,224.620361328125,615.892333984375,157.31483459472656,0
4785,214.4744110107422,148.80718994140625,493.14520263671875,149.47377014160156,498.53179931640625,372.5388488769531,551.5538940429688,372.17230224609375,533.77978515625,338.52044677734375,527.2059936523438,360.725341796875,543.3457641601562,352.3999328613281,572.7684936523438,318.1762390136719,598.7999267578125,270.0339050292969,623.5396118164062,224.63833618164062,615.8999633789062,157.31365966796875,0
4786,214.55203247070312,148.69232177734375,493.0806579589844,149.48904418945312,496.1203918457031,368.53619384765625,548.8709106445312,371.15570068359375,532.531982421875,336.6096496582031,524.6107788085938,359.49017333984375,540.5592041015625,351.1432800292969,572.4243774414062,317.98675537109375,599.1185913085938,271.1582336425781,623.7250366210938,222.7236328125,612.54052734375,155.62612915039062,0
4787,214.40196228027344,148.8084259033203,493.0119934082031,149.40066528320312,495.1325988769531,366.1214294433594,547.4263916015625,367.3647155761719,531.0690307617188,332.8528137207031,522.91162109375,354.0730895996094,539.5665893554688,347.7017822265625,571.558349609375,316.3460388183594,600.071044921875,271.3237609863281,626.8942260742188,224.02450561523438,618.2428588867188,152.58917236328125,0
4788,214.33753967285156,148.68751525878906,492.96099853515625,149.37295532226562,496.80938720703125,364.9009704589844,548.5323486328125,366.6094055175781,531.4317626953125,331.4459228515625,524.6941528320312,354.5997009277344,540.8328857421875,346.4934387207031,572.1870727539062,315.8655090332031,599.9307250976562,271.6278991699219,626.7268676757812,222.58045959472656,616.697265625,152.94073486328125,0
4789,214.2133331298828,148.63072204589844,493.00360107421875,149.5030517578125,495.5758972167969,367.6460266113281,547.2006225585938,366.72576904296875,530.4368286132812,331.72039794921875,523.009765625,353.58782958984375,538.9024047851562,347.48834228515625,572.0203857421875,316.2861022949219,600.967041015625,272.3608093261719,627.6804809570312,233.94021606445312,630.2423095703125,196.92910766601562,0
4790,214.22117614746094,148.61953735351562,493.0247802734375,149.45913696289062,495.5760803222656,367.64666748046875,547.19970703125,366.7261047363281,530.4364624023438,331.72137451171875,523.0084228515625,353.58697509765625,538.90087890625,347.49224853515625,572.0119018554688,316.2982177734375,600.9658813476562,272.3623046875,627.673583984375,233.96665954589844,630.24755859375,196.94139099121094,0
4791,214.2406005859375,148.5828399658203,492.79388427734375,149.31358337402344,495.03485107421875,363.96978759765625,545.9024658203125,366.1745300292969,529.8798828125,330.6769714355469,524.1693725585938,351.135986328125,538.2230834960938,347.0810546875,572.0731811523438,316.140869140625,600.7039794921875,272.2515869140625,628.045654296875,231.32443237304688,630.146728515625,194.618408203125,0
4792,214.2676544189453,148.55982971191406,492.7768249511719,149.29083251953125,494.4078674316406,359.8544921875,546.7122192382812,365.3167724609375,531.7662963867188,328.8735046386719,524.8490600585938,348.8744812011719,539.7356567382812,345.6502380371094,572.2415161132812,314.2001953125,600.6043090820312,271.7673034667969,629.7368774414062,222.07032775878906,620.4110107421875,153.3759765625,0
4793,214.22103881835938,148.54278564453125,492.7886962890625,149.40762329101562,495.0238037109375,359.22821044921875,546.5802612304688,365.3989562988281,532.1704711914062,328.9101257324219,525.1981201171875,348.842041015625,540.573486328125,345.5973815917969,573.3709106445312,315.8324279785156,600.7816162109375,272.3018798828125,629.7703247070312,222.00637817382812,620.0529174804688,153.6210174560547,0
4794,214.39065551757812,148.716796875,492.92626953125,149.52500915527344,497.28131103515625,357.348876953125,547.205078125,365.7157897949219,533.8190307617188,327.547119140625,525.8728637695312,348.85693359375,541.3306274414062,344.4067687988281,573.9197387695312,315.3172912597656,601.2030029296875,273.0291442871094,627.671630859375,236.83619689941406,631.545654296875,196.3576202392578,0
4795,214.39486694335938,148.70159912109375,492.9263916015625,149.52684020996094,497.2773132324219,357.3625793457031,547.2177124023438,365.7062683105469,533.7909545898438,327.5487976074219,525.9004516601562,348.84332275390625,541.3385009765625,344.37896728515625,573.9208984375,315.3471374511719,601.200927734375,273.0210266113281,627.6884765625,236.82769775390625,631.5479125976562,196.35704040527344,0
4796,214.31153869628906,148.65574645996094,493.02667236328125,149.3475799560547,493.9992370605469,357.4274597167969,546.1016235351562,365.332763671875,532.5311889648438,327.43145751953125,525.1898193359375,346.45819091796875,540.7910766601562,344.30462646484375,573.1437377929688,316.82635498046875,600.7266845703125,273.2120361328125,627.5425415039062,235.9503936767578,631.2264404296875,196.36099243164062,0
4797,214.56765747070312,148.74134826660156,492.9678039550781,149.39317321777344,489.7872314453125,350.51690673828125,538.80810546875,363.9385986328125,531.0556640625,327.4669494628906,521.2394409179688,344.0151672363281,537.5443115234375,344.11859130859375,573.3304443359375,317.9678649902344,600.9697265625,272.2042541503906,628.7811889648438,223.86569213867188,615.9588623046875,153.49905395507812,0
4798,214.59848022460938,148.7478485107422,493.1548767089844,149.27403259277344,490.9382019042969,349.1372375488281,538.6854248046875,362.2191467285156,531.5843505859375,325.30206298828125,519.9392700195312,344.2952575683594,537.5148315429688,342.60491943359375,573.4696655273438,317.425048828125,601.2459106445312,271.4394836425781,629.492919921875,222.10533142089844,616.1978759765625,153.77020263671875,0
4799,214.44549560546875,148.73313903808594,493.1868896484375,149.3549041748047,493.1082763671875,348.62738037109375,540.1195678710938,361.2563171386719,532.9802856445312,323.6485595703125,520.8653564453125,342.94036865234375,538.7428588867188,341.54254150390625,573.4918823242188,316.4716491699219,601.562255859375,273.5433654785156,628.0994262695312,235.49679565429688,631.1129760742188,195.54296875,0
4800,214.44908142089844,148.73309326171875,493.18621826171875,149.35635375976562,493.10693359375,348.6289978027344,540.0953979492188,361.2294616699219,532.9329833984375,323.63916015625,520.8697509765625,342.94384765625,538.703857421875,341.54583740234375,573.464599609375,316.4670104980469,601.5404052734375,273.5539855957031,628.0806884765625,235.56085205078125,631.1224365234375,195.58697509765625,0
4801,214.45938110351562,148.72274780273438,493.2466125488281,149.39785766601562,491.26141357421875,350.8573913574219,539.8681640625,361.44476318359375,531.1171264648438,323.6763610839844,519.4866943359375,343.7565002441406,537.2825317382812,342.1840515136719,572.5540161132812,316.54046630859375,601.374267578125,273.392333984375,627.7597045898438,237.10232543945312,631.6612548828125,195.03250122070312,0
4802,214.3616180419922,148.69407653808594,493.06805419921875,149.32131958007812,487.6111755371094,348.2292785644531,535.1119384765625,359.6958923339844,528.2093505859375,323.5208740234375,516.8494873046875,343.22119140625,533.3642578125,339.84246826171875,570.7982788085938,316.60418701171875,602.6178588867188,274.4934997558594,630.3924560546875,240.40936279296875,632.4984741210938,198.03347778320312,0
4803,214.3458251953125,148.84469604492188,493.053955078125,149.39573669433594,488.66644287109375,348.4396667480469,536.1243286132812,358.9922180175781,528.5065307617188,323.04022216796875,517.5198364257812,341.61529541015625,533.6488037109375,338.8454284667969,571.6796264648438,315.85174560546875,603.1697387695312,273.9291687011719,631.9242553710938,239.13609313964844,633.7164916992188,179.91372680664062,0
4804,214.55337524414062,148.57586669921875,493.1446533203125,149.29000854492188,495.9435729980469,347.46807861328125,543.0061645507812,359.5979309082031,534.8954467773438,322.6845703125,523.7763671875,340.9419860839844,542.5713500976562,338.166259765625,575.1353759765625,313.85626220703125,603.2484741210938,271.8351135253906,631.1889038085938,234.48733520507812,631.8256225585938,177.82852172851562,0
4805,214.56590270996094,148.55694580078125,493.1414489746094,149.27760314941406,495.9473571777344,347.516357421875,542.9511108398438,359.58392333984375,534.9034423828125,322.67254638671875,523.8704833984375,340.94171142578125,542.589599609375,338.13702392578125,575.1450805664062,313.844482421875,603.2523193359375,271.8304748535156,631.1908569335938,234.4864501953125,631.8223266601562,177.8252410888672,0
4806,214.46006774902344,148.66903686523438,493.1411437988281,149.31640625,500.37518310546875,351.6920166015625,548.9342041015625,359.7947692871094,537.1138916015625,321.21160888671875,528.5100708007812,343.70245361328125,545.3807983398438,338.6415710449219,577.3262329101562,312.62969970703125,602.87646484375,270.4773254394531,630.2499389648438,231.74990844726562,633.6324462890625,176.3910675048828,0
4807,214.43609619140625,148.64906311035156,493.1824035644531,149.33099365234375,508.26275634765625,359.23651123046875,557.3674926757812,357.247802734375,539.5542602539062,324.7726135253906,534.5812377929688,345.02691650390625,550.3384399414062,337.93353271484375,578.5814819335938,310.50311279296875,601.929443359375,269.0372619628906,625.9192504882812,226.82923889160156,631.8468017578125,181.23779296875,0
4808,214.48989868164062,148.7606201171875,493.1134338378906,149.3336944580078,520.3723754882812,367.4881591796875,562.9901733398438,356.642578125,540.0079956054688,331.49420166015625,541.4080200195312,349.73358154296875,553.5169067382812,339.2667236328125,579.3590698242188,309.06134033203125,603.8577880859375,267.4864501953125,627.7410888671875,228.77499389648438,631.495361328125,184.92491149902344,0
4809,214.4993438720703,148.7362823486328,493.2291564941406,149.42750549316406,532.1830444335938,373.667236328125,570.3724365234375,357.71160888671875,543.0328369140625,337.69482421875,547.3018188476562,355.9924621582031,557.5609741210938,344.0062561035156,579.3569946289062,307.7569274902344,604.950927734375,265.1109619140625,628.73974609375,229.27862548828125,632.4838256835938,185.95346069335938,0
4810,214.49551391601562,148.75489807128906,493.2012634277344,149.43817138671875,532.1651000976562,373.65081787109375,570.3035888671875,357.76678466796875,543.0459594726562,337.6590270996094,547.2347412109375,356.0422668457031,557.4931640625,344.08514404296875,579.4178466796875,307.98968505859375,604.9476318359375,265.11688232421875,628.7479248046875,229.2765350341797,632.4856567382812,185.96815490722656,0
4811,214.3470001220703,148.62815856933594,493.19512939453125,149.35128784179688,535.5090942382812,373.0256042480469,569.0046997070312,359.56146240234375,540.9757690429688,341.57916259765625,546.7333374023438,357.8750915527344,556.6134033203125,346.0484619140625,578.6851806640625,308.73028564453125,606.1714477539062,264.7243347167969,629.460693359375,228.87001037597656,632.1848754882812,184.6745147705078,0
4812,214.45333862304688,148.6660919189453,493.1890869140625,149.2981719970703,547.942626953125,367.1958312988281,573.0569458007812,359.7702941894531,542.211669921875,348.3777160644531,551.29296875,357.796630859375,558.0491943359375,347.5660095214844,578.0055541992188,307.7373962402344,607.6744384765625,262.048583984375,630.0803833007812,226.85643005371094,631.939208984375,181.68234252929688,0
4813,214.44696044921875,148.71029663085938,493.0933837890625,149.44662475585938,549.29736328125,366.92724609375,575.2174072265625,362.72979736328125,541.557861328125,351.1848449707031,554.1624755859375,359.7299499511719,559.66748046875,349.59661865234375,576.1697387695312,308.9359130859375,604.765380859375,261.2055969238281,629.1181030273438,224.5238800048828,633.074462890625,180.71075439453125,0
4814,214.31607055664062,148.79815673828125,493.23565673828125,149.60397338867188,546.9227294921875,373.7660827636719,575.9750366210938,365.3530578613281,543.59765625,353.70025634765625,553.8572998046875,363.7401428222656,560.058837890625,352.8927307128906,575.693115234375,311.6518859863281,602.4913940429688,261.0691833496094,627.2874145507812,219.07037353515625,631.8215942382812,174.12489318847656,0
4815,214.32955932617188,148.78585815429688,493.23724365234375,149.60397338867188,546.8379516601562,373.7254333496094,575.9622802734375,365.34912109375,543.6206665039062,353.6632385253906,553.8421020507812,363.6778564453125,560.08349609375,352.92431640625,575.7403564453125,311.613525390625,602.4732055664062,261.08489990234375,627.2817993164062,219.0313262939453,631.799560546875,174.14402770996094,0
4816,214.2415313720703,148.6537628173828,493.0545959472656,149.45240783691406,549.406005859375,378.5473937988281,576.2240600585938,370.2579040527344,544.3080444335938,358.5561218261719,555.419189453125,366.9765930175781,560.399658203125,356.19671630859375,575.0272827148438,312.8195495605469,602.1458740234375,261.5399475097656,626.7651977539062,219.87583923339844,631.1920776367188,174.10809326171875,0
4817,214.2584991455078,148.6685028076172,493.0601806640625,149.3488311767578,551.2481079101562,388.0686340332031,577.03369140625,374.13140869140625,544.8087768554688,364.3600769042969,558.1497192382812,373.6499938964844,562.5588989257812,360.5254211425781,575.0050048828125,314.9334716796875,602.1576538085938,262.86065673828125,626.6889038085938,224.3003692626953,632.5084228515625,181.0640411376953,0
4818,214.2263641357422,148.73226928710938,493.0907287597656,149.51446533203125,553.5377197265625,393.6254577636719,579.1990356445312,379.34857177734375,547.2310180664062,370.9003601074219,558.9771728515625,380.1697082519531,562.4534912109375,367.3396301269531,575.8746948242188,319.8154602050781,602.2667236328125,264.2523193359375,627.0791015625,222.67027282714844,631.1892700195312,177.13943481445312,0
4819,214.18756103515625,148.7206268310547,493.0178527832031,149.5161590576172,552.4334716796875,395.9732360839844,580.9088134765625,384.75250244140625,549.614990234375,375.2216491699219,559.8958129882812,385.5218505859375,564.3372192382812,373.1298522949219,575.747802734375,322.5365905761719,602.6759643554688,266.5378112792969,627.10791015625,231.58285522460938,632.0433959960938,189.09564208984375,0
4820,214.3682861328125,148.73678588867188,493.0622253417969,149.50778198242188,548.5590209960938,397.3946838378906,580.5291137695312,389.38995361328125,548.3694458007812,377.7488098144531,558.9644165039062,387.5263671875,564.8082275390625,376.125,574.722412109375,324.9794006347656,601.447021484375,269.07373046875,628.27783203125,231.16481018066406,630.7612915039062,192.43588256835938,0
4821,214.30946350097656,148.66998291015625,493.09283447265625,149.48388671875,546.55712890625,397.32855224609375,578.770751953125,391.8289489746094,546.4514770507812,378.7252197265625,557.05078125,388.5591125488281,563.3592529296875,377.5387878417969,574.3438110351562,327.7303466796875,599.1695556640625,270.7655334472656,625.0615234375,234.9952850341797,632.7901000976562,196.4290771484375,0
4822,214.30618286132812,148.66671752929688,493.1163635253906,149.52639770507812,546.5383911132812,397.31671142578125,578.7606811523438,391.84283447265625,546.4432983398438,378.7037353515625,557.0690307617188,388.55615234375,563.4287109375,377.4110412597656,574.4046020507812,327.5057678222656,600.5284423828125,269.8260498046875,625.2172241210938,234.8255615234375,632.7876586914062,196.3829345703125,0
4823,214.19789123535156,148.65374755859375,493.07989501953125,149.4224853515625,549.879150390625,395.9422607421875,578.1968383789062,393.0964660644531,545.569580078125,379.77227783203125,558.6563720703125,388.67022705078125,561.864501953125,378.96466064453125,573.4669189453125,330.1146240234375,598.167236328125,271.6252746582031,622.8695678710938,231.85850524902344,628.697265625,192.63401794433594,0
4824,214.15611267089844,148.66232299804688,492.9532165527344,149.298095703125,561.5858154296875,396.57635498046875,578.7534790039062,389.56390380859375,545.441650390625,377.6949462890625,560.4082641601562,384.45623779296875,562.8018188476562,375.69097900390625,576.1220092773438,328.9625549316406,599.0069580078125,269.510498046875,623.1517944335938,231.07785034179688,629.8118896484375,191.93899536132812,0
4825,214.1484832763672,148.45742797851562,493.1672058105469,149.43927001953125,552.5626220703125,391.2257385253906,578.595947265625,389.3672790527344,545.5066528320312,376.4664611816406,559.9495849609375,382.8103332519531,562.590576171875,374.90924072265625,576.3258666992188,328.40789794921875,598.4476318359375,269.02032470703125,622.8665771484375,229.08055114746094,628.2246704101562,190.31063842773438,0
4826,214.19976806640625,148.51162719726562,493.22930908203125,149.37657165527344,546.9618530273438,387.2047119140625,575.9600830078125,387.3002624511719,545.0565185546875,372.4000244140625,556.5394897460938,381.06695556640625,560.8690795898438,372.45904541015625,576.5057983398438,326.4018859863281,598.1435546875,267.22406005859375,622.8825073242188,223.4458770751953,624.9970703125,185.9497833251953,0
4827,214.20933532714844,148.53697204589844,493.23333740234375,149.37847900390625,547.0009765625,387.2391357421875,575.962158203125,387.2646484375,545.076904296875,372.54571533203125,556.642578125,381.18634033203125,560.9164428710938,372.5779724121094,576.2944946289062,326.56024169921875,598.0990600585938,267.21490478515625,622.8944702148438,223.46665954589844,624.9878540039062,185.7750701904297,0
4828,214.26548767089844,148.6305694580078,493.1109313964844,149.47113037109375,544.0095825195312,385.84979248046875,574.5516357421875,387.4058532714844,543.9337768554688,372.3795471191406,554.6558837890625,382.4456787109375,560.940673828125,372.26141357421875,575.8461303710938,326.2911071777344,597.4218139648438,267.5805358886719,623.322998046875,225.11717224121094,627.9293212890625,186.86526489257812,0
4829,214.1674041748047,148.5363311767578,493.08062744140625,149.51646423339844,544.131103515625,393.5853576660156,574.5453491210938,386.997802734375,543.1837768554688,374.7774658203125,552.5658569335938,383.5494689941406,560.2222900390625,373.7880859375,575.6719970703125,326.68212890625,597.4329833984375,267.34185791015625,623.2676391601562,225.5546417236328,628.2064819335938,187.2563018798828,0
4830,214.1288299560547,148.5836944580078,492.9427795410156,149.56539916992188,549.5314331054688,395.4158630371094,578.4765014648438,386.8441467285156,545.4716186523438,377.75762939453125,556.8690185546875,384.8472595214844,561.6535034179688,373.9412536621094,573.7916870117188,325.2018127441406,597.0676879882812,267.6277770996094,623.2897338867188,227.002685546875,628.7701416015625,189.6622772216797,0
4831,214.19363403320312,148.6062774658203,492.8428649902344,149.5916290283203,560.2340698242188,398.19842529296875,582.435791015625,386.19207763671875,548.073486328125,381.7412109375,563.2505493164062,387.7940368652344,564.7008056640625,376.07196044921875,572.246337890625,325.46563720703125,596.1998901367188,268.744384765625,622.162353515625,227.603271484375,628.2018432617188,188.63623046875,0
4832,214.3367919921875,148.6023406982422,492.8612976074219,149.6015625,561.8200073242188,402.9317932128906,583.5465087890625,387.9404602050781,550.6834106445312,384.8135070800781,564.4127807617188,390.9591064453125,564.92138671875,379.0261535644531,571.84228515625,327.23199462890625,595.6380615234375,269.91046142578125,622.2328491210938,228.3548583984375,628.26416015625,189.44569396972656,0
4833,214.22146606445312,148.688232421875,492.9543151855469,149.5709686279297,565.0748291015625,408.07470703125,585.52783203125,390.8049621582031,552.2543334960938,388.022705078125,566.0233764648438,392.3011779785156,566.4981689453125,381.5008850097656,570.834228515625,328.2787780761719,594.7138671875,270.85321044921875,621.869384765625,229.87979125976562,627.9525756835938,190.3504638671875,0
4834,214.28797912597656,148.86489868164062,492.947021484375,149.6643524169922,572.2739868164062,412.3577575683594,589.505615234375,395.81005859375,555.5048217773438,398.2721252441406,571.0330810546875,400.6913757324219,570.2568969726562,388.978271484375,571.1282958984375,334.6175537109375,592.2899780273438,274.6116638183594,620.9768676757812,228.01934814453125,621.2106323242188,192.32843017578125,0
4835,214.3695526123047,148.78675842285156,493.02044677734375,149.6221466064453,576.0393676757812,411.75360107421875,591.7080688476562,394.9397277832031,557.4299926757812,400.2006530761719,575.1689453125,401.2608642578125,572.437255859375,390.4588623046875,569.4842529296875,335.96099853515625,590.8455200195312,276.45806884765625,617.7643432617188,231.21112060546875,617.7847900390625,197.07948303222656,0
4836,214.30751037597656,148.712646484375,492.9540100097656,149.63136291503906,583.5235595703125,412.4949645996094,593.9031982421875,395.5469055175781,561.1373291015625,400.8843994140625,580.1446533203125,401.7847900390625,576.0855712890625,391.30047607421875,569.9487915039062,335.430419921875,589.630859375,276.49224853515625,616.0732421875,228.4418182373047,614.5858764648438,194.7923126220703,0
4837,214.28604125976562,148.70578002929688,492.9483337402344,149.65536499023438,583.5402221679688,412.5086669921875,593.9276733398438,395.58514404296875,561.1461791992188,400.90289306640625,580.1532592773438,401.7992858886719,576.09814453125,391.33135986328125,569.9482421875,335.4565734863281,589.612548828125,276.5092468261719,616.072021484375,228.44659423828125,614.5814208984375,194.79470825195312,0
4838,214.33154296875,148.7170867919922,492.9281921386719,149.65696716308594,583.5962524414062,412.4942626953125,593.8917236328125,395.58551025390625,561.0881958007812,400.9417724609375,580.251220703125,401.8855895996094,576.0933227539062,391.3084411621094,570.215576171875,335.39385986328125,589.6785278320312,276.49700927734375,616.0948486328125,228.39923095703125,614.562255859375,194.81442260742188,0
4839,214.3709716796875,148.71888732910156,492.88311767578125,149.94642639160156,583.8283081054688,416.2018737792969,596.0493774414062,397.4736328125,565.060546875,403.384765625,582.9445190429688,405.09112548828125,578.7875366210938,394.0202941894531,570.6392822265625,337.09014892578125,588.2420043945312,277.1342468261719,614.1676025390625,222.73806762695312,610.0830688476562,165.47264099121094,0
4840,214.2353973388672,148.47544860839844,493.040771484375,149.61265563964844,589.5736083984375,424.7622985839844,601.21337890625,402.16650390625,569.7504272460938,410.2554626464844,588.0663452148438,410.54852294921875,583.6769409179688,400.8437194824219,570.8643188476562,343.7834777832031,580.5986328125,281.3341064453125,604.8829345703125,227.015625,600.6726684570312,170.7095947265625,0
4841,214.40011596679688,148.51986694335938,493.1747741699219,149.58580017089844,589.1006469726562,434.85784912109375,603.806884765625,411.5272521972656,571.962158203125,416.1907653808594,586.8618774414062,417.80133056640625,585.0671997070312,407.48126220703125,570.0831298828125,351.0943603515625,568.1138916015625,288.04974365234375,583.4693603515625,244.7724151611328,582.4281616210938,210.47348022460938,0
4842,214.39657592773438,148.50759887695312,493.1810302734375,149.5930633544922,589.1305541992188,434.8333740234375,603.8546142578125,411.5133056640625,572.0364379882812,416.1647644042969,586.8705444335938,417.77447509765625,584.9935302734375,407.39495849609375,570.10498046875,350.8371276855469,568.1036987304688,288.0494384765625,583.4701538085938,244.7767791748047,582.4163818359375,210.43711853027344,0
4843,214.36582946777344,148.6200408935547,493.2333068847656,149.65130615234375,587.4044799804688,437.4256286621094,603.009033203125,414.5019836425781,570.8958129882812,418.6217346191406,586.43798828125,421.2215576171875,584.5549926757812,409.48919677734375,569.3583984375,351.69708251953125,567.6181640625,290.31561279296875,584.152587890625,247.81541442871094,584.6729736328125,217.9827880859375,0
4844,214.29664611816406,148.5547332763672,493.3711853027344,149.6322784423828,587.8809814453125,441.7936706542969,602.081787109375,417.475830078125,571.0353393554688,423.30865478515625,587.1447143554688,424.17633056640625,585.0916137695312,413.9746398925781,569.0941162109375,357.97198486328125,568.0159912109375,297.1272277832031,586.8980102539062,250.28599548339844,583.476806640625,199.7175750732422,0
4845,214.4197998046875,148.6399383544922,493.20257568359375,149.49525451660156,590.3710327148438,440.74346923828125,601.6070556640625,416.6260070800781,572.1170043945312,425.1091613769531,588.470703125,423.8262023925781,585.3468017578125,414.9442138671875,569.8643188476562,360.2724304199219,567.263671875,301.0745544433594,586.6951293945312,254.78240966796875,586.7781372070312,193.10975646972656,0
4846,214.42129516601562,148.86863708496094,493.16693115234375,149.607666015625,594.163330078125,441.06378173828125,600.8870849609375,416.6396484375,571.9688720703125,426.3485412597656,589.4496459960938,425.0911560058594,585.3831787109375,415.70697021484375,568.6575927734375,362.5893859863281,565.673828125,303.22698974609375,585.4662475585938,260.4163513183594,586.3084716796875,227.53305053710938,0
4847,214.4220733642578,148.86520385742188,493.1880187988281,149.59320068359375,594.16552734375,441.0676574707031,600.1327514648438,416.4571838378906,571.9151000976562,426.3300476074219,589.436279296875,425.0458679199219,585.3754272460938,415.7272033691406,568.1284790039062,361.0993347167969,565.6740112304688,303.2181701660156,585.0192260742188,260.0055847167969,586.27490234375,227.3397979736328,0
4848,214.48646545410156,148.8745574951172,493.16064453125,149.4623565673828,594.6823120117188,442.3184814453125,600.3040161132812,415.1875305175781,572.0389404296875,426.82025146484375,588.716064453125,424.1705017089844,584.8067626953125,414.92449951171875,568.5463256835938,361.7361755371094,565.9691162109375,302.9271545410156,584.561279296875,258.4749755859375,580.734375,204.0383758544922,0
4849,214.44996643066406,148.92796325683594,493.17852783203125,149.49142456054688,595.6193237304688,435.3775634765625,603.47607421875,415.1622009277344,573.6719360351562,425.9744567871094,590.3209228515625,424.2359924316406,585.82666015625,415.5699157714844,570.4666748046875,361.4155578613281,565.7083740234375,300.50836181640625,583.4586181640625,255.72091674804688,586.4623413085938,220.675537109375,0
4850,214.45037841796875,148.8404998779297,493.0981140136719,149.5214385986328,595.6143188476562,433.34246826171875,607.0081176757812,414.3065185546875,574.3610229492188,425.11993408203125,595.0628051757812,425.3683776855469,588.241943359375,415.5726623535156,570.1366577148438,361.16046142578125,565.3703002929688,300.1417236328125,583.7003784179688,251.4348907470703,585.3411254882812,191.1613006591797,0
4851,214.45343017578125,148.78395080566406,493.1594543457031,149.5377960205078,601.319091796875,436.3708190917969,608.4808349609375,413.3536376953125,581.0363159179688,424.84820556640625,598.9880981445312,425.5163269042969,592.174560546875,414.981689453125,571.5228881835938,357.8811950683594,564.625244140625,296.7587890625,581.5617065429688,246.54408264160156,579.81103515625,183.2694854736328,0
4852,214.3719940185547,148.7062530517578,493.1661682128906,149.49334716796875,606.0298461914062,436.2326965332031,613.2805786132812,412.55426025390625,586.0769653320312,425.2082824707031,600.6953125,424.4676208496094,597.116455078125,414.4804992675781,575.4669799804688,356.9393005371094,566.2246704101562,294.48614501953125,584.7977905273438,239.20513916015625,585.927490234375,182.5261688232422,0
4853,214.34182739257812,148.7220001220703,493.1868591308594,149.5306854248047,605.8111572265625,436.20526123046875,617.3079223632812,411.67803955078125,588.2318115234375,423.6921081542969,604.3303833007812,423.8568115234375,600.5870971679688,413.8739318847656,577.4070434570312,357.2372741699219,565.4868774414062,294.6431884765625,585.3661499023438,237.50186157226562,588.4607543945312,179.45191955566406,0
4854,214.3179168701172,148.72457885742188,493.2265930175781,149.4093780517578,604.0469360351562,433.45062255859375,618.6650390625,410.7331237792969,588.4227905273438,421.5743713378906,604.2892456054688,422.0769348144531,600.9843139648438,412.29742431640625,577.666259765625,357.20965576171875,564.7041015625,295.6097717285156,579.5899658203125,243.3067169189453,581.0610961914062,185.13148498535156,0
4855,214.28500366210938,148.7304229736328,493.22705078125,149.42742919921875,601.3668212890625,432.056640625,614.7388916015625,409.61651611328125,586.4780883789062,418.7671203613281,601.6276245117188,421.0211486816406,597.5183715820312,410.9717712402344,576.5723266601562,356.9097900390625,563.9271240234375,294.31744384765625,578.6827392578125,241.55508422851562,575.4349975585938,175.7416534423828,0
4856,214.28358459472656,148.73834228515625,493.23406982421875,149.37911987304688,601.3696899414062,432.0574951171875,614.7275390625,409.6134948730469,586.4959716796875,418.7696228027344,601.6316528320312,421.0616455078125,597.5155639648438,411.0038757324219,576.5785522460938,356.96978759765625,563.9363403320312,294.3289489746094,578.6973876953125,241.5387420654297,575.4389038085938,175.7487335205078,0
4857,214.32798767089844,148.65065002441406,493.2035827636719,149.4500274658203,599.3112182617188,433.9139099121094,614.3934326171875,410.4787902832031,585.71923828125,419.7851867675781,600.9763793945312,421.8140563964844,596.6478881835938,410.9820861816406,575.9330444335938,356.7562255859375,564.489013671875,293.8966369628906,581.736083984375,239.59735107421875,580.889404296875,174.5685272216797,0
4858,214.4064483642578,148.59912109375,493.2787780761719,149.44776916503906,600.436767578125,435.78466796875,614.1759643554688,411.41644287109375,585.9541015625,420.39697265625,600.7293090820312,422.5968017578125,597.104736328125,411.4228820800781,575.8013305664062,355.9656982421875,564.5450439453125,294.0037536621094,582.4334106445312,240.2636260986328,583.4160766601562,174.22361755371094,0
4859,214.42822265625,148.6677703857422,493.1226501464844,149.57078552246094,601.8116455078125,434.1656494140625,614.4061889648438,409.98431396484375,586.7034912109375,420.82562255859375,601.7305297851562,422.0849609375,596.998779296875,410.9603576660156,575.471923828125,357.0290222167969,563.8325805664062,294.52337646484375,580.6696166992188,240.36537170410156,581.675537109375,175.24891662597656,0
4860,214.4378204345703,148.59365844726562,493.0769958496094,149.58444213867188,604.9927978515625,429.9079284667969,613.407958984375,408.7164001464844,586.1103515625,420.9483642578125,602.8070068359375,420.7334289550781,596.5260620117188,410.5865478515625,574.3936767578125,356.91424560546875,563.4905395507812,294.2805480957031,579.7827758789062,239.41290283203125,578.4658813476562,174.06373596191406,0
4861,214.31491088867188,148.730712890625,493.0478515625,149.43408203125,602.5343627929688,429.6607360839844,612.8402709960938,409.2996826171875,584.7050170898438,419.57623291015625,600.8587646484375,420.0885314941406,594.9105224609375,410.1337585449219,574.199462890625,356.8858642578125,563.2726440429688,293.5853271484375,579.397705078125,241.7387237548828,579.5458984375,173.3411102294922,0
4862,214.3436737060547,148.69285583496094,493.17047119140625,149.49966430664062,605.4149780273438,427.4105224609375,611.1970825195312,407.9776306152344,583.92919921875,420.971923828125,601.9851684570312,419.2855529785156,593.78515625,410.4332275390625,573.7557373046875,357.0670471191406,563.7102661132812,294.1370544433594,580.9384155273438,239.69383239746094,580.9716186523438,172.70252990722656,0
4863,214.2326202392578,148.63999938964844,493.063232421875,149.53199768066406,614.3516845703125,424.8685302734375,610.7166137695312,403.8729553222656,589.9852294921875,421.7357177734375,605.4569091796875,414.81365966796875,598.5363159179688,407.38153076171875,572.0843505859375,356.2221374511719,563.5581665039062,295.58123779296875,581.33349609375,239.89642333984375,582.4505004882812,176.0662384033203,0
4864,214.31744384765625,148.5748748779297,493.1541442871094,149.4501190185547,630.1356811523438,432.3215637207031,617.3355102539062,401.9966735839844,597.5206298828125,421.792236328125,614.3243408203125,416.5083312988281,605.1686401367188,407.7426452636719,573.688232421875,358.00323486328125,562.0189819335938,298.03228759765625,575.2710571289062,245.35629272460938,573.1285400390625,188.11997985839844,0
4865,214.3217010498047,148.58078002929688,493.2190246582031,149.56488037109375,633.4059448242188,437.57366943359375,619.59716796875,402.1213073730469,598.5940551757812,422.6881103515625,616.9093627929688,418.5716857910156,606.8200073242188,407.9111633300781,573.3742065429688,358.0688781738281,560.8575439453125,300.31488037109375,569.9078369140625,248.781005859375,564.2985229492188,183.64540100097656,0
4866,214.27586364746094,148.6365509033203,493.213134765625,149.53414916992188,633.397705078125,437.5560607910156,619.5899047851562,402.1250305175781,598.5943603515625,422.667724609375,616.9007568359375,418.5631103515625,606.8167114257812,407.90081787109375,573.2965698242188,358.0634460449219,560.8563842773438,300.2949523925781,569.9505004882812,248.55126953125,564.2255249023438,183.69223022460938,0
4867,214.44688415527344,148.73983764648438,493.275390625,149.49163818359375,634.8538818359375,441.4969177246094,620.7764892578125,403.9871826171875,599.23046875,423.3905029296875,616.3280029296875,421.02484130859375,607.0225830078125,408.86822509765625,574.3790893554688,358.9882507324219,560.068359375,301.8454895019531,568.4429931640625,248.61151123046875,563.0499877929688,184.1505889892578,0
4868,214.42593383789062,148.77110290527344,493.189208984375,149.52012634277344,637.73046875,445.059326171875,621.5156860351562,407.5869445800781,599.8824462890625,429.1559143066406,618.421142578125,425.40753173828125,607.970458984375,414.15362548828125,575.62158203125,359.23577880859375,560.466552734375,301.8614807128906,567.6043090820312,255.25967407226562,561.935302734375,183.17483520507812,0
4869,214.46331787109375,148.6241912841797,493.2926025390625,149.49395751953125,638.3386840820312,445.257568359375,624.0191650390625,408.9414367675781,601.3790283203125,429.0384826660156,620.2361450195312,424.4730224609375,609.916748046875,415.19866943359375,575.474365234375,360.119873046875,560.1155395507812,302.93133544921875,567.4534301757812,252.82577514648438,563.2589111328125,186.9485321044922,0
4870,214.44357299804688,148.61187744140625,493.3096008300781,149.5139923095703,638.3269653320312,445.25201416015625,624.1048583984375,409.2493591308594,601.4777221679688,429.0289611816406,620.280029296875,424.553955078125,610.1002807617188,415.31671142578125,575.6105346679688,360.1670227050781,560.1090087890625,302.7850646972656,567.478759765625,252.78890991210938,563.300048828125,186.9285125732422,0
4871,214.41098022460938,148.587890625,493.23052978515625,149.3958740234375,639.1259765625,441.7840270996094,625.3438720703125,410.011962890625,604.502197265625,429.3553466796875,620.7926025390625,423.88909912109375,612.7219848632812,415.7684631347656,575.9937744140625,363.7049255371094,558.503173828125,302.84796142578125,565.7842407226562,255.06211853027344,560.3033447265625,189.87057495117188,0
4872,214.5044403076172,148.67698669433594,493.1745300292969,149.46128845214844,636.099365234375,440.95904541015625,626.7701416015625,409.09893798828125,606.3790893554688,428.3389587402344,622.0777587890625,424.4492492675781,615.1044311523438,414.7785949707031,577.7221069335938,364.9518127441406,556.7293701171875,304.31842041015625,559.4935302734375,256.8053894042969,551.3110961914062,196.76376342773438,0
4873,214.3732147216797,148.7070770263672,493.1929931640625,149.34561157226562,636.6591186523438,440.1484069824219,627.5934448242188,409.6483459472656,606.6487426757812,428.5091552734375,622.248046875,424.70263671875,615.8223266601562,415.132568359375,577.049560546875,365.0527648925781,555.8324584960938,304.4798889160156,556.4696655273438,255.13821411132812,545.546142578125,191.8648681640625,0
4874,214.2550811767578,148.65869140625,493.24664306640625,149.27670288085938,636.6055908203125,440.72393798828125,627.5055541992188,412.38958740234375,607.0396118164062,431.2069091796875,622.8380737304688,425.8292541503906,615.0565185546875,418.0137023925781,577.0999145507812,365.7829895019531,555.510498046875,305.1133117675781,554.8196411132812,257.89801025390625,543.3241577148438,187.9468536376953,0
4875,214.25765991210938,148.6595001220703,493.27276611328125,149.2343292236328,636.878662109375,440.74151611328125,627.361572265625,412.486328125,606.2788696289062,430.42559814453125,623.0084838867188,425.90020751953125,615.1769409179688,418.1530456542969,577.1734008789062,366.04132080078125,555.5095825195312,305.1260986328125,554.7958374023438,258.36773681640625,543.3704833984375,187.84010314941406,0
4876,214.23208618164062,148.57960510253906,493.1879577636719,149.17239379882812,637.6292724609375,440.815185546875,627.34912109375,411.9994201660156,606.9476318359375,431.484375,623.2376098632812,425.3157043457031,615.5048828125,418.2967529296875,576.9049682617188,365.2601318359375,556.0523681640625,305.583740234375,555.5305786132812,256.8228759765625,543.8071899414062,189.19894409179688,0
4877,214.2083740234375,148.6643829345703,493.1712646484375,149.21832275390625,637.61474609375,441.6236267089844,628.2445068359375,410.1809997558594,607.7076416015625,429.8569030761719,624.0408935546875,424.7021789550781,615.6316528320312,416.7887878417969,577.8321533203125,365.8624572753906,556.1282348632812,305.98736572265625,555.052490234375,259.4769287109375,543.365966796875,188.62841796875,0
4878,214.3006591796875,148.54164123535156,493.19439697265625,149.25291442871094,637.9935302734375,441.3930358886719,627.957275390625,410.1780700683594,607.29638671875,430.0824890136719,623.7208251953125,424.6029357910156,615.224853515625,416.8489990234375,577.5877075195312,365.75738525390625,555.9615478515625,305.2585754394531,554.6115112304688,255.72357177734375,544.4978637695312,190.3346405029297,0
4879,214.31825256347656,148.55752563476562,493.18060302734375,149.3013153076172,637.168701171875,438.92425537109375,621.5802612304688,407.1162109375,599.7357177734375,426.85394287109375,617.6823120117188,422.6089172363281,608.4080200195312,412.33209228515625,575.9126586914062,362.3267822265625,556.2728881835938,303.828125,556.9551391601562,253.76377868652344,545.9232177734375,193.73187255859375,0
4880,214.6365509033203,148.6404571533203,493.274169921875,149.3200225830078,638.9923095703125,438.3292236328125,618.4633178710938,404.3394470214844,596.6922607421875,426.5316467285156,615.1810913085938,421.2229919433594,607.07275390625,410.22894287109375,573.4506225585938,359.60595703125,556.7815551757812,301.6800231933594,560.828125,252.63662719726562,552.326416015625,188.60397338867188,0
4881,214.6231689453125,148.6299285888672,493.2358093261719,149.38792419433594,638.9534301757812,438.3088073730469,618.4505615234375,404.3641052246094,596.6978149414062,426.5460510253906,615.176513671875,421.23126220703125,607.1013793945312,410.21527099609375,574.9631958007812,359.0809326171875,556.7845458984375,301.634765625,560.9570922851562,252.0377197265625,552.2742309570312,188.4674530029297,0
4882,214.61495971679688,148.58059692382812,493.20013427734375,149.3383026123047,638.9099731445312,438.3434753417969,618.4649047851562,404.3327331542969,596.6611328125,426.5147705078125,615.1502685546875,421.2350158691406,607.0829467773438,410.2230529785156,573.48291015625,359.72772216796875,556.8041381835938,301.6880798339844,560.9019165039062,252.24087524414062,552.2266235351562,188.26856994628906,0
4883,214.54722595214844,148.7994842529297,493.3016052246094,149.46339416503906,641.4888305664062,437.5350341796875,618.5471801757812,402.660888671875,597.18896484375,426.6304626464844,615.35205078125,420.54443359375,606.588134765625,410.28240966796875,572.356689453125,359.556396484375,556.7883911132812,301.2827453613281,562.3524169921875,247.38580322265625,553.44482421875,178.38876342773438,0
4884,214.49777221679688,148.62940979003906,492.9540100097656,149.41098022460938,647.0047607421875,440.9408874511719,619.5089111328125,399.9584655761719,598.07421875,424.80126953125,618.8718872070312,419.6507568359375,606.7986450195312,409.07427978515625,572.3348999023438,357.7585754394531,552.3494873046875,303.6190490722656,550.5294799804688,256.7904968261719,549.6408081054688,218.19065856933594,0
4885,214.45220947265625,148.70469665527344,492.9504089355469,149.13711547851562,643.2208862304688,442.8201904296875,613.64990234375,398.59429931640625,592.94775390625,425.4482116699219,615.1023559570312,419.42694091796875,601.9456787109375,409.113525390625,567.001708984375,359.7382507324219,538.8748779296875,312.45855712890625,523.0394287109375,264.8385009765625,518.0299072265625,198.1697540283203,0
4886,214.42489624023438,148.73501586914062,493.00250244140625,149.12559509277344,641.8004150390625,440.7855529785156,610.2386474609375,395.98895263671875,589.1531372070312,425.2984313964844,610.59130859375,417.1148681640625,599.3846435546875,407.1946716308594,564.699951171875,358.7579650878906,537.3736572265625,311.090576171875,521.2332153320312,263.3753356933594,516.0884399414062,197.63217163085938,0
4887,214.53924560546875,148.74893188476562,492.9356384277344,149.18594360351562,637.64306640625,437.85552978515625,606.9295654296875,392.2894592285156,585.7765502929688,421.216552734375,607.2108154296875,414.07135009765625,595.2587890625,403.16265869140625,564.028076171875,357.26043701171875,536.2979736328125,309.6700134277344,520.1836547851562,263.2037048339844,515.0038452148438,194.7661895751953,0
4888,214.53231811523438,148.6715850830078,492.92626953125,149.23020935058594,633.2869262695312,435.5969543457031,602.9678955078125,388.0421142578125,581.8413696289062,417.0401306152344,604.807373046875,410.201416015625,591.2243041992188,399.5532531738281,562.4352416992188,354.98291015625,535.7810668945312,308.9571533203125,518.5078125,260.3379211425781,514.1829223632812,193.6100616455078,0
4889,214.4875946044922,148.77659606933594,493.06219482421875,149.2239990234375,630.3782958984375,435.7235412597656,602.6885375976562,384.9193115234375,577.8587646484375,412.74505615234375,600.2481079101562,408.3133544921875,590.6627807617188,394.8502197265625,561.6731567382812,351.6234436035156,534.4716796875,307.4445495605469,516.45263671875,257.6072998046875,513.6314697265625,191.69554138183594,0
4890,214.48829650878906,148.7832794189453,493.06005859375,149.19447326660156,630.37841796875,435.7232360839844,602.7032470703125,384.91558837890625,577.8510131835938,412.7417297363281,600.2522583007812,408.3120422363281,590.6725463867188,394.8466796875,561.6754760742188,351.5791931152344,534.4693603515625,307.4410400390625,516.4503784179688,257.6146240234375,513.6568603515625,191.68653869628906,0
4891,214.42221069335938,148.58944702148438,493.1004638671875,149.0845947265625,629.8208618164062,433.677734375,602.2068481445312,382.16131591796875,577.8634033203125,411.5943603515625,600.3306274414062,405.2242126464844,589.6519775390625,394.1261291503906,562.0653076171875,352.17254638671875,534.9707641601562,308.986083984375,514.4947509765625,261.0421142578125,506.3436584472656,193.97702026367188,0
4892,214.41964721679688,148.6706085205078,493.154052734375,149.24688720703125,634.8097534179688,427.9476623535156,605.0050048828125,383.2563781738281,583.3951416015625,413.6210021972656,604.9266357421875,405.3696594238281,593.0321044921875,394.4848327636719,563.8135986328125,353.809814453125,535.9913940429688,309.7862548828125,513.2989501953125,259.441650390625,503.7470703125,196.4008331298828,0
4893,214.43971252441406,148.68710327148438,493.2004699707031,149.14193725585938,641.8056640625,425.88690185546875,608.15576171875,383.07177734375,589.4636840820312,415.3024597167969,609.4913940429688,404.73626708984375,596.6760864257812,394.9964294433594,565.6751708984375,353.8780212402344,535.7985229492188,309.94244384765625,512.8775024414062,260.19171142578125,503.9103088378906,196.59552001953125,0
4894,214.49000549316406,148.551513671875,493.1610107421875,149.13131713867188,648.1797485351562,417.4239196777344,609.7076416015625,380.10693359375,594.596435546875,414.3873596191406,614.0906372070312,402.4949035644531,600.1849365234375,393.45770263671875,565.8941040039062,354.9424133300781,534.6972045898438,309.1241760253906,511.0782470703125,257.7225036621094,501.8216247558594,196.28500366210938,0
4895,214.4494171142578,148.5875244140625,493.16253662109375,149.12989807128906,648.1712036132812,417.40411376953125,609.6962890625,380.1073303222656,594.5899658203125,414.3742980957031,614.0762939453125,402.4869079589844,600.1793212890625,393.4204406738281,565.8726196289062,354.9076843261719,534.6929321289062,309.1236572265625,511.0799255371094,257.6630859375,501.81768798828125,196.2820587158203,0
4896,214.535400390625,148.62416076660156,493.1815185546875,149.21568298339844,651.710693359375,411.9464416503906,611.9281616210938,376.74005126953125,595.8698120117188,410.7956848144531,615.5579833984375,398.1100769042969,602.3430786132812,391.0628356933594,566.4990234375,354.9412841796875,534.5214233398438,310.1207580566406,509.74847412109375,261.71026611328125,496.95135498046875,196.0492706298828,0
4897,214.16357421875,148.82916259765625,493.16064453125,149.52239990234375,650.6062622070312,394.8482666015625,607.69482421875,365.3188781738281,597.5452880859375,400.1512756347656,613.70849609375,383.9485778808594,599.9832763671875,380.1431579589844,562.292724609375,352.86065673828125,533.5726318359375,310.6516418457031,508.60479736328125,263.0316162109375,495.8962707519531,196.61471557617188,0
4898,214.28599548339844,148.84478759765625,493.1124572753906,149.3605194091797,648.3135375976562,392.4918212890625,607.1312866210938,360.421630859375,595.7522583007812,397.28912353515625,612.508056640625,380.6929931640625,598.1396484375,376.92718505859375,561.017578125,350.39202880859375,532.7251586914062,311.5324401855469,506.5465393066406,264.5289001464844,492.83251953125,197.1749725341797,0
4899,214.28036499023438,148.92906188964844,493.1208801269531,149.36767578125,639.7108764648438,361.9810485839844,594.890869140625,353.4634704589844,602.496826171875,392.3050842285156,608.2391967773438,370.3706359863281,593.74365234375,373.88580322265625,557.5283203125,351.40380859375,530.9960327148438,311.8277587890625,505.9906005859375,267.19952392578125,498.148681640625,203.388671875,0
4900,214.28036499023438,148.92837524414062,493.12103271484375,149.3677520751953,639.7196655273438,361.9895935058594,594.9068603515625,353.4196472167969,602.4331665039062,392.3325500488281,608.2758178710938,370.4416809082031,593.7952270507812,373.8814697265625,557.4566650390625,351.3751220703125,531.0076293945312,311.85198974609375,506.0072021484375,267.2290954589844,498.14813232421875,203.38722229003906,0
4901,214.3292999267578,148.59718322753906,493.2608947753906,149.256591796875,638.5620727539062,345.4613037109375,591.2987060546875,346.6851806640625,604.4877319335938,384.093017578125,606.4954833984375,362.4216003417969,592.4410400390625,368.4422302246094,555.7847290039062,352.4568176269531,529.8654174804688,312.45849609375,505.5030212402344,269.219970703125,497.3088073730469,209.7411651611328,0
4902,214.2915802001953,148.8533935546875,493.2716064453125,149.12889099121094,635.6935424804688,332.6806640625,584.5206298828125,335.7340087890625,602.3892211914062,374.2232360839844,600.0728759765625,350.4509582519531,586.9879760742188,360.1930236816406,553.0921020507812,352.2874755859375,525.8781127929688,315.55682373046875,497.0328369140625,272.58740234375,472.8163146972656,208.73757934570312,0
4903,214.09523010253906,148.6878204345703,493.3184814453125,149.11622619628906,634.37548828125,330.0762634277344,582.2904052734375,333.99774169921875,601.9298706054688,371.3663635253906,599.6857299804688,347.9232177734375,586.1795043945312,358.00579833984375,553.0775146484375,351.4996337890625,525.1400756835938,315.294189453125,496.21856689453125,271.5727844238281,471.9569091796875,204.8539276123047,0
4904,214.24868774414062,148.69044494628906,493.345703125,149.28636169433594,637.5264282226562,330.91558837890625,585.2390747070312,332.993408203125,604.504150390625,370.8050537109375,602.6561889648438,346.9310302734375,588.4680786132812,356.6317443847656,554.2760009765625,351.82476806640625,525.1607666015625,315.9106140136719,496.8582458496094,271.73565673828125,474.4298400878906,205.39805603027344,0
4905,214.26312255859375,148.69479370117188,493.3074035644531,149.21827697753906,637.51318359375,330.8896789550781,585.2410888671875,332.9912109375,604.5325317382812,370.7853088378906,602.6655883789062,346.9204406738281,588.45849609375,356.6130065917969,554.2548828125,351.8101806640625,525.1732177734375,315.8990173339844,496.884033203125,271.77392578125,474.3529968261719,205.39166259765625,0
4906,214.26742553710938,148.7211151123047,493.3266906738281,149.1836700439453,635.7987670898438,333.6589050292969,584.8180541992188,333.507080078125,603.8818359375,372.16436767578125,601.9569702148438,348.5765686035156,587.6009521484375,357.6554870605469,553.8763427734375,351.9837951660156,525.3624267578125,316.28192138671875,496.6253662109375,271.85101318359375,474.5068359375,205.6366424560547,0
4907,214.2178955078125,148.6733856201172,493.3369140625,149.2099609375,635.159912109375,334.6307678222656,585.25244140625,333.0321044921875,601.9528198242188,372.4887390136719,601.5625,347.9374084472656,587.3473510742188,356.87445068359375,553.4415283203125,352.3800964355469,525.37158203125,316.343994140625,496.8091735839844,272.67193603515625,474.7642822265625,205.8323516845703,0
4908,214.3680877685547,148.59927368164062,493.3540344238281,149.1962432861328,636.9874877929688,333.0721435546875,584.6421508789062,331.76385498046875,601.9276123046875,370.6915588378906,601.2073364257812,346.14971923828125,586.8197631835938,355.13006591796875,553.5506591796875,351.3222351074219,525.4755859375,316.1898193359375,496.3815002441406,272.1103515625,475.08087158203125,206.24383544921875,0
4909,214.41552734375,148.5789794921875,493.3317565917969,149.24554443359375,636.6112060546875,328.9599914550781,584.253173828125,331.6761779785156,603.2079467773438,369.9682922363281,601.4641723632812,345.3656005859375,587.7276611328125,355.47625732421875,554.4952392578125,351.4605407714844,525.60791015625,316.1873474121094,496.3470764160156,271.9261474609375,474.8985595703125,205.95809936523438,0
4910,214.45603942871094,148.6859588623047,493.20404052734375,149.13790893554688,632.8193359375,328.8936767578125,582.3466796875,331.99945068359375,603.2955322265625,369.56976318359375,599.94580078125,344.8743591308594,586.613037109375,355.7526550292969,554.5144653320312,351.5838623046875,525.7510375976562,316.35369873046875,496.19573974609375,272.3074645996094,474.89990234375,205.66026306152344,0
4911,214.44960021972656,148.69955444335938,493.1961669921875,149.20785522460938,632.7947998046875,328.9958190917969,582.3335571289062,331.98565673828125,603.3096923828125,369.5038757324219,600.0133666992188,344.8638610839844,586.6011962890625,355.7275695800781,554.4757080078125,351.51153564453125,525.76708984375,316.3477783203125,496.314208984375,272.5244445800781,474.83404541015625,205.63681030273438,0
4912,214.43765258789062,148.75718688964844,493.324462890625,149.04222106933594,632.3743286132812,328.46875,582.4376220703125,329.478759765625,601.9286499023438,367.6623229980469,599.8231811523438,344.0496826171875,585.4923095703125,352.5762939453125,554.339599609375,350.4410400390625,525.9052124023438,316.5894470214844,496.54364013671875,272.9581604003906,475.3931884765625,205.3289031982422,0
4913,214.32923889160156,148.7979278564453,493.4052734375,149.15618896484375,632.3474731445312,327.5805358886719,583.5205688476562,328.55987548828125,602.2545776367188,366.8372802734375,600.4461669921875,343.0816955566406,586.1068725585938,351.16339111328125,554.1946411132812,349.71734619140625,525.9088134765625,316.5563049316406,496.70654296875,273.2710876464844,475.13446044921875,205.81622314453125,0
4914,214.28712463378906,148.88699340820312,493.4855651855469,149.12521362304688,637.5325317382812,325.9163818359375,585.4534301757812,329.9236755371094,605.416015625,365.59674072265625,603.4159545898438,342.5270690917969,589.1972045898438,350.9308776855469,555.4939575195312,350.5357360839844,525.8450927734375,316.6186218261719,497.0837097167969,273.8121643066406,475.08599853515625,206.1325225830078,0
4915,214.30152893066406,148.91172790527344,493.47320556640625,149.12611389160156,637.5549926757812,325.9609069824219,585.4802856445312,329.93035888671875,605.4317016601562,365.599853515625,603.416259765625,342.5152282714844,589.1870727539062,350.9205017089844,555.4777221679688,350.6095886230469,525.9757080078125,316.7852478027344,497.2217102050781,274.03570556640625,475.0712890625,206.14999389648438,0
4916,214.3911895751953,148.86134338378906,493.2721252441406,149.0859832763672,637.5640258789062,326.1607971191406,586.3495483398438,331.0162658691406,606.5185546875,366.5709228515625,604.4931640625,343.44482421875,590.7257690429688,352.4512023925781,556.56494140625,350.9413757324219,525.8796997070312,316.54400634765625,496.69903564453125,273.1349182128906,474.9256286621094,205.3688201904297,0
4917,214.43858337402344,148.74679565429688,493.15863037109375,149.19686889648438,638.3737182617188,328.1062316894531,586.9634399414062,331.4422302246094,605.832275390625,366.99151611328125,604.70703125,344.1153564453125,590.5349731445312,352.5438232421875,556.3859252929688,351.39703369140625,525.9735717773438,316.7943420410156,497.0602111816406,273.8594665527344,475.0416259765625,206.05406188964844,0
4918,214.5453643798828,148.60411071777344,493.2674560546875,149.0861358642578,637.4791870117188,328.2281494140625,586.6660766601562,331.0430603027344,605.332275390625,366.62213134765625,603.881103515625,344.0688781738281,590.521484375,352.3908386230469,556.9268188476562,351.2225646972656,526.02197265625,316.7495422363281,496.87860107421875,273.4798583984375,475.0067443847656,205.70985412597656,0
4919,214.42758178710938,148.6803436279297,493.2318420410156,149.1541290283203,637.1400146484375,326.46160888671875,586.1376342773438,330.18011474609375,605.1461181640625,365.5791931152344,603.2645874023438,342.68719482421875,589.4246215820312,350.9033508300781,556.47021484375,351.17364501953125,526.01953125,316.9153137207031,496.87005615234375,273.3165283203125,474.8541564941406,206.04202270507812,0
4920,214.67413330078125,148.61749267578125,493.25146484375,149.10459899902344,637.5167846679688,325.6630554199219,586.1246337890625,329.6983337402344,605.4240112304688,364.613037109375,603.4651489257812,342.0077209472656,589.6027221679688,350.15179443359375,556.4877319335938,350.9560241699219,525.8404541015625,316.75390625,496.7458801269531,273.1766662597656,474.81121826171875,205.96730041503906,0
4921,214.6702880859375,148.6116943359375,493.2362365722656,149.1604766845703,637.5282592773438,325.6756896972656,586.1356201171875,329.7117919921875,605.42333984375,364.6180419921875,603.4701538085938,342.02288818359375,589.5935668945312,350.152587890625,556.4534301757812,350.9434509277344,525.8107299804688,316.7083435058594,496.6936340332031,273.0755310058594,474.8213195800781,206.0357666015625,0
4922,214.52276611328125,148.74673461914062,493.22894287109375,149.2299346923828,637.6139526367188,324.6914978027344,585.9979248046875,328.687744140625,606.0696411132812,363.8996276855469,603.4424438476562,341.1896057128906,589.7532348632812,349.1795349121094,556.6497802734375,350.8117370605469,525.6350708007812,316.6999206542969,496.47119140625,272.5531311035156,474.874755859375,205.97056579589844,0
4923,214.50863647460938,148.66993713378906,493.1716003417969,149.28280639648438,637.6668090820312,325.11572265625,585.4255981445312,329.16070556640625,606.1069946289062,363.8979187011719,603.4320068359375,341.468017578125,589.9266967773438,349.32635498046875,555.9811401367188,350.5386047363281,525.58251953125,316.6994323730469,496.49652099609375,272.6614074707031,474.8060607910156,206.0867462158203,0
4924,214.57557678222656,148.7552032470703,493.1616516113281,149.2344970703125,637.439208984375,324.84063720703125,585.9596557617188,329.8545837402344,606.1796264648438,364.5324401855469,603.3845825195312,341.991943359375,589.7593994140625,350.510009765625,555.8944702148438,350.968505859375,525.7011108398438,316.66534423828125,496.4117126464844,272.7442626953125,474.72442626953125,206.15740966796875,0
4925,214.38043212890625,148.54843139648438,493.0887145996094,149.2540740966797,634.9496459960938,323.2362365722656,585.5479736328125,330.0225830078125,606.6771240234375,365.11566162109375,603.3211669921875,341.81781005859375,589.7749633789062,350.9223937988281,556.8645629882812,351.07666015625,525.9969482421875,316.871337890625,496.7072448730469,273.0222473144531,474.4226989746094,206.3850555419922,0
4926,214.36593627929688,148.61172485351562,493.0888671875,149.25399780273438,634.9459228515625,323.19134521484375,585.5203247070312,329.9873046875,606.6759033203125,365.0726013183594,603.2389526367188,341.85382080078125,589.7423095703125,350.9407958984375,556.88525390625,351.07586669921875,526.0074462890625,316.8426513671875,496.6149597167969,272.9286193847656,474.4265441894531,206.3852081298828,0
4927,214.3507843017578,148.79579162597656,493.08868408203125,149.3340606689453,634.5553588867188,323.5813903808594,585.5654907226562,329.78924560546875,606.5272216796875,364.6876525878906,603.2171630859375,341.7304382324219,589.7565307617188,350.5964050292969,556.8662719726562,351.21820068359375,526.0870361328125,316.9878845214844,496.7754821777344,272.9333190917969,474.3592834472656,205.87710571289062,0
4928,214.43893432617188,148.71646118164062,493.06280517578125,149.34820556640625,635.7123413085938,322.6048583984375,585.6541137695312,329.35882568359375,606.4593505859375,364.0623779296875,603.3894653320312,341.2320251464844,589.9553833007812,350.0289306640625,556.0460205078125,350.87982177734375,525.9466552734375,317.0191650390625,496.6202392578125,272.9825744628906,474.53741455078125,205.39527893066406,0
4929,214.4625244140625,148.70330810546875,493.15521240234375,149.4219970703125,636.5731201171875,322.3966369628906,585.7877807617188,329.06768798828125,606.2747192382812,363.87237548828125,603.5350341796875,341.0207824707031,589.9859619140625,349.670166015625,556.109375,350.6872863769531,526.0584716796875,317.09478759765625,496.8128356933594,273.3193054199219,474.5643615722656,205.45660400390625,0
4930,214.56607055664062,148.69522094726562,493.1660461425781,149.58367919921875,633.6171264648438,319.6058044433594,585.2998657226562,330.89324951171875,608.8211059570312,363.8544006347656,604.0228271484375,340.921630859375,590.6817626953125,351.2220458984375,557.022216796875,350.7792053222656,525.5424194335938,316.68603515625,496.2077941894531,273.0406188964844,473.6400146484375,205.45632934570312,0
4931,214.5147705078125,148.7598114013672,493.1600341796875,149.5720672607422,629.9839477539062,320.1993103027344,584.890869140625,330.9361877441406,607.0921630859375,362.87176513671875,603.3390502929688,340.5604248046875,589.8351440429688,351.0255126953125,555.9678955078125,351.8745422363281,524.9490356445312,317.248779296875,496.5462646484375,274.0129699707031,474.1611022949219,205.63555908203125,0
4932,214.49533081054688,148.74888610839844,493.15106201171875,149.53265380859375,629.9812622070312,320.2116394042969,584.8901977539062,330.9375915527344,607.094482421875,362.8883361816406,603.3426513671875,340.5762023925781,589.837158203125,351.0488586425781,555.962646484375,351.8821716308594,524.9765014648438,317.2731018066406,496.5135192871094,274.0067138671875,474.1691589355469,205.6139678955078,0
4933,214.4550018310547,148.64639282226562,493.14056396484375,149.42982482910156,627.3126220703125,318.9209289550781,586.3460693359375,331.1463928222656,609.6442260742188,361.7244567871094,603.4498901367188,338.784912109375,590.1553955078125,349.7001647949219,554.7709350585938,353.3819580078125,523.3272094726562,318.19219970703125,496.0074462890625,273.4422912597656,474.3663330078125,205.61927795410156,0
4934,214.40972900390625,148.7792510986328,493.2650146484375,149.4259796142578,626.644287109375,321.3167724609375,593.0305786132812,326.48980712890625,611.9663696289062,358.26324462890625,607.318603515625,337.5920104980469,593.18408203125,346.08526611328125,549.5407104492188,351.7178955078125,514.2449340820312,322.4218444824219,491.8531494140625,273.163818359375,474.58087158203125,205.44834899902344,0
4935,214.32823181152344,148.509765625,493.273193359375,149.3018035888672,625.8603515625,316.36163330078125,595.586669921875,322.265869140625,615.0009765625,353.19964599609375,609.1385498046875,331.0025329589844,596.4971313476562,341.8490295410156,553.434814453125,349.0976257324219,507.58331298828125,325.69012451171875,486.509765625,277.2576599121094,474.87713623046875,206.28387451171875,0
4936,214.33255004882812,148.6190643310547,493.2132263183594,149.36184692382812,618.4065551757812,308.0273742675781,595.84326171875,312.9637756347656,616.3028564453125,340.8740539550781,607.938232421875,321.17242431640625,597.0367431640625,331.2417297363281,556.3856811523438,351.246826171875,504.0103759765625,342.5297546386719,472.2066650390625,310.8143005371094,454.43157958984375,262.9914855957031,0
4937,214.33248901367188,148.61978149414062,493.214111328125,149.3418426513672,618.3833618164062,308.02056884765625,595.84912109375,312.9809265136719,616.3201904296875,340.8226013183594,607.94384765625,321.1238098144531,597.0669555664062,331.21533203125,556.34130859375,351.26568603515625,504.0076904296875,342.5287170410156,472.2034912109375,310.7943115234375,454.4087219238281,262.9258728027344,0
4938,214.42738342285156,148.59124755859375,493.2307434082031,149.59849548339844,617.8289794921875,303.20166015625,596.6629638671875,310.0219421386719,617.447021484375,337.3271789550781,609.1133422851562,317.0326843261719,599.08642578125,329.8399658203125,561.2021484375,351.9810791015625,504.42071533203125,347.5846862792969,466.9778747558594,313.37109375,438.5994567871094,245.64154052734375,0
4939,214.39642333984375,148.66859436035156,493.2409362792969,149.69189453125,617.3317260742188,294.536865234375,596.1019897460938,309.68206787109375,621.4860229492188,331.6970520019531,611.2125244140625,313.26123046875,602.83935546875,326.86468505859375,569.9910278320312,355.33660888671875,515.7637939453125,365.622802734375,481.4295959472656,336.2563781738281,462.0348815917969,290.32342529296875,0
4940,214.3073272705078,148.63778686523438,493.2890930175781,149.69039916992188,618.3353881835938,287.0412902832031,595.5346069335938,308.2210388183594,625.3927612304688,326.6695861816406,612.1583251953125,308.4273986816406,605.2216186523438,323.6031494140625,580.0555419921875,357.06365966796875,525.499267578125,376.1636962890625,488.206787109375,349.4068298339844,469.7842712402344,276.18280029296875,0
4941,214.36236572265625,148.58428955078125,493.2555847167969,149.72940063476562,610.6087646484375,273.3424072265625,590.3331909179688,296.6572570800781,623.5381469726562,310.80133056640625,607.1596069335938,295.0351257324219,603.8486328125,309.9128723144531,584.597900390625,347.6951904296875,539.1513061523438,382.7539367675781,496.0931396484375,363.129150390625,472.05059814453125,287.64324951171875,0
4942,214.4065399169922,148.58091735839844,493.10516357421875,149.72171020507812,594.3718872070312,269.1166687011719,580.7637329101562,294.4425048828125,615.2705078125,299.69976806640625,595.6175537109375,288.51434326171875,595.1128540039062,303.924072265625,584.6480712890625,344.8736572265625,544.0923461914062,387.762451171875,503.4441833496094,369.4921875,479.75445556640625,304.9225158691406,0
4943,214.36398315429688,148.6392059326172,493.1566467285156,149.70809936523438,576.527099609375,268.1005554199219,571.1353759765625,299.39044189453125,604.422119140625,296.4308166503906,583.95361328125,289.1295471191406,587.716064453125,302.9466552734375,584.9169921875,344.8477783203125,554.3881225585938,396.31585693359375,509.22821044921875,379.72149658203125,483.9979553222656,310.3756408691406,0
4944,214.35165405273438,148.62515258789062,493.1006164550781,149.76576232910156,565.5380859375,267.6663818359375,563.288818359375,305.1827087402344,594.6814575195312,297.7888488769531,574.4357299804688,291.3226013183594,579.6443481445312,305.9726867675781,587.1026611328125,344.647705078125,565.1820068359375,403.463623046875,516.6787719726562,391.279541015625,485.43829345703125,328.5552978515625,0
4945,214.48265075683594,148.49903869628906,493.13348388671875,149.74017333984375,560.5123291015625,269.1967468261719,559.1316528320312,310.50115966796875,588.371826171875,300.9663391113281,569.6897583007812,295.2342529296875,575.96630859375,310.625244140625,587.7230834960938,349.7901916503906,573.9456787109375,406.4653625488281,526.7789306640625,403.8304138183594,495.20849609375,347.9721374511719,0
4946,214.49954223632812,148.45272827148438,493.13873291015625,149.70980834960938,560.5130004882812,269.1947021484375,559.13232421875,310.5050964355469,588.3804321289062,300.9588928222656,569.6931762695312,295.2441711425781,575.9644165039062,310.6260986328125,587.7364501953125,349.74884033203125,573.94775390625,406.4632263183594,526.7548217773438,403.811767578125,495.239990234375,348.01849365234375,0
4947,214.53724670410156,148.4286346435547,493.0406188964844,149.76292419433594,551.014892578125,271.5951232910156,554.8284301757812,312.7178039550781,581.8287353515625,297.9752502441406,562.0029907226562,294.9596252441406,570.1912231445312,309.162353515625,586.5582275390625,346.3973693847656,581.1998291015625,406.30517578125,540.834228515625,405.8751525878906,515.7786254882812,352.4188232421875,0
4948,214.32644653320312,148.44651794433594,493.0720520019531,149.63002014160156,539.2905883789062,275.62579345703125,543.9810791015625,313.2789611816406,568.9742431640625,296.1957702636719,551.2440795898438,296.6245422363281,559.8084716796875,309.54876708984375,582.2061767578125,343.3334655761719,591.2521362304688,404.0074157714844,551.795166015625,418.74853515625,514.4559936523438,361.4920959472656,0
4949,214.4385986328125,148.4427032470703,493.06622314453125,149.71649169921875,531.2035522460938,282.154052734375,541.511474609375,319.5753173828125,564.6488647460938,296.86614990234375,545.90283203125,300.4035949707031,557.272705078125,311.7823181152344,580.40087890625,344.5068054199219,593.806884765625,403.71441650390625,553.2332153320312,423.4761962890625,517.6856079101562,368.3011474609375,0
4950,214.41416931152344,148.3223114013672,493.0259704589844,149.87387084960938,527.9443969726562,289.85589599609375,538.8700561523438,324.08587646484375,557.4896240234375,299.5934143066406,541.7587890625,304.3588562011719,553.254638671875,316.0903015136719,581.4378051757812,344.2828063964844,600.11376953125,396.2640380859375,581.8617553710938,430.4047546386719,536.3319702148438,380.2461242675781,0
4951,214.38929748535156,148.32740783691406,493.02423095703125,149.87640380859375,527.969970703125,289.8152770996094,538.836669921875,324.0059509277344,557.4608154296875,299.47320556640625,541.742431640625,304.25006103515625,553.20263671875,315.956298828125,581.3861694335938,344.1687316894531,600.09130859375,396.2853088378906,581.9729614257812,430.40521240234375,537.40625,382.6995544433594,0
4952,214.39395141601562,148.51072692871094,493.0601501464844,149.8510284423828,527.3822631835938,296.40545654296875,542.3825073242188,327.69598388671875,557.6019287109375,301.40045166015625,542.6820678710938,308.2060546875,555.6651000976562,317.6419372558594,584.8932495117188,342.0289306640625,602.6629028320312,390.9599304199219,587.7593383789062,428.9024658203125,545.4004516601562,374.17333984375,0
4953,214.28533935546875,148.41494750976562,493.1387023925781,149.5815887451172,523.5592041015625,300.34820556640625,544.2140502929688,335.1260986328125,557.5234375,306.3375244140625,543.5244750976562,313.08770751953125,555.716552734375,323.34906005859375,589.1414794921875,344.4158935546875,610.1365966796875,390.40283203125,595.5426635742188,430.75372314453125,553.62158203125,378.7391662597656,0
4954,214.17587280273438,148.51913452148438,493.1716003417969,149.66156005859375,521.7410888671875,301.6902160644531,542.6551513671875,336.1315612792969,555.8920288085938,306.2381286621094,541.1179809570312,313.722412109375,553.4960327148438,324.2531433105469,588.282958984375,346.02886962890625,613.0806274414062,390.8638610839844,596.607421875,430.77716064453125,551.1950073242188,381.4307861328125,0
4955,214.4210205078125,148.59597778320312,493.1095886230469,149.62327575683594,516.3801879882812,321.4956970214844,542.4290771484375,351.9022216796875,549.5260620117188,318.7670593261719,538.3109130859375,329.0118713378906,552.2910766601562,336.56793212890625,587.9307250976562,351.1050720214844,615.6647338867188,389.4601745605469,608.27294921875,431.0517578125,559.373291015625,389.4339599609375,0
4956,214.40640258789062,148.5979766845703,493.1439208984375,149.64378356933594,516.3892211914062,321.48150634765625,542.4437866210938,351.8755187988281,549.3855590820312,318.7469787597656,538.2473754882812,328.9726257324219,552.2758178710938,336.53021240234375,587.9004516601562,351.5254211425781,615.6544799804688,389.6529235839844,608.2360229492188,430.9942932128906,559.5245361328125,389.8260498046875,0
4957,214.3309326171875,148.5468292236328,493.0798034667969,149.69578552246094,516.4263305664062,324.6519775390625,540.2146606445312,354.14056396484375,547.5558471679688,321.7902526855469,535.5691528320312,332.45953369140625,549.3231811523438,338.38153076171875,586.2520751953125,351.19091796875,617.7074584960938,388.16436767578125,615.5045776367188,429.28985595703125,562.3811645507812,397.5374755859375,0
4958,214.38523864746094,148.57228088378906,493.01397705078125,149.55966186523438,511.3263244628906,332.8914489746094,538.55712890625,360.6067199707031,543.163330078125,326.5494384765625,531.1300659179688,339.84002685546875,545.6476440429688,343.5458068847656,585.6756591796875,350.625244140625,625.0789184570312,382.8746337890625,628.3452758789062,425.70208740234375,574.961181640625,400.57177734375,0
4959,214.34262084960938,148.507080078125,493.12432861328125,149.58404541015625,507.89947509765625,337.9580078125,540.4291381835938,364.00537109375,542.701416015625,330.7681579589844,530.5067749023438,344.47967529296875,546.3766479492188,347.93243408203125,586.6136474609375,354.1315002441406,626.1082763671875,380.90252685546875,634.6537475585938,423.8509521484375,582.5615844726562,405.7752990722656,0
4960,214.48289489746094,148.62796020507812,493.0809631347656,149.7820587158203,511.3138732910156,342.1339111328125,542.79638671875,365.3858337402344,544.3528442382812,334.3068542480469,534.0709838867188,346.1841125488281,548.588623046875,350.3756103515625,588.950927734375,354.82122802734375,622.3057861328125,379.3184814453125,630.0165405273438,416.4656982421875,609.213623046875,446.43890380859375,0
4961,214.55960083007812,148.55723571777344,493.104248046875,149.7346649169922,518.0188598632812,342.7530517578125,545.9735107421875,366.30169677734375,548.0093383789062,334.7691955566406,538.7948608398438,346.2586669921875,552.1624145507812,351.0525207519531,590.7806396484375,354.44830322265625,623.3787841796875,377.1064147949219,635.03515625,420.9991149902344,611.7191772460938,448.298583984375,0
4962,214.29808044433594,148.61325073242188,493.1917419433594,149.69886779785156,525.5537719726562,341.734619140625,550.5517578125,369.67828369140625,552.7056884765625,334.3183288574219,541.8455200195312,347.853271484375,556.98779296875,351.7055969238281,593.7537231445312,351.338623046875,621.9275512695312,372.23370361328125,635.1705932617188,409.3630065917969,641.3417358398438,448.75244140625,0
4963,214.25051879882812,148.66322326660156,493.1269836425781,149.77699279785156,524.8937377929688,341.56561279296875,552.6617431640625,366.71929931640625,553.1403198242188,333.6929931640625,543.03125,346.8206787109375,559.04248046875,349.7551574707031,596.7471313476562,350.67108154296875,623.2875366210938,372.1771240234375,636.6151733398438,409.8777160644531,642.3825073242188,448.6964416503906,0
4964,214.43753051757812,148.73988342285156,493.0990295410156,149.7056427001953,527.2489624023438,339.957763671875,551.6372680664062,365.4875183105469,553.2505493164062,332.9211730957031,542.8132934570312,346.09210205078125,558.3907470703125,349.4738464355469,597.043701171875,351.6762390136719,624.6838989257812,375.25970458984375,634.8597412109375,412.6708679199219,640.5785522460938,454.10357666015625,0
4965,214.30471801757812,148.6641387939453,492.9678649902344,149.81228637695312,528.2823486328125,340.9090270996094,551.4673461914062,368.44976806640625,552.68359375,333.65087890625,542.615234375,347.1919860839844,558.0159301757812,350.7853088378906,596.68603515625,351.8652038574219,625.8554077148438,374.3004150390625,636.3377685546875,413.52978515625,641.7433471679688,456.2651672363281,0
4966,214.33779907226562,148.65884399414062,492.98602294921875,149.77236938476562,528.2776489257812,340.9085998535156,551.4575805664062,368.4543762207031,552.6810302734375,333.6537170410156,542.6109619140625,347.1936950683594,558.0123901367188,350.7899475097656,596.7156372070312,351.8819580078125,625.8757934570312,374.2789001464844,636.3577270507812,413.5096740722656,641.7438354492188,456.26031494140625,0
4967,214.3252410888672,148.53802490234375,493.1195068359375,149.78948974609375,532.1171875,342.26104736328125,552.5487060546875,369.93701171875,552.5446166992188,335.30419921875,543.7615966796875,348.4397277832031,558.43359375,351.6552429199219,596.734130859375,351.79730224609375,625.7609252929688,374.4096374511719,636.10546875,411.90887451171875,642.3130493164062,451.41583251953125,0
4968,214.36888122558594,148.78578186035156,493.2358703613281,149.59764099121094,533.583740234375,341.1207580566406,551.4248657226562,369.37762451171875,551.6923828125,335.16064453125,542.9954833984375,347.518310546875,557.1577758789062,351.3549499511719,596.0328369140625,350.4970397949219,625.7433471679688,373.2964782714844,635.5875244140625,411.42694091796875,642.5254516601562,451.1590270996094,0
4969,214.38682556152344,148.70480346679688,493.3489685058594,149.49339294433594,529.645263671875,341.42010498046875,551.6297607421875,366.3748474121094,551.66357421875,333.5616149902344,542.2630615234375,346.76025390625,557.039794921875,350.20684814453125,596.4067993164062,350.5687255859375,625.7523193359375,373.45343017578125,635.6939697265625,411.3381042480469,642.7617797851562,450.7716979980469,0
4970,214.38629150390625,148.70242309570312,493.3128356933594,149.52247619628906,529.654541015625,341.4453430175781,551.637451171875,366.3713684082031,551.6552734375,333.56256103515625,542.26513671875,346.76336669921875,557.038330078125,350.2008056640625,596.403076171875,350.5660095214844,625.7510986328125,373.45074462890625,635.6921997070312,411.3326110839844,642.7637939453125,450.7718505859375,0
4971,214.45115661621094,148.53367614746094,493.2520751953125,149.5664520263672,524.9409790039062,342.5216064453125,550.760498046875,364.7609558105469,549.6563110351562,333.2550964355469,542.6764526367188,345.82672119140625,554.8196411132812,348.907470703125,595.90283203125,349.9908752441406,625.756591796875,373.59259033203125,635.7803955078125,411.3550109863281,642.6981811523438,450.59417724609375,0
4972,214.29486083984375,148.40492248535156,493.20147705078125,149.75326538085938,515.85693359375,351.45843505859375,547.5676879882812,365.16925048828125,543.62744140625,333.24542236328125,536.5034790039062,347.9223327636719,550.5159301757812,348.8538513183594,592.48681640625,349.8251647949219,626.13134765625,373.0569763183594,634.927978515625,412.1732177734375,642.9690551757812,451.24127197265625,0
4973,214.42672729492188,148.64666748046875,493.2414245605469,149.90643310546875,514.2662963867188,355.00872802734375,547.8656616210938,366.0588684082031,542.8843383789062,333.9844970703125,536.068603515625,350.78955078125,549.85546875,349.6380615234375,591.6144409179688,350.0776672363281,626.6828002929688,372.3834533691406,636.5933227539062,411.8246765136719,646.5514526367188,451.944580078125,0
4974,214.23902893066406,148.61865234375,493.21063232421875,149.79867553710938,511.222412109375,353.2567138671875,544.6904296875,368.86358642578125,541.1396484375,334.7332458496094,534.1898803710938,350.8589782714844,547.9493408203125,350.9612121582031,589.5908203125,349.9336853027344,627.0225830078125,373.02294921875,637.1611938476562,414.0846252441406,639.9676513671875,454.4652099609375,0
4975,214.20350646972656,148.67037963867188,493.1715393066406,149.73379516601562,511.2118225097656,353.26519775390625,544.6824951171875,368.8929748535156,541.1171264648438,334.7340087890625,534.1779174804688,350.8388671875,547.9232177734375,350.93389892578125,589.4095458984375,350.2184753417969,627.0113525390625,372.9870910644531,637.1547241210938,414.08734130859375,639.9751586914062,454.4757385253906,0
4976,214.3018798828125,148.60955810546875,493.138671875,149.7280731201172,508.55316162109375,354.34271240234375,543.76220703125,371.67218017578125,540.8483276367188,337.09918212890625,531.1072387695312,353.1792297363281,546.3088989257812,353.9317321777344,587.135986328125,350.553955078125,627.6110229492188,372.61968994140625,639.075439453125,415.4367980957031,639.2533569335938,455.6456604003906,0
4977,214.24853515625,148.7215118408203,493.0318298339844,149.8275909423828,504.1202392578125,356.4372253417969,543.1405639648438,372.69293212890625,539.7666625976562,338.1223449707031,529.3723754882812,354.59686279296875,545.1148681640625,353.60772705078125,586.5193481445312,350.71209716796875,628.068359375,371.7432861328125,639.9507446289062,414.64093017578125,638.6436157226562,453.6099853515625,0
4978,214.39483642578125,148.68641662597656,493.1098327636719,149.634521484375,508.42529296875,361.6297607421875,546.3082885742188,375.2654113769531,540.3038330078125,339.7268981933594,531.2639770507812,358.2284851074219,546.5648193359375,355.31866455078125,586.860107421875,350.8109436035156,627.4014282226562,369.91259765625,639.4645385742188,411.824951171875,641.2571411132812,453.0029602050781,0
4979,214.35772705078125,148.67445373535156,493.10504150390625,149.64622497558594,507.1259460449219,372.1503601074219,552.0791015625,378.8096923828125,540.1349487304688,344.10595703125,534.3538818359375,363.3368225097656,549.338623046875,359.3748779296875,586.9901123046875,351.1414794921875,625.6373901367188,366.92779541015625,638.4229125976562,406.695556640625,644.3956298828125,448.3064270019531,0
4980,214.3910369873047,148.6695098876953,493.10479736328125,149.6427459716797,507.1274108886719,372.1503601074219,552.099609375,378.8968200683594,540.1336059570312,344.10894775390625,534.3858032226562,363.3246765136719,549.3373413085938,359.3724365234375,587.01953125,351.10906982421875,625.6923217773438,366.97662353515625,638.428955078125,406.7309265136719,644.3986206054688,448.3113708496094,0
4981,214.4117889404297,148.71714782714844,493.0769958496094,149.47442626953125,510.40850830078125,375.4167785644531,553.3674926757812,379.79779052734375,540.0231323242188,345.5436096191406,535.18310546875,364.7950134277344,550.2830810546875,360.53515625,585.6377563476562,350.21856689453125,625.7774047851562,363.7594299316406,638.9888916015625,403.15594482421875,644.6365356445312,445.8760986328125,0
4982,214.36473083496094,148.62432861328125,493.1264953613281,149.48703002929688,516.2429809570312,379.9571533203125,556.9214477539062,381.96099853515625,541.6892700195312,349.9721374511719,537.8074951171875,368.70794677734375,552.7012329101562,363.136474609375,586.4688720703125,349.294189453125,626.0321044921875,358.5833435058594,637.6519165039062,398.53448486328125,640.8280029296875,437.7926330566406,0
4983,214.35952758789062,148.57557678222656,493.0526428222656,149.39248657226562,517.3811645507812,379.2801513671875,557.490966796875,382.77105712890625,542.3640747070312,352.3943786621094,537.9320068359375,370.14276123046875,552.6018676757812,364.9031066894531,586.3510131835938,349.4361877441406,626.2882080078125,357.2078552246094,637.1326904296875,398.1434326171875,636.9796142578125,442.59246826171875,0
4984,214.45333862304688,148.6015625,493.0762939453125,149.51058959960938,519.1972045898438,379.0926818847656,557.1705322265625,383.4148864746094,542.8843383789062,352.6928405761719,537.9925537109375,370.47137451171875,552.4030151367188,365.2865295410156,585.9982299804688,349.76226806640625,625.5467529296875,357.6452331542969,637.4586791992188,397.83526611328125,638.3831787109375,439.0121154785156,0
4985,214.45663452148438,148.68081665039062,493.0530090332031,149.5523223876953,519.766357421875,378.1284484863281,556.2391357421875,384.3086853027344,541.9682006835938,352.5328369140625,537.36474609375,370.4222717285156,551.725341796875,365.793212890625,585.6578369140625,349.70904541015625,624.8943481445312,358.3023986816406,636.6060791015625,397.53564453125,644.8687133789062,440.0449523925781,0
4986,214.53134155273438,148.62596130371094,493.0980224609375,149.5648651123047,519.7402954101562,378.1309814453125,556.2073974609375,384.3565979003906,541.9400024414062,352.5653991699219,537.2555541992188,370.45489501953125,551.7208251953125,365.9355773925781,585.6546630859375,349.69183349609375,624.9064331054688,358.27008056640625,636.6253662109375,397.570068359375,644.8427124023438,440.0769958496094,0
4987,214.2980194091797,148.6428985595703,493.1001892089844,149.5654754638672,521.0693359375,378.16009521484375,555.8892822265625,384.3202819824219,541.0065307617188,352.9888000488281,537.14404296875,370.76385498046875,551.3319702148438,366.0874328613281,585.414306640625,350.20465087890625,625.4203491210938,357.4094543457031,636.504150390625,396.8545227050781,644.4446411132812,440.23504638671875,0
4988,214.2611541748047,148.65853881835938,493.1023254394531,149.65554809570312,518.3062744140625,381.9931335449219,557.301513671875,382.61846923828125,539.7871704101562,354.67376708984375,536.1759033203125,372.8033752441406,551.0979614257812,366.6274108886719,585.0108642578125,348.5501403808594,625.1661376953125,356.5184326171875,636.6856689453125,396.3564758300781,639.7899780273438,437.3121032714844,0
4989,214.24827575683594,148.6829376220703,493.0699157714844,149.64349365234375,512.2434692382812,381.8841857910156,555.8853759765625,383.779296875,539.9999389648438,354.7845764160156,535.1376953125,373.6036071777344,550.531005859375,367.75189208984375,585.0333251953125,349.7315979003906,624.5748901367188,357.2992248535156,636.5404663085938,398.11529541015625,642.3208618164062,441.5458068847656,0
4990,214.27261352539062,148.67404174804688,493.0496520996094,149.64601135253906,512.241455078125,381.84423828125,555.8214111328125,383.6771545410156,539.75244140625,354.7212829589844,535.0517578125,373.5370178222656,550.4263305664062,367.65283203125,584.95703125,349.72698974609375,624.5804443359375,357.2894287109375,636.5325317382812,398.12445068359375,642.2982788085938,441.48492431640625,0
4991,214.31471252441406,148.7475128173828,493.0869140625,149.58673095703125,511.3718566894531,380.9146728515625,555.2073364257812,383.8614501953125,539.1224975585938,354.5793151855469,534.5990600585938,373.1531982421875,549.9618530273438,367.5511779785156,584.4857788085938,349.7316589355469,623.9404907226562,356.8075256347656,636.3535766601562,397.6093444824219,641.662109375,440.9254150390625,0
4992,214.12014770507812,148.89013671875,493.0816955566406,149.52540588378906,510.5334777832031,373.7102966308594,551.4395141601562,384.4216003417969,539.1742553710938,352.4969787597656,533.5082397460938,370.1462097167969,548.619873046875,366.30743408203125,584.3698120117188,351.66290283203125,623.8834838867188,359.1261291503906,635.0232543945312,397.9347839355469,640.4599609375,441.567138671875,0
4993,214.20388793945312,148.76820373535156,493.0767517089844,149.58297729492188,510.3680725097656,367.86590576171875,549.2779541015625,383.2926025390625,540.1472778320312,349.9440002441406,534.4034423828125,365.54730224609375,549.111328125,363.91912841796875,585.1162109375,352.6490783691406,624.5315551757812,359.59283447265625,635.3959350585938,398.46185302734375,640.5665283203125,442.1175842285156,0
4994,214.2548065185547,148.61614990234375,493.114501953125,149.55740356445312,507.2950134277344,364.47076416015625,548.7828369140625,382.1526794433594,542.0562744140625,349.681884765625,533.4862670898438,363.9141845703125,549.489013671875,363.51702880859375,585.64794921875,353.6336364746094,625.0877685546875,360.29095458984375,635.7490234375,398.9393310546875,640.1014404296875,442.21771240234375,0
4995,214.25233459472656,148.61512756347656,493.1096496582031,149.5570068359375,507.2993469238281,364.4747009277344,548.7745971679688,382.15435791015625,542.0689086914062,349.6865539550781,533.4820556640625,363.91607666015625,549.4898681640625,363.51763916015625,585.6383056640625,353.77398681640625,625.09228515625,360.2905578613281,635.7407836914062,398.93157958984375,640.101806640625,442.2129821777344,0
4996,214.24874877929688,148.71127319335938,492.9914245605469,149.60931396484375,506.440673828125,361.9161071777344,548.6892700195312,380.8712158203125,543.8988647460938,346.7491760253906,532.9431762695312,362.8296203613281,550.556396484375,361.9862365722656,585.706298828125,353.7041320800781,624.6633911132812,359.89752197265625,635.4866333007812,398.5356140136719,640.2886352539062,441.6999206542969,0
4997,214.39097595214844,148.6593475341797,493.1463623046875,149.55093383789062,504.93280029296875,347.9278869628906,545.93701171875,378.6275634765625,546.5123901367188,341.5050354003906,532.548095703125,357.2886962890625,548.6904296875,359.1646728515625,586.5562744140625,355.230712890625,624.4865112304688,361.1329040527344,635.276123046875,399.17144775390625,640.3873901367188,442.24871826171875,0
4998,214.27703857421875,148.8197021484375,493.1683654785156,149.5851593017578,505.235107421875,345.0139465332031,544.734130859375,378.1968078613281,547.4625244140625,341.3654479980469,532.4515380859375,356.7063293457031,548.2914428710938,359.4105224609375,586.0807495117188,356.6507873535156,624.1207885742188,361.3628234863281,635.1287841796875,398.7525329589844,640.2924194335938,442.4263916015625,0
4999,214.20974731445312,148.60459899902344,493.1338195800781,149.48196411132812,503.6006774902344,344.0542297363281,543.5885009765625,378.26904296875,547.8253173828125,342.37554931640625,531.6071166992188,356.5823059082031,547.9609375,360.4040832519531,586.3013916015625,357.4024658203125,623.7664794921875,360.9510803222656,635.0823364257812,397.95220947265625,640.1239624023438,441.9779968261719,0
5000,214.22268676757812,148.66744995117188,493.1203308105469,149.4977264404297,503.3724060058594,345.3477478027344,543.2286376953125,378.27960205078125,547.5230102539062,342.3022155761719,531.4771118164062,356.946533203125,547.7013549804688,360.144775390625,585.81689453125,357.51324462890625,623.3284301757812,360.7762145996094,635.5052490234375,398.77667236328125,640.0199584960938,441.21380615234375,0
5001,214.16180419921875,148.75494384765625,493.0172119140625,149.35684204101562,502.2175598144531,350.13690185546875,541.6168212890625,378.5205383300781,546.432861328125,343.0174255371094,529.8136596679688,358.1657409667969,547.1791381835938,360.5007629394531,584.7255249023438,358.3641357421875,622.3115844726562,360.0089416503906,635.5411987304688,398.389892578125,639.5337524414062,441.0456848144531,0
5002,214.15289306640625,148.76766967773438,493.0140686035156,149.35401916503906,502.2019348144531,350.1394958496094,541.512939453125,378.52484130859375,546.3668823242188,342.9629211425781,529.6932373046875,358.09503173828125,547.0858154296875,360.46063232421875,584.5589599609375,358.3923034667969,622.3290405273438,360.01275634765625,635.5303344726562,398.41009521484375,639.534423828125,441.04901123046875,0
5003,214.25657653808594,148.80868530273438,493.0534973144531,149.4919891357422,501.31414794921875,352.9554443359375,541.3515625,380.2479553222656,544.6140747070312,344.601806640625,528.5118408203125,359.8037414550781,546.3890380859375,361.8768005371094,584.916015625,359.9005126953125,621.4957275390625,359.5455627441406,635.5227661132812,397.09771728515625,640.2998046875,439.4355773925781,0
5004,214.287353515625,148.5594482421875,493.1488342285156,149.5810546875,503.1773376464844,362.7563171386719,544.3397216796875,385.4166259765625,542.534423828125,348.93560791015625,531.1483154296875,364.2732849121094,547.08349609375,365.55926513671875,584.2478637695312,358.8814697265625,621.0340576171875,357.285888671875,635.455078125,395.69464111328125,639.7894287109375,438.0859680175781,0
5005,214.30181884765625,148.60400390625,493.1842956542969,149.50881958007812,502.42047119140625,367.7796936035156,546.1076049804688,385.9111328125,542.171875,349.0513916015625,531.2197875976562,365.90277099609375,546.9627685546875,366.1130676269531,584.3576049804688,357.2611389160156,620.9555053710938,356.5888977050781,635.529296875,394.806396484375,639.4105834960938,436.7682189941406,0
5006,214.28018188476562,148.7041778564453,493.3643493652344,149.4811248779297,502.57232666015625,368.3262939453125,545.594970703125,385.6455078125,541.5202026367188,349.7586669921875,530.6553344726562,365.6482238769531,546.5072631835938,365.5184631347656,583.3997802734375,355.8714294433594,620.2025146484375,354.752197265625,635.4857788085938,392.49676513671875,639.3737182617188,435.8910827636719,0
5007,214.2503204345703,148.70941162109375,493.375244140625,149.46084594726562,502.55706787109375,368.3235778808594,545.5897216796875,385.6274108886719,541.5253295898438,349.7685241699219,530.6558227539062,365.64703369140625,546.5125122070312,365.5267639160156,583.3980712890625,355.8417663574219,620.1834716796875,354.75189208984375,635.4895629882812,392.4691162109375,639.3942260742188,435.9003601074219,0
5008,214.209228515625,148.8419647216797,493.2955017089844,149.4809112548828,502.03155517578125,366.9317321777344,545.9503784179688,383.21478271484375,541.3189086914062,348.60809326171875,530.7512817382812,364.7973937988281,546.8320922851562,364.6817932128906,583.166748046875,353.2730407714844,619.8523559570312,353.1883850097656,635.7770385742188,392.0630798339844,640.0361938476562,434.9202880859375,0
5009,214.1986846923828,148.7734832763672,493.262939453125,149.56436157226562,500.734375,367.25396728515625,545.0660400390625,382.8704833984375,539.2357788085938,348.29840087890625,529.267578125,364.8400573730469,545.4498291015625,364.11962890625,580.7960205078125,350.7914123535156,619.9466552734375,352.58203125,636.18017578125,391.7603759765625,640.555419921875,434.8498840332031,0
5010,214.19570922851562,148.73226928710938,493.2520751953125,149.5008544921875,501.22076416015625,367.21630859375,544.3047485351562,382.55035400390625,537.9750366210938,347.9654846191406,529.17626953125,364.576904296875,545.1224365234375,363.2301940917969,579.947998046875,349.5654296875,619.4561157226562,352.070068359375,636.0534057617188,391.19189453125,640.4801635742188,434.0428466796875,0
5011,214.0851593017578,148.63035583496094,493.2234802246094,149.49710083007812,501.9498291015625,364.2679443359375,543.7415771484375,382.4224548339844,538.9441528320312,348.1733093261719,529.4241943359375,363.630859375,545.1087036132812,363.3060607910156,580.402587890625,349.1791687011719,619.916015625,351.7103271484375,636.0612182617188,391.5435791015625,640.6459350585938,435.57073974609375,0
5012,214.08380126953125,148.62750244140625,493.2159423828125,149.5758514404297,501.94842529296875,364.2677001953125,543.7434692382812,382.42449951171875,538.9496459960938,348.170654296875,529.42578125,363.6319274902344,545.1049194335938,363.3044128417969,580.3920288085938,349.1902770996094,619.9190673828125,351.69207763671875,636.0615234375,391.53753662109375,640.6497192382812,435.570556640625,0
5013,214.28164672851562,148.70423889160156,493.2716369628906,149.6304473876953,501.1640930175781,363.3741455078125,543.6660766601562,382.6517639160156,538.9027099609375,348.3894348144531,528.8484497070312,363.57061767578125,544.9553833007812,363.451171875,580.6787719726562,349.17779541015625,619.4867553710938,351.9380187988281,635.97900390625,391.270263671875,640.9296875,436.26007080078125,0
5014,214.1953125,148.68927001953125,493.2798156738281,149.54261779785156,501.00848388671875,363.7616882324219,543.1586303710938,382.8829650878906,538.6441040039062,348.23895263671875,528.66943359375,363.59967041015625,544.7970581054688,363.3274841308594,580.5498046875,348.89459228515625,619.5685424804688,351.68450927734375,635.83935546875,391.37005615234375,640.5540771484375,436.0491638183594,0
5015,214.30349731445312,148.67071533203125,493.27142333984375,149.60586547851562,499.93524169921875,363.6822814941406,542.8170776367188,383.55938720703125,538.8748168945312,347.9873352050781,527.96435546875,363.62542724609375,544.090576171875,363.57904052734375,580.2636108398438,349.32440185546875,619.6679077148438,351.6236572265625,635.790771484375,391.2760009765625,640.1226806640625,434.2359619140625,0
5016,214.399658203125,148.6183319091797,493.2388610839844,149.63233947753906,499.2734680175781,364.3052673339844,542.3261108398438,383.76263427734375,538.2495727539062,348.20660400390625,527.6238403320312,363.9603271484375,543.88330078125,363.6988830566406,580.09228515625,350.2008361816406,619.7603759765625,351.83642578125,635.8057250976562,391.3028564453125,640.2266235351562,434.2165832519531,0
5017,214.4037322998047,148.67874145507812,493.218505859375,149.63653564453125,499.2728271484375,364.3073425292969,542.3258056640625,383.76324462890625,538.24951171875,348.2060546875,527.623046875,363.9605712890625,543.88330078125,363.6988220214844,580.0914306640625,350.2012634277344,619.7613525390625,351.8361511230469,635.8074340820312,391.3045959472656,640.2260131835938,434.2162170410156,0
5018,214.28842163085938,148.68460083007812,493.1093444824219,149.64431762695312,499.3565979003906,365.146484375,542.4603271484375,384.1649475097656,537.6505126953125,348.76556396484375,527.4154663085938,364.58209228515625,543.296630859375,364.02545166015625,579.839599609375,349.90447998046875,619.6931762695312,351.6222839355469,635.8228759765625,391.11968994140625,640.1600952148438,434.1985168457031,0
5019,214.41717529296875,148.59507751464844,493.1266174316406,149.6073760986328,498.5178527832031,365.6243591308594,542.3001098632812,384.68194580078125,537.6077270507812,349.2485656738281,527.068115234375,365.1148986816406,542.8856811523438,364.2563171386719,579.8549194335938,349.9709777832031,619.7928466796875,351.5307312011719,635.9612426757812,391.1232604980469,640.2507934570312,434.14080810546875,0
5020,214.40675354003906,148.54934692382812,493.10284423828125,149.61477661132812,498.8190612792969,365.8527526855469,542.1583251953125,384.55108642578125,537.3711547851562,349.50775146484375,527.0228881835938,365.19091796875,542.875244140625,364.23077392578125,579.5602416992188,349.7219543457031,619.6834106445312,351.2232666015625,635.8712158203125,391.06475830078125,640.0955810546875,434.2786865234375,0
5021,214.2469024658203,148.80856323242188,493.1108093261719,149.64036560058594,500.66741943359375,368.77630615234375,544.5097045898438,383.6354064941406,537.7808227539062,349.0246276855469,528.3898315429688,365.469482421875,544.1560668945312,364.04376220703125,580.3208618164062,348.9320983886719,619.6784057617188,351.60394287109375,635.9049072265625,391.2942199707031,640.2310180664062,434.8240051269531,0
5022,214.26434326171875,148.85467529296875,493.117919921875,149.62660217285156,500.66387939453125,368.777099609375,544.5086669921875,383.61431884765625,537.76611328125,349.0273742675781,528.38330078125,365.4615478515625,544.152099609375,364.0174255371094,580.2462768554688,348.94622802734375,619.702880859375,351.5948181152344,635.9209594726562,391.2563781738281,640.3191528320312,434.81640625,0
5023,214.19137573242188,148.73016357421875,493.1168212890625,149.6730194091797,499.5272521972656,370.59967041015625,544.5919799804688,384.1320495605469,537.3480834960938,348.8918762207031,527.7581787109375,365.8765563964844,543.615966796875,363.9604797363281,579.9993286132812,349.10516357421875,619.7327880859375,351.300048828125,635.9456176757812,391.1960754394531,640.5296020507812,435.2662353515625,0
5024,214.1898651123047,148.6272430419922,493.00750732421875,149.7865753173828,498.90960693359375,371.5228271484375,544.4595947265625,384.6307067871094,536.8167114257812,350.4757995605469,527.1143188476562,366.9541015625,542.68896484375,364.9078674316406,579.7783813476562,349.1878967285156,619.6409912109375,351.3736267089844,635.8781127929688,390.903076171875,640.4806518554688,434.6251220703125,0
5025,214.29281616210938,148.72784423828125,492.97894287109375,149.7413330078125,499.1808166503906,371.4947204589844,544.2244262695312,384.68572998046875,536.7564086914062,350.4136047363281,527.1116333007812,366.84521484375,542.5574951171875,364.8546447753906,579.6036376953125,349.2318115234375,619.6690673828125,351.256103515625,635.8677368164062,390.904052734375,640.6868286132812,434.8023376464844,0
5026,214.25096130371094,148.63966369628906,493.048095703125,149.66098022460938,498.80584716796875,370.32025146484375,543.979248046875,384.48712158203125,537.2423095703125,349.9435729980469,527.1934204101562,366.55389404296875,542.9188842773438,364.6370849609375,579.9036865234375,349.2454528808594,619.8493041992188,351.5218200683594,635.921630859375,391.2308349609375,640.635009765625,435.43218994140625,0
5027,214.20887756347656,148.6414031982422,493.0526428222656,149.66087341308594,498.8099670410156,370.3185119628906,543.979736328125,384.48529052734375,537.2417602539062,349.9434814453125,527.1929931640625,366.5535583496094,542.9180297851562,364.6370544433594,579.9036254882812,349.2454528808594,619.849365234375,351.52178955078125,635.9216918945312,391.2308044433594,640.63427734375,435.4318542480469,0
5028,214.3209228515625,148.5262908935547,493.0777282714844,149.63526916503906,499.5500183105469,371.189697265625,544.06591796875,384.65057373046875,536.9319458007812,350.10772705078125,527.1817016601562,366.6831970214844,542.569580078125,364.6875,579.6238403320312,348.83270263671875,619.7549438476562,351.47442626953125,635.8214111328125,391.4501953125,640.3853759765625,435.3711242675781,0
5029,214.444580078125,148.54348754882812,493.1292724609375,149.6559600830078,499.565673828125,371.2765197753906,544.8241577148438,384.9180603027344,537.8549194335938,349.4090576171875,528.0459594726562,366.5213928222656,543.9639892578125,364.778564453125,580.3260498046875,349.19586181640625,619.7850341796875,351.46044921875,636.0499877929688,391.55987548828125,640.431884765625,435.5213317871094,0
5030,214.36476135253906,148.5960693359375,493.1082458496094,149.6380157470703,499.0591735839844,370.9276428222656,544.04931640625,385.0108337402344,537.5430297851562,349.4210205078125,527.5144653320312,366.38507080078125,543.4531860351562,364.6659240722656,580.1242065429688,349.440185546875,619.8653564453125,351.43768310546875,636.0049438476562,391.7086486816406,640.1981811523438,435.3814697265625,0
5031,214.39622497558594,148.66624450683594,493.18682861328125,149.570068359375,499.90203857421875,370.9726867675781,544.6181030273438,384.9560241699219,537.624267578125,349.8726806640625,528.0009155273438,366.6689147949219,543.6297607421875,365.0486755371094,580.2529907226562,349.27520751953125,619.5538940429688,351.3457946777344,635.9824829101562,391.3088684082031,640.25244140625,435.09344482421875,0
5032,214.38755798339844,148.65878295898438,493.15478515625,149.5612030029297,499.88897705078125,370.97479248046875,544.4922485351562,384.9756774902344,537.593505859375,350.0110778808594,527.949951171875,366.7349548339844,543.55419921875,365.13958740234375,580.3021850585938,349.19732666015625,619.5933227539062,351.3070068359375,635.981201171875,391.341796875,640.3580322265625,435.171142578125,0
5033,214.38038635253906,148.62010192871094,493.102783203125,149.5942840576172,498.7493591308594,368.45062255859375,544.3775634765625,385.189697265625,538.737060546875,349.2658996582031,528.4700317382812,366.0091857910156,544.1524047851562,365.0979919433594,580.657470703125,349.5821838378906,619.62939453125,351.42767333984375,636.0248413085938,391.1775817871094,640.1155395507812,434.1377258300781,0
5034,214.18348693847656,148.71466064453125,493.0539855957031,149.5888671875,498.22943115234375,361.3350830078125,540.7266235351562,384.7074279785156,540.003662109375,346.23272705078125,527.6163330078125,363.1554260253906,543.920166015625,364.1280517578125,581.039794921875,351.5931396484375,619.914306640625,351.2524719238281,635.9586181640625,391.36724853515625,639.908203125,433.6513977050781,0
5035,214.17422485351562,148.68983459472656,493.04107666015625,149.55784606933594,498.90130615234375,361.0027160644531,539.0311279296875,382.7169189453125,540.2164306640625,343.5788269042969,526.7109375,361.6488952636719,544.1561279296875,362.46380615234375,581.2250366210938,352.51092529296875,619.6997680664062,353.542724609375,635.7724609375,392.1520080566406,640.1193237304688,435.18865966796875,0
5036,214.40408325195312,148.59580993652344,493.05291748046875,149.32408142089844,500.5174560546875,361.737548828125,540.218994140625,382.3257751464844,541.3392944335938,343.0306701660156,527.6583251953125,361.1927490234375,545.1087036132812,362.0740966796875,581.8142700195312,351.8616027832031,619.5912475585938,353.1971740722656,635.8366088867188,392.2438659667969,639.8129272460938,435.26739501953125,0
5037,214.28909301757812,148.80934143066406,492.9605407714844,149.40887451171875,500.75238037109375,361.8282470703125,541.1837768554688,383.3382568359375,541.7525024414062,344.41571044921875,528.6237182617188,362.550537109375,545.4111938476562,363.0779724121094,581.7101440429688,352.1602783203125,619.6837158203125,353.1734619140625,635.7515869140625,391.95843505859375,639.8572387695312,435.2304992675781,0
5038,214.4084930419922,148.8056640625,492.9731750488281,149.48451232910156,500.7678527832031,364.6474914550781,544.7017822265625,383.4063415527344,542.024169921875,345.5503234863281,530.6416625976562,363.00335693359375,546.5767211914062,363.58349609375,582.3057861328125,351.9566650390625,619.5626831054688,353.6394348144531,635.803466796875,392.0380554199219,639.7175903320312,435.17327880859375,0
5039,214.35733032226562,148.8030548095703,492.9412536621094,149.49900817871094,500.2759094238281,373.3476257324219,546.9235229492188,385.0918884277344,539.4361572265625,347.5201721191406,529.8534545898438,366.1407775878906,546.08935546875,364.5290832519531,581.3577270507812,351.885498046875,619.7555541992188,353.67767333984375,635.738525390625,392.3457336425781,640.0142822265625,435.60662841796875,0
5040,214.4467010498047,148.78445434570312,492.98785400390625,149.5076446533203,504.4244384765625,381.9782409667969,548.0272827148438,388.96771240234375,540.28466796875,352.4991149902344,531.675537109375,372.8835754394531,545.8465576171875,369.2196350097656,580.9161376953125,352.4021301269531,618.5191650390625,353.263916015625,635.6989135742188,392.056396484375,639.8156127929688,435.677001953125,0
5041,214.44869995117188,148.78407287597656,493.0572814941406,149.5066680908203,504.42303466796875,381.97637939453125,548.0289916992188,388.9575500488281,540.2789916992188,352.4822998046875,531.6674194335938,372.8802185058594,545.8490600585938,369.2179260253906,581.0980224609375,352.3070068359375,618.5701904296875,353.18182373046875,635.7058715820312,392.0072937011719,639.820068359375,435.6703796386719,0
5042,214.27410888671875,148.7027587890625,493.1894836425781,149.56680297851562,505.8440856933594,388.2046813964844,551.5995483398438,390.9555358886719,540.612060546875,354.5022277832031,533.4853515625,375.1874694824219,547.57080078125,370.27716064453125,581.28564453125,353.8371887207031,618.3349609375,353.5182800292969,635.557861328125,392.8275146484375,640.0902709960938,436.03369140625,0
5043,214.25819396972656,148.75335693359375,493.4283447265625,149.53292846679688,508.9383239746094,381.3011474609375,554.1757202148438,391.1669616699219,547.2940063476562,354.38421630859375,536.23974609375,374.2679443359375,552.52783203125,372.6826171875,584.0382080078125,356.01141357421875,618.796630859375,354.95257568359375,635.515625,392.8434753417969,639.8802490234375,436.2783203125,0
5044,214.15908813476562,148.61317443847656,493.3622131347656,149.66917419433594,507.0648193359375,377.489013671875,551.913818359375,390.7677307128906,547.854248046875,352.5524597167969,535.4913940429688,372.0354919433594,551.5250244140625,370.82513427734375,584.4881591796875,355.600830078125,619.2996826171875,354.81707763671875,635.5374145507812,391.9746398925781,640.3797607421875,436.47943115234375,0
5045,214.19882202148438,148.5345916748047,493.43328857421875,149.6388702392578,509.5804443359375,374.3960266113281,555.804931640625,386.2079162597656,548.458740234375,346.4914245605469,540.3515625,366.7016906738281,553.4066772460938,365.80450439453125,585.80810546875,353.55731201171875,619.2772216796875,354.39776611328125,635.6826782226562,392.13397216796875,640.1072387695312,435.844482421875,0
5046,214.1978759765625,148.5344696044922,493.4234313964844,149.62554931640625,509.5812683105469,374.42022705078125,555.8298950195312,386.1786193847656,548.4743041992188,346.53265380859375,540.33740234375,366.70782470703125,553.413818359375,365.8523864746094,585.8411865234375,353.6283874511719,619.2792358398438,354.39471435546875,635.69140625,392.1268615722656,640.1089477539062,435.8501281738281,0
5047,214.2460174560547,148.5753173828125,493.3520812988281,149.64329528808594,512.1405639648438,373.9385986328125,556.8477172851562,386.0009765625,549.6221313476562,346.7539978027344,540.9381713867188,366.46826171875,554.6094360351562,366.083740234375,586.4496459960938,353.9270935058594,619.0348510742188,354.9973449707031,635.7908325195312,393.1513671875,640.7218017578125,437.2478942871094,0
5048,214.14625549316406,148.60948181152344,493.3355712890625,149.71560668945312,508.4996643066406,373.82489013671875,557.2190551757812,384.6315612792969,549.0745849609375,345.027587890625,540.080322265625,365.1545715332031,555.0734252929688,364.2900695800781,586.8880004882812,353.9363098144531,620.1429443359375,356.0994873046875,635.8838500976562,394.6083679199219,641.1210327148438,438.6705322265625,0
5049,214.30169677734375,148.7629852294922,493.3201599121094,149.69325256347656,509.0958557128906,375.2402648925781,557.9695434570312,384.6884460449219,548.9188232421875,345.04376220703125,540.4633178710938,365.36602783203125,555.1304321289062,364.1063537597656,586.5900268554688,353.7993469238281,619.7339477539062,356.2525329589844,635.66015625,393.9477844238281,641.0970458984375,437.5379638671875,0
5050,214.3052215576172,148.7689208984375,493.3760681152344,149.61195373535156,510.51287841796875,378.4319763183594,558.7930908203125,385.89306640625,548.1610717773438,346.59429931640625,540.8558959960938,367.4778747558594,554.1976928710938,365.0202331542969,586.7051391601562,353.4609680175781,619.8010864257812,355.7897644042969,635.73779296875,393.8806457519531,641.8161010742188,438.1550598144531,0
5051,214.2933349609375,148.76931762695312,493.4126281738281,149.63035583496094,510.5080871582031,378.4224548339844,558.762939453125,385.88409423828125,548.06201171875,346.58837890625,540.8334350585938,367.4863586425781,554.0987548828125,364.9667663574219,586.6053466796875,353.16766357421875,619.78759765625,355.8262634277344,635.7361450195312,393.775390625,641.85546875,438.25439453125,0
5052,214.36697387695312,148.5784149169922,493.3505554199219,149.53302001953125,510.87091064453125,379.9485168457031,558.8275756835938,386.6589050292969,549.4944458007812,352.29949951171875,539.3904418945312,371.2784423828125,554.7388916015625,366.9154357910156,587.0191650390625,352.8774719238281,620.0249633789062,355.6439208984375,635.799072265625,393.3512878417969,642.0445556640625,437.9547119140625,0
5053,214.42257690429688,148.5690155029297,493.3840026855469,149.45883178710938,510.6602783203125,384.81146240234375,558.7510375976562,386.80419921875,546.1326293945312,354.92022705078125,536.9671020507812,373.7995910644531,553.31298828125,367.5134582519531,585.919189453125,352.2045593261719,620.4588623046875,355.2802734375,635.83642578125,393.3944396972656,642.072021484375,438.1006164550781,0
5054,214.21115112304688,148.50857543945312,493.20025634765625,149.59214782714844,509.509033203125,389.4841003417969,558.918212890625,388.5406799316406,545.0172119140625,356.6616516113281,536.5186157226562,376.095703125,553.5253295898438,370.5436706542969,584.9091796875,352.3310852050781,620.5665283203125,355.2314147949219,636.0166015625,393.36346435546875,642.4130249023438,438.3149719238281,0
5055,214.3199462890625,148.601806640625,493.1949462890625,149.61767578125,513.7678833007812,394.0465393066406,561.100341796875,389.9647216796875,544.8972778320312,357.11505126953125,537.9869384765625,378.28985595703125,554.0243530273438,371.25164794921875,584.5938720703125,352.2567443847656,620.2858276367188,354.9645080566406,636.6005249023438,393.5007629394531,642.2487182617188,438.4573669433594,0
5056,214.32095336914062,148.58863830566406,493.19586181640625,149.67510986328125,513.7662353515625,394.0263671875,561.045166015625,389.8353271484375,544.8345336914062,357.09588623046875,537.9639282226562,378.1774597167969,554.0155029296875,371.10675048828125,584.6289672851562,352.28240966796875,620.2749633789062,354.96307373046875,636.6072998046875,393.4967956542969,642.24609375,438.4530944824219,0
5057,214.33456420898438,148.6165313720703,493.1285400390625,149.72894287109375,516.4537353515625,396.34619140625,562.669189453125,390.592041015625,545.6072998046875,358.7119140625,540.9618530273438,379.2876892089844,554.7039184570312,372.6309814453125,584.6212768554688,352.71881103515625,620.208984375,354.2642822265625,636.9901123046875,392.2216491699219,643.64599609375,437.5293273925781,0
5058,214.3927764892578,148.67388916015625,493.1173095703125,149.56320190429688,521.5402221679688,395.83599853515625,569.1015625,388.9578552246094,551.7433471679688,357.7810363769531,545.8499755859375,378.9354248046875,560.7874145507812,369.5850830078125,587.426513671875,352.3153991699219,619.4950561523438,353.8890380859375,636.4591674804688,392.72418212890625,642.3624267578125,437.3262939453125,0
5059,214.240234375,148.7431640625,493.1072082519531,149.64346313476562,521.4312744140625,393.20526123046875,567.8505859375,389.1595458984375,552.0548095703125,356.6946105957031,545.5149536132812,378.07232666015625,560.9580688476562,368.9134826660156,588.0409545898438,352.59307861328125,619.3853759765625,354.0978088378906,636.4710083007812,392.1289367675781,642.5078735351562,437.61865234375,0
5060,214.18820190429688,148.68760681152344,493.3267517089844,149.48153686523438,520.7486572265625,389.3090515136719,567.010498046875,386.25909423828125,553.506103515625,355.20037841796875,546.8399047851562,375.4530944824219,562.4906005859375,369.8193359375,589.3803100585938,353.26361083984375,619.3634643554688,353.9454650878906,636.1486206054688,392.4924621582031,641.2921752929688,436.8572998046875,0
5061,214.1893768310547,148.6953582763672,493.3033142089844,149.486328125,520.752685546875,389.2938537597656,566.9976806640625,386.2803649902344,553.4668579101562,355.1348876953125,546.8740234375,375.43975830078125,562.4907836914062,369.75640869140625,589.3385009765625,353.2703552246094,619.380615234375,353.972412109375,636.1502685546875,392.4924621582031,641.29296875,436.85699462890625,0
5062,214.39926147460938,148.74105834960938,493.0240173339844,149.46755981445312,521.0888061523438,388.2076416015625,567.1455688476562,385.0965270996094,553.8994140625,354.96343994140625,546.982421875,374.6294250488281,562.5375366210938,369.3120422363281,589.9307250976562,353.2860107421875,619.5401000976562,354.419189453125,636.0216674804688,392.32080078125,641.5173950195312,437.89984130859375,0
5063,214.3511962890625,148.73611450195312,493.1422424316406,149.52980041503906,519.30078125,388.80242919921875,566.6082763671875,387.7301940917969,553.767333984375,354.22869873046875,545.647705078125,374.5722351074219,561.3470458984375,368.95172119140625,589.0145874023438,353.19769287109375,618.912109375,353.5813903808594,635.8380126953125,391.8475036621094,640.9740600585938,436.9754333496094,0
5064,214.44093322753906,148.7188262939453,493.16973876953125,149.40234375,514.2739868164062,388.8229675292969,563.9468994140625,386.8304138183594,549.6409301757812,354.7348937988281,542.0557861328125,375.6592712402344,557.5470581054688,368.1158752441406,586.9287719726562,352.5733642578125,618.9849853515625,353.58978271484375,635.9210205078125,391.9625549316406,641.5379638671875,437.35833740234375,0
5065,214.41122436523438,148.6708526611328,493.2101745605469,149.49705505371094,514.5165405273438,388.49700927734375,564.1530151367188,388.0881042480469,551.2296752929688,355.39111328125,543.3425903320312,375.5514831542969,558.9908447265625,368.7976379394531,587.9093017578125,352.7012939453125,619.1535034179688,354.0296936035156,635.7847900390625,392.1982421875,641.254638671875,437.4222412109375,0
5066,214.40341186523438,148.6954345703125,493.2098693847656,149.5775146484375,514.509765625,388.5068054199219,564.1421508789062,388.0782775878906,551.2391357421875,355.382568359375,543.33447265625,375.5372009277344,559.0046997070312,368.8021545410156,587.9599609375,352.7620849609375,619.0968017578125,354.00830078125,635.8013916015625,392.18280029296875,641.2484130859375,437.4210205078125,0
5067,214.26626586914062,148.7068328857422,493.2335205078125,149.60015869140625,515.1453247070312,389.2124938964844,564.697509765625,387.280029296875,550.5028686523438,355.32891845703125,543.308837890625,375.7861633300781,558.730712890625,368.1146240234375,586.71630859375,351.9324035644531,619.3284912109375,354.2793273925781,635.9197998046875,392.01751708984375,641.448486328125,438.10205078125,0
5068,214.25685119628906,148.70330810546875,493.29608154296875,149.54367065429688,517.1279296875,392.72412109375,564.240966796875,385.35406494140625,548.7678833007812,355.8048400878906,542.3182983398438,377.5336608886719,557.4694213867188,368.23095703125,585.0917358398438,351.70599365234375,619.860595703125,355.13507080078125,636.3265380859375,393.0050354003906,641.9915161132812,438.1924743652344,0
5069,214.3682098388672,148.7324676513672,493.3587341308594,149.53269958496094,515.390625,395.9929504394531,564.7293090820312,388.73358154296875,546.7830200195312,357.9642028808594,542.1245727539062,379.3780212402344,556.5091552734375,371.0137634277344,583.9746704101562,352.17218017578125,619.8651123046875,354.41534423828125,636.2120361328125,391.99871826171875,641.8724365234375,437.91094970703125,0
5070,214.3211669921875,148.76577758789062,493.3599853515625,149.5317840576172,515.3905639648438,395.99176025390625,564.6989135742188,388.7396240234375,546.7706298828125,357.94976806640625,542.107177734375,379.3830871582031,556.4661254882812,371.0305480957031,583.972900390625,352.1752624511719,619.8621826171875,354.41552734375,636.2403564453125,391.88092041015625,641.7902221679688,437.871826171875,0
5071,214.24472045898438,148.8780517578125,493.4435729980469,149.56935119628906,518.8208618164062,402.3092956542969,565.8588256835938,389.2427673339844,545.3191528320312,360.4644775390625,542.8541259765625,382.6229248046875,555.4598999023438,372.6847839355469,583.112060546875,351.9143981933594,619.472412109375,353.49566650390625,636.2553100585938,392.36834716796875,641.7820434570312,437.63623046875,0
5072,214.240234375,148.87806701660156,493.4363098144531,149.57408142089844,518.802490234375,402.303466796875,565.8140869140625,389.28521728515625,545.2735595703125,360.4909362792969,542.7965087890625,382.6408996582031,555.386962890625,372.7074279785156,583.1650390625,351.88140869140625,619.4598388671875,353.4348449707031,636.2708740234375,392.3748779296875,641.7869873046875,437.6395568847656,0
5073,214.42544555664062,148.6971435546875,493.3232421875,149.66934204101562,519.0384521484375,403.77227783203125,564.6914672851562,390.1521301269531,542.53173828125,363.3507385253906,541.5279541015625,384.6332092285156,553.4746704101562,374.70263671875,583.6844482421875,352.4708557128906,620.5994262695312,355.1225891113281,636.2993774414062,394.14166259765625,642.12939453125,439.339599609375,0
5074,214.23666381835938,148.6726531982422,493.2853698730469,149.47543334960938,519.610595703125,396.83624267578125,559.4911499023438,396.11187744140625,540.486083984375,367.497802734375,538.6505737304688,384.7279052734375,553.2445678710938,378.3056335449219,583.5726318359375,355.4144592285156,622.3928833007812,355.4364318847656,636.1805419921875,394.07611083984375,642.30615234375,440.4736633300781,0
5075,214.35450744628906,148.62843322753906,493.3039245605469,149.5010986328125,518.2415161132812,387.3690185546875,555.6678466796875,395.9784851074219,541.860107421875,364.7969055175781,539.7216796875,380.3006896972656,551.2284545898438,377.4008483886719,584.5450439453125,355.9599914550781,622.927978515625,355.61737060546875,636.2857055664062,395.0059814453125,642.3080444335938,440.0694885253906,0
5076,214.1982421875,148.44784545898438,493.4072265625,149.4416961669922,514.0618286132812,379.2749938964844,553.8773193359375,394.0426330566406,545.2371215820312,360.7078552246094,537.4691162109375,376.5291748046875,552.7141723632812,374.0406188964844,585.8761596679688,356.02459716796875,624.0310668945312,356.7936096191406,636.0081787109375,396.602294921875,641.1416625976562,441.9370422363281,0
5077,214.26199340820312,148.60336303710938,493.3464050292969,149.44073486328125,513.5546875,377.5861511230469,553.9598388671875,392.6654968261719,547.9082641601562,357.8277282714844,538.37451171875,374.027587890625,553.5703125,372.5180358886719,587.02978515625,355.9225158691406,624.3143310546875,357.70599365234375,635.5733032226562,396.9578552246094,640.9979248046875,442.2668762207031,0
5078,214.29244995117188,148.59194946289062,493.4154357910156,149.39622497558594,512.6613159179688,377.8451843261719,555.2086181640625,390.6447448730469,548.0836791992188,355.7905578613281,538.2279663085938,372.7087707519531,554.1090698242188,370.6673278808594,587.7388916015625,354.27197265625,624.2656860351562,357.49066162109375,635.5928344726562,397.23504638671875,641.0929565429688,442.7751159667969,0
5079,214.21047973632812,148.9831085205078,493.423583984375,149.36654663085938,513.1016845703125,369.1062927246094,555.8540649414062,387.68865966796875,549.9419555664062,351.5578308105469,541.607177734375,366.7872009277344,556.173583984375,367.0156555175781,588.4905395507812,352.7318420410156,623.7247924804688,356.5806579589844,636.3790283203125,397.2821960449219,641.978515625,440.17919921875,0
5080,214.16375732421875,148.66014099121094,493.7226257324219,149.29150390625,511.9974670410156,351.5538330078125,552.1307983398438,379.0289306640625,555.2634887695312,345.7830810546875,540.1973876953125,358.71612548828125,557.3468627929688,361.3467102050781,592.5847778320312,354.3047180175781,623.8988037109375,357.20172119140625,635.691650390625,396.90130615234375,641.853515625,439.8775634765625,0
5081,214.16412353515625,148.65426635742188,493.7161865234375,149.28504943847656,511.9980163574219,351.55377197265625,552.1307983398438,379.02911376953125,555.2632446289062,345.78240966796875,540.197265625,358.71630859375,557.3468017578125,361.3472595214844,592.5841064453125,354.3047790527344,623.89892578125,357.20172119140625,635.691650390625,396.90130615234375,641.853515625,439.8775634765625,0
5082,214.23719787597656,148.83267211914062,493.6031799316406,149.24185180664062,512.7953491210938,348.9072570800781,551.8997192382812,378.1197509765625,556.43896484375,343.53619384765625,541.5433959960938,357.09149169921875,558.0061645507812,360.4165344238281,593.3790283203125,354.10638427734375,623.49609375,357.8074951171875,635.52978515625,396.6280517578125,641.293701171875,438.8438720703125,0
5083,214.34515380859375,148.60157775878906,493.53216552734375,149.3067626953125,513.059814453125,348.2651672363281,552.3223266601562,377.817138671875,558.4019165039062,342.1543884277344,540.701416015625,358.0044860839844,558.5286254882812,360.3081359863281,593.5923461914062,353.7359619140625,622.4362182617188,357.19683837890625,635.6231689453125,396.42132568359375,641.0242919921875,438.96392822265625,0
5084,214.4657440185547,148.64178466796875,493.62158203125,149.3317108154297,513.4615478515625,348.1477966308594,553.465087890625,377.7008361816406,559.3676147460938,341.9074401855469,541.8134765625,357.7540283203125,559.9530029296875,360.2799072265625,594.0186157226562,353.8086853027344,622.4382934570312,357.8186950683594,636.2197875976562,397.0693054199219,640.9036254882812,439.02490234375,0
5085,214.4550018310547,148.6915740966797,493.5709533691406,149.33863830566406,518.783203125,351.1579284667969,559.016357421875,379.3052673339844,565.0563354492188,344.3257141113281,547.5299682617188,359.5252380371094,565.1173095703125,362.04681396484375,597.701171875,355.9510192871094,623.0137939453125,359.9140319824219,635.6981811523438,397.7180480957031,639.724365234375,439.575927734375,0
5086,214.40525817871094,148.72647094726562,493.5787048339844,149.38067626953125,518.7736206054688,351.1598815917969,559.0243530273438,379.3055114746094,565.0406494140625,344.318115234375,547.526611328125,359.5220947265625,565.0980224609375,362.04071044921875,597.7001953125,355.9566650390625,623.0139770507812,359.9090576171875,635.6991577148438,397.6852722167969,639.710205078125,439.5721435546875,0
5087,214.34634399414062,148.6312713623047,493.56072998046875,149.35293579101562,518.8005981445312,353.52764892578125,560.3877563476562,380.21002197265625,565.4692993164062,345.1786193847656,548.9173583984375,359.7035827636719,566.2996826171875,363.1162414550781,598.0741577148438,356.4535827636719,623.0314331054688,360.14984130859375,635.6714477539062,396.82757568359375,639.4413452148438,438.7352294921875,0
5088,214.33729553222656,148.8064727783203,493.5461120605469,149.37400817871094,520.0789184570312,349.6234436035156,559.8104248046875,379.59930419921875,566.5226440429688,345.8145751953125,548.9923706054688,358.79931640625,566.7135620117188,362.80126953125,598.213134765625,357.3616027832031,623.0738525390625,360.2740173339844,635.956787109375,397.6346435546875,638.1983032226562,438.9337158203125,0
5089,214.4791717529297,148.69337463378906,493.5972900390625,149.22134399414062,520.2898559570312,344.9801025390625,558.5184936523438,378.34014892578125,566.8431396484375,344.8741455078125,548.7566528320312,357.2970275878906,566.3872680664062,362.1144104003906,598.5333862304688,357.6647033691406,622.9786987304688,359.85284423828125,636.2681884765625,397.36187744140625,637.1218872070312,438.1868591308594,0
5090,214.5311279296875,148.55470275878906,493.6639404296875,149.31015014648438,520.6627807617188,342.69818115234375,558.7118530273438,378.0431213378906,567.658447265625,342.48138427734375,549.0771484375,355.9927673339844,565.721435546875,360.45220947265625,599.008544921875,357.2725830078125,623.0564575195312,359.5755310058594,636.1896362304688,397.1282043457031,636.9544067382812,438.40618896484375,0
5091,214.52796936035156,148.55352783203125,493.6619567871094,149.353759765625,520.6646728515625,342.6993713378906,558.730224609375,378.0444641113281,567.6519775390625,342.48614501953125,549.0776977539062,356.0011291503906,565.7177734375,360.4470520019531,598.9995727539062,357.2628173828125,623.053955078125,359.579833984375,636.1878051757812,397.12921142578125,636.9554443359375,438.4047546386719,0
5092,214.41543579101562,148.59500122070312,493.57183837890625,149.2950439453125,526.3209228515625,330.9387512207031,557.8351440429688,371.77294921875,570.7047119140625,336.74395751953125,553.0550537109375,346.7993469238281,568.1272583007812,356.236572265625,599.824462890625,358.1500244140625,624.2122802734375,360.74578857421875,635.4390869140625,397.2914123535156,635.5844116210938,439.17108154296875,0
5093,214.493896484375,148.64553833007812,493.5894470214844,149.2462615966797,526.6473999023438,327.59161376953125,558.455810546875,365.4908752441406,570.982177734375,333.7027587890625,551.854248046875,343.4893493652344,568.8946533203125,352.25274658203125,600.8190307617188,356.73443603515625,624.809814453125,360.69366455078125,635.673828125,397.9660949707031,634.85400390625,439.8184814453125,0
5094,214.5041046142578,148.60963439941406,493.4124755859375,149.33670043945312,526.1112670898438,325.8728332519531,557.0950317382812,362.9992370605469,570.4866943359375,333.1148681640625,550.5638427734375,341.8637390136719,567.37744140625,350.75335693359375,600.2008056640625,355.6738586425781,624.8945922851562,359.6622009277344,635.8340454101562,398.0372314453125,634.605224609375,439.5589294433594,0
5095,214.5413055419922,148.73638916015625,493.4745788574219,149.33766174316406,524.9600830078125,324.8585510253906,552.4039916992188,361.368408203125,567.1458740234375,331.54254150390625,548.21484375,341.3961181640625,563.4066772460938,349.6888122558594,597.966064453125,355.3946228027344,624.314208984375,359.3660888671875,635.6380004882812,397.6301574707031,635.2534790039062,440.3310852050781,0
5096,214.527099609375,148.71119689941406,493.49407958984375,149.3245086669922,524.9600219726562,324.8509826660156,552.406494140625,361.36810302734375,567.1444702148438,331.5376281738281,548.213623046875,341.4013366699219,563.4105224609375,349.69195556640625,597.9768676757812,355.399169921875,624.3232421875,359.3605041503906,635.6131591796875,397.6230163574219,635.2750244140625,440.3398742675781,0
5097,214.53575134277344,148.5832977294922,493.5283508300781,149.28456115722656,524.74560546875,325.56414794921875,552.1984252929688,361.73126220703125,566.5838623046875,331.89349365234375,547.9049072265625,341.65863037109375,563.3543090820312,349.8390197753906,598.2423706054688,355.50616455078125,625.1041259765625,360.8714294433594,636.0368041992188,399.0143127441406,636.65966796875,440.35595703125,0
5098,214.6065673828125,148.5389404296875,493.5152893066406,149.40147399902344,525.0707397460938,325.24298095703125,553.9566650390625,364.4276428222656,568.76171875,332.559814453125,548.935546875,341.8255310058594,565.67138671875,351.8795471191406,599.3709716796875,356.55975341796875,625.2362060546875,361.74114990234375,635.7021484375,399.8784484863281,638.270263671875,440.6708679199219,0
5099,214.61155700683594,148.56236267089844,493.3395080566406,149.36582946777344,524.1124267578125,323.91314697265625,553.32958984375,363.79443359375,568.8319091796875,333.1746826171875,548.3724365234375,342.26971435546875,564.9345092773438,351.67901611328125,599.10693359375,356.8149108886719,624.6787109375,361.44952392578125,635.646240234375,399.20428466796875,638.6837768554688,440.76300048828125,0
5100,214.52108764648438,148.62393188476562,493.387451171875,149.39430236816406,523.7921752929688,322.3736267089844,550.3531494140625,361.3928527832031,566.951904296875,331.915283203125,546.7005615234375,340.52301025390625,562.56201171875,350.3369140625,598.160888671875,356.57464599609375,624.4403686523438,361.00445556640625,635.5558471679688,398.921630859375,638.51708984375,440.9345703125,0
5101,214.51243591308594,148.62078857421875,493.35345458984375,149.4224395751953,523.7881469726562,322.365234375,550.3798828125,361.4023132324219,566.9461669921875,331.93316650390625,546.7168579101562,340.56549072265625,562.5726318359375,350.3679504394531,598.1679077148438,356.56500244140625,624.4319458007812,360.99041748046875,635.5244750976562,398.8717346191406,638.5131225585938,440.8981628417969,0
5102,214.435791015625,148.5964813232422,493.1922607421875,149.4385223388672,523.279541015625,321.6880798339844,549.3966674804688,361.140625,565.98095703125,331.5586853027344,545.9893798828125,340.126708984375,561.7537231445312,349.99273681640625,597.6092529296875,356.1357727050781,624.093505859375,361.1031188964844,635.2135620117188,398.35687255859375,639.8954467773438,440.8280944824219,0
5103,214.4447479248047,148.66989135742188,493.3808898925781,149.48733520507812,523.3317260742188,320.96124267578125,548.1842651367188,359.48876953125,565.18701171875,330.0223083496094,545.3308715820312,338.3031311035156,560.5396728515625,348.5444641113281,596.2567138671875,355.2903747558594,624.9305419921875,361.2821044921875,635.1366577148438,397.6441345214844,638.8492431640625,440.804443359375,0
5104,214.31053161621094,148.63540649414062,493.3638610839844,149.6247100830078,523.3446655273438,320.87384033203125,547.4358520507812,358.4553527832031,564.021484375,329.8450012207031,544.47119140625,337.28076171875,558.9722900390625,347.1647644042969,594.815673828125,354.5878601074219,624.7674560546875,361.27484130859375,635.1444702148438,397.8069763183594,639.9252319335938,440.72869873046875,0
5105,214.3083953857422,148.6451873779297,493.5067443847656,149.63101196289062,523.2332153320312,322.06414794921875,546.9628295898438,358.6112060546875,562.9173583984375,329.2820129394531,544.3277587890625,337.8948669433594,558.7665405273438,347.66650390625,594.638916015625,355.67999267578125,624.1385498046875,361.5709533691406,635.3739013671875,398.8797302246094,639.2943115234375,441.6959228515625,0
5106,214.17555236816406,148.67486572265625,493.4124450683594,149.6183319091797,523.01318359375,322.54595947265625,546.8777465820312,358.7695007324219,562.269775390625,329.2846984863281,543.9155883789062,338.10052490234375,558.9174194335938,346.86859130859375,594.4139404296875,355.088134765625,623.9508666992188,361.1100769042969,635.3131713867188,398.57379150390625,639.0408325195312,441.29071044921875,0
5107,214.16470336914062,148.66741943359375,493.39459228515625,149.60629272460938,523.00830078125,322.5320129394531,546.8585815429688,358.8015441894531,562.236083984375,329.2985534667969,543.8853149414062,338.0679931640625,558.8186645507812,346.7857360839844,594.3038330078125,355.0588684082031,624.054443359375,361.2088623046875,635.349853515625,398.76544189453125,639.1409301757812,441.5007019042969,0
5108,214.2794189453125,148.7550811767578,493.57073974609375,149.57989501953125,521.7111206054688,321.84564208984375,546.4228515625,358.6006164550781,562.5471801757812,329.6785888671875,543.156494140625,337.53582763671875,558.081787109375,346.3850402832031,594.2330932617188,354.4781188964844,623.983154296875,361.3026123046875,635.4221801757812,398.8573913574219,639.0040283203125,441.4820251464844,0
5109,214.31814575195312,148.70840454101562,493.4723815917969,149.55184936523438,519.8692016601562,321.90252685546875,546.0776977539062,358.90814208984375,562.4293823242188,329.7571716308594,542.3246459960938,337.6570129394531,557.7700805664062,346.44921875,594.23046875,354.20318603515625,624.0689086914062,361.40924072265625,635.3237915039062,398.6792907714844,639.2611694335938,441.0853576660156,0
5110,214.21786499023438,148.7002410888672,493.5130920410156,149.45187377929688,520.0367431640625,321.5525817871094,546.7047729492188,358.8851013183594,562.2721557617188,329.0810852050781,542.7142333984375,337.73175048828125,558.1503295898438,346.5047607421875,594.6278686523438,353.9477844238281,623.904541015625,361.3535461425781,635.1798095703125,398.2198181152344,640.110107421875,440.3966369628906,0
5111,214.21737670898438,148.70260620117188,493.4814758300781,149.45106506347656,520.0370483398438,321.5522155761719,546.677001953125,358.87689208984375,562.2805786132812,329.0888671875,542.6961669921875,337.7246398925781,558.1343383789062,346.50848388671875,594.6176147460938,353.9706726074219,623.9124755859375,361.3560485839844,635.1738891601562,398.2112121582031,640.1145629882812,440.3788146972656,0
5112,214.30848693847656,148.60787963867188,493.3968811035156,149.4204559326172,519.8587036132812,321.07257080078125,546.0028076171875,358.2822265625,562.74560546875,329.6046447753906,542.3381958007812,336.92999267578125,557.6655883789062,345.9785461425781,594.30517578125,354.41253662109375,623.673583984375,361.1856689453125,635.1793823242188,398.47454833984375,639.5413208007812,441.1267395019531,0
5113,214.2929229736328,148.7234344482422,493.4697265625,149.4419708251953,520.1275634765625,320.9676818847656,546.1790771484375,358.2404479980469,562.8654174804688,329.5890197753906,542.57958984375,336.9616394042969,557.841552734375,345.98162841796875,594.4110717773438,354.6158752441406,623.5238037109375,361.1741027832031,635.2030029296875,398.5389709472656,639.4358520507812,441.5580139160156,0
5114,214.1248779296875,148.5663299560547,493.403076171875,149.4767608642578,520.6725463867188,321.08087158203125,546.6310424804688,358.3122863769531,563.4070434570312,329.48980712890625,543.07177734375,337.0739440917969,558.1773071289062,346.0621337890625,594.817138671875,354.37689208984375,623.36572265625,361.0828857421875,635.1295166015625,398.3780517578125,639.5673217773438,441.8575744628906,0
5115,214.3308868408203,148.62115478515625,493.4714660644531,149.39199829101562,520.9208984375,321.23504638671875,547.0421142578125,358.2215270996094,563.67431640625,329.399658203125,543.4598388671875,337.17401123046875,558.4849243164062,345.85772705078125,594.7999877929688,353.8693542480469,623.6543579101562,360.989501953125,635.0279541015625,398.4053955078125,639.53564453125,441.66485595703125,0
5116,214.3003387451172,148.6175079345703,493.4327697753906,149.39999389648438,520.9338989257812,321.2337951660156,547.061767578125,358.2262268066406,563.6514892578125,329.3975830078125,543.4487915039062,337.1982421875,558.4747314453125,345.8586730957031,594.7862548828125,353.8087158203125,624.9910888671875,361.5652160644531,635.0413208007812,398.4346923828125,639.5479125976562,441.6734924316406,0
5117,214.27597045898438,148.7100372314453,493.4092102050781,149.35147094726562,521.1583251953125,321.183837890625,547.0098266601562,358.2287902832031,563.4430541992188,329.0751037597656,543.336181640625,337.1466369628906,558.4918823242188,345.81988525390625,594.7992553710938,353.8302001953125,624.609375,361.39154052734375,635.0863037109375,398.5939025878906,639.8026123046875,441.46856689453125,0
5118,214.3499298095703,148.78414916992188,493.39227294921875,149.37147521972656,521.060546875,321.5641784667969,547.0912475585938,358.44000244140625,563.6882934570312,329.38519287109375,543.3887939453125,337.3934631347656,558.5735473632812,346.0014953613281,594.9780883789062,353.7281799316406,624.6000366210938,361.47259521484375,635.1376342773438,398.657470703125,639.9989624023438,441.62701416015625,0
5119,214.3138427734375,148.8231658935547,493.3000183105469,149.46273803710938,520.9097290039062,321.6180419921875,547.0775756835938,358.5126647949219,563.769287109375,329.25140380859375,543.4306030273438,337.3496398925781,558.5482177734375,346.05035400390625,594.5935668945312,353.8257751464844,624.690673828125,361.23101806640625,635.0545654296875,397.9804382324219,639.919189453125,441.29449462890625,0
5120,214.23948669433594,148.79461669921875,493.2811584472656,149.5941619873047,520.5140380859375,321.66326904296875,547.0989990234375,358.5806579589844,563.7102661132812,329.1360778808594,543.406982421875,337.4263000488281,558.6533813476562,346.1552429199219,594.9954223632812,354.2331237792969,624.545654296875,361.294189453125,635.0438842773438,397.7491760253906,639.6918334960938,441.449462890625,0
5121,214.2399139404297,148.7944793701172,493.28070068359375,149.59486389160156,520.4993286132812,321.6669006347656,547.1235961914062,358.6001892089844,563.7122192382812,329.18756103515625,543.4541015625,337.5394592285156,558.7440185546875,346.2618408203125,595.0335693359375,354.31793212890625,624.5401611328125,361.29913330078125,635.0416259765625,397.74920654296875,639.6959838867188,441.4550476074219,0
5122,214.17916870117188,148.6847381591797,493.3062438964844,149.5735626220703,520.2679443359375,322.0452575683594,546.9861450195312,358.6571350097656,563.501953125,329.63787841796875,543.1071166992188,337.7991638183594,558.4419555664062,346.3919677734375,595.0633544921875,354.3938293457031,623.4048461914062,361.1522521972656,635.105224609375,398.4410095214844,639.5524291992188,441.63494873046875,0
5123,214.1694793701172,148.60462951660156,493.2328796386719,149.53411865234375,520.6452026367188,322.0992431640625,547.2681884765625,358.5288391113281,563.4953002929688,329.43804931640625,543.2745361328125,337.51947021484375,558.4797973632812,346.063720703125,594.8544921875,353.56695556640625,624.9133911132812,361.46563720703125,635.1251220703125,398.5014343261719,639.656494140625,441.1996765136719,0
5124,214.25213623046875,148.8108367919922,493.28009033203125,149.5299835205078,520.4732055664062,321.63702392578125,547.1963500976562,358.5290222167969,563.3825073242188,329.429443359375,543.147216796875,337.407470703125,558.3829956054688,346.0491027832031,594.6793823242188,353.45782470703125,623.8543701171875,361.1336975097656,635.1893920898438,398.7716979980469,639.6151733398438,441.08978271484375,0
5125,214.28468322753906,148.8155059814453,493.220458984375,149.59678649902344,520.45166015625,322.6280212402344,547.0304565429688,359.09814453125,562.8057861328125,328.9093322753906,543.1363525390625,338.117919921875,558.5846557617188,346.65264892578125,595.1246337890625,354.436767578125,623.6138305664062,361.1029357910156,635.075439453125,398.4704895019531,639.8545532226562,441.51318359375,0
5126,214.31190490722656,148.8031463623047,493.1714172363281,149.57342529296875,520.4320678710938,322.62347412109375,547.0263061523438,359.11785888671875,562.8350830078125,328.87945556640625,543.15234375,338.14166259765625,558.61669921875,346.6733093261719,595.1953735351562,354.3684997558594,623.5936889648438,361.0838928222656,635.0861206054688,398.49993896484375,639.8138427734375,441.4831848144531,0
5127,214.3764190673828,148.91390991210938,493.2003173828125,149.4668731689453,520.3781127929688,322.3493957519531,547.1505737304688,358.8540344238281,562.912353515625,328.9811096191406,543.1378784179688,338.0163879394531,558.4822998046875,346.4374694824219,594.9951782226562,353.4351806640625,623.665283203125,361.0872497558594,635.1344604492188,398.9703674316406,639.9784545898438,441.7831115722656,0
5128,214.42022705078125,148.89666748046875,493.1675109863281,149.46615600585938,520.3297119140625,322.36590576171875,547.1200561523438,358.944580078125,562.954345703125,329.03082275390625,543.1400146484375,338.08660888671875,558.57666015625,346.5752258300781,595.0949096679688,353.4682922363281,623.647216796875,361.0877685546875,635.124755859375,398.8741760253906,639.975830078125,441.5025939941406,0
5129,214.3365020751953,148.74070739746094,493.1455383300781,149.53353881835938,520.1111450195312,322.1872863769531,547.22900390625,358.76104736328125,563.3076171875,329.259765625,543.004638671875,337.8453674316406,558.4920654296875,346.2407531738281,595.0169067382812,353.35076904296875,624.8831787109375,361.50787353515625,635.121337890625,398.6552429199219,639.8231811523438,441.45501708984375,0
5130,214.33657836914062,148.68084716796875,493.0957336425781,149.54539489746094,519.7583618164062,322.6175231933594,547.1553344726562,358.965576171875,563.5836791992188,329.3185729980469,543.0603637695312,338.15179443359375,558.7499389648438,346.4029541015625,594.929931640625,353.62640380859375,624.6431274414062,361.22137451171875,635.1587524414062,398.7123107910156,639.6871337890625,441.2947692871094,0
5131,214.3414306640625,148.65162658691406,493.2523498535156,149.57557678222656,520.0794067382812,322.34967041015625,547.2311401367188,358.87774658203125,563.3096923828125,329.2416687011719,542.9290161132812,337.96014404296875,558.3285522460938,346.2398376464844,595.1326904296875,353.3835754394531,624.671630859375,361.2174987792969,635.1278686523438,398.2148742675781,639.5523681640625,440.8303527832031,0
5132,214.36524963378906,148.64866638183594,493.18328857421875,149.43283081054688,519.8024291992188,321.9955139160156,546.755126953125,358.7096252441406,562.9345092773438,328.88177490234375,542.6948852539062,337.6726989746094,558.0906372070312,346.10498046875,595.0118408203125,353.4033508300781,624.4627075195312,361.28167724609375,635.1052856445312,398.13348388671875,639.8189086914062,441.1563720703125,0
5133,214.3280029296875,148.6674346923828,493.2282409667969,149.471435546875,519.8782348632812,322.17742919921875,547.0385131835938,358.8097839355469,562.8648681640625,329.08636474609375,542.7490234375,337.8434143066406,558.268310546875,346.066162109375,594.8611450195312,353.5326232910156,624.487548828125,361.4228515625,635.04541015625,398.4705505371094,639.8299560546875,441.67608642578125,0
5134,214.2959747314453,148.6583251953125,493.21234130859375,149.48989868164062,520.20947265625,321.96881103515625,547.14111328125,358.53466796875,562.8366088867188,329.10382080078125,542.8814086914062,337.6434326171875,558.2095336914062,345.9247131347656,594.9926147460938,353.3460388183594,624.38037109375,361.1799621582031,635.0567016601562,398.1733703613281,640.0332641601562,441.6909484863281,0
5135,214.35708618164062,148.81637573242188,493.24932861328125,149.49810791015625,519.7799072265625,322.64495849609375,546.984130859375,358.9336853027344,562.642822265625,329.0914001464844,542.5770263671875,337.7972106933594,557.9988403320312,346.0889587402344,595.1480102539062,353.4538269042969,624.3024291992188,361.2453918457031,635.1719970703125,398.388671875,640.09423828125,441.6815490722656,0
5136,214.3483123779297,148.80563354492188,493.2386169433594,149.51080322265625,519.8148803710938,322.5957336425781,547.0038452148438,358.9176940917969,562.6124267578125,329.1418151855469,542.58203125,337.8304748535156,558.0445556640625,346.1700134277344,595.1963500976562,353.50634765625,624.2833862304688,361.2467041015625,635.1448364257812,398.2619934082031,640.1185302734375,441.5809020996094,0
5137,214.23365783691406,148.73867797851562,493.1370849609375,149.56224060058594,520.2825927734375,323.0950622558594,546.9339599609375,359.1552734375,562.7810668945312,329.4511413574219,542.60693359375,338.30963134765625,558.2081909179688,346.5606689453125,595.33837890625,353.97235107421875,624.2942504882812,361.1333312988281,635.1110229492188,398.0754699707031,640.1476440429688,441.5212097167969,0
5138,214.3114471435547,148.855224609375,493.12957763671875,149.57171630859375,519.6676635742188,322.11865234375,547.089111328125,358.7601623535156,562.6239013671875,328.83746337890625,542.6778564453125,337.62841796875,558.1517333984375,345.9599914550781,594.6126708984375,353.3223876953125,624.416259765625,361.1756896972656,634.9956665039062,397.9144287109375,640.1304321289062,441.7815246582031,0
5139,214.39047241210938,148.79808044433594,493.02154541015625,149.74078369140625,520.0985717773438,322.2326354980469,546.7376098632812,358.83819580078125,562.923828125,329.1153564453125,542.5553588867188,337.6441345214844,558.119140625,346.1600036621094,594.9467163085938,353.8029479980469,624.5199584960938,361.4096984863281,635.1624755859375,398.1815185546875,639.9929809570312,441.5956726074219,0
5140,214.45660400390625,148.57945251464844,493.1162109375,149.46136474609375,520.2900390625,322.9754943847656,546.7900390625,359.1014099121094,562.6013793945312,329.1371765136719,542.5595703125,338.080810546875,558.19384765625,346.2777404785156,594.8531494140625,354.03155517578125,624.7521362304688,361.3476867675781,635.213623046875,398.17572021484375,639.9119873046875,441.3756408691406,0
5141,214.461669921875,148.55276489257812,493.11553955078125,149.46200561523438,520.28564453125,322.97637939453125,546.7828979492188,359.09735107421875,562.5935668945312,329.1055908203125,542.5189208984375,338.0477600097656,558.1376953125,346.21881103515625,594.7617797851562,354.152099609375,624.704345703125,361.3558654785156,635.1990356445312,398.08026123046875,639.9072875976562,441.3663330078125,0
5142,214.45855712890625,148.53057861328125,493.2120361328125,149.54345703125,519.933837890625,322.6314392089844,546.7132568359375,358.97064208984375,563.0723876953125,328.9234924316406,542.5096435546875,337.944091796875,558.2586669921875,346.1781921386719,594.8439331054688,353.7449645996094,624.5675659179688,361.3431701660156,635.1416625976562,398.2991943359375,639.9899291992188,441.8134460449219,0
5143,214.46331787109375,148.52700805664062,493.1955871582031,149.5446014404297,519.9442749023438,322.6409606933594,546.69140625,358.97235107421875,563.1004638671875,328.92529296875,542.4985961914062,337.9405517578125,558.2614135742188,346.19317626953125,594.8229370117188,353.7497863769531,624.5667114257812,361.3517761230469,635.1519775390625,398.18212890625,639.9423217773438,441.6507568359375,0
5144,214.4442901611328,148.46998596191406,493.1938781738281,149.7083282470703,520.3822631835938,322.36627197265625,546.7201538085938,358.7837829589844,562.8856811523438,328.54449462890625,542.7321166992188,337.38934326171875,558.1841430664062,345.83905029296875,594.4757080078125,353.25897216796875,624.6497192382812,361.878173828125,635.1597290039062,398.3572082519531,639.9077758789062,440.9875183105469,0
5145,214.59432983398438,148.58090209960938,493.140869140625,149.51736450195312,520.0159912109375,322.376708984375,546.5658569335938,358.7964782714844,563.0490112304688,328.647216796875,542.7225952148438,337.56494140625,558.2928466796875,345.9977111816406,594.5294189453125,353.1794738769531,624.4871826171875,361.4853820800781,635.163330078125,398.4761962890625,640.2642822265625,441.78466796875,0
5146,214.60153198242188,148.4994659423828,493.0813293457031,149.5953826904297,520.3214721679688,322.46734619140625,546.5028686523438,358.86053466796875,562.8616943359375,328.8797302246094,542.6377563476562,337.6862487792969,558.2106323242188,346.0611267089844,594.5244750976562,353.18402099609375,624.5135498046875,361.5574645996094,635.2327880859375,398.40789794921875,640.0745239257812,441.69915771484375,0
5147,214.52871704101562,148.55108642578125,493.2494201660156,149.5421600341797,519.9428100585938,322.7693786621094,546.4928588867188,358.949462890625,562.550048828125,328.80316162109375,542.31640625,337.7706604003906,558.088134765625,345.97161865234375,594.6776123046875,353.6921691894531,623.9602661132812,361.1784362792969,635.1444091796875,398.1763916015625,639.8466186523438,441.64544677734375,0
5148,214.43446350097656,148.60794067382812,493.0906982421875,149.5086669921875,519.9358520507812,322.9606018066406,546.6723022460938,359.0747985839844,562.5360717773438,329.0849914550781,542.3662719726562,337.94744873046875,558.1043701171875,346.1985778808594,595.108154296875,353.97027587890625,624.0414428710938,361.2181091308594,635.1392211914062,398.2851867675781,639.8020629882812,441.3950500488281,0
5149,214.35537719726562,148.6350555419922,493.08349609375,149.49095153808594,519.7135620117188,322.87774658203125,546.7373657226562,359.0110778808594,562.581298828125,328.7227783203125,542.3865356445312,337.8995056152344,558.1873779296875,346.0199890136719,595.0746459960938,353.6296081542969,623.966064453125,361.03411865234375,635.0889892578125,398.0609436035156,640.0778198242188,441.4263000488281,0
5150,214.50621032714844,148.46405029296875,493.10284423828125,149.55136108398438,519.8526000976562,322.3862609863281,546.6009521484375,358.7180480957031,562.6599731445312,328.0721130371094,542.3974609375,337.1871032714844,558.2188720703125,345.6143493652344,594.7210693359375,353.343994140625,624.0590209960938,361.191650390625,635.1029663085938,398.0815734863281,639.6793212890625,441.47296142578125,0
5151,214.50421142578125,148.46670532226562,493.10565185546875,149.43096923828125,519.839111328125,322.38751220703125,546.580078125,358.75726318359375,562.6168823242188,328.0985107421875,542.360595703125,337.22821044921875,558.16943359375,345.6619873046875,594.6927490234375,353.3052978515625,624.0922241210938,361.17730712890625,635.1044311523438,398.09027099609375,639.6809692382812,441.4793395996094,0
5152,214.52178955078125,148.53485107421875,493.1451721191406,149.50648498535156,519.5151977539062,322.2435302734375,546.5255126953125,358.76263427734375,562.6107788085938,327.6825256347656,542.2946166992188,337.1642761230469,558.2333374023438,345.48291015625,594.6901245117188,353.5677795410156,624.2390747070312,361.3948059082031,635.0399780273438,397.6908264160156,639.9346313476562,441.24346923828125,0
5153,214.49378967285156,148.6275634765625,493.1571044921875,149.4737091064453,519.259521484375,322.0823669433594,546.8500366210938,358.8458251953125,563.116943359375,328.177490234375,542.498046875,337.2558898925781,558.3104858398438,345.685546875,594.5530395507812,352.96234130859375,624.7222900390625,361.6673889160156,635.0752563476562,398.1610107421875,640.1796264648438,441.3341979980469,0
5154,214.50514221191406,148.62655639648438,493.2357482910156,149.38601684570312,518.9000244140625,321.3182067871094,546.6934204101562,358.53997802734375,563.0651245117188,328.0390319824219,542.4473876953125,336.7548828125,558.2193603515625,345.3696594238281,594.7145385742188,353.26654052734375,624.527099609375,361.7931823730469,634.9685668945312,397.97015380859375,640.0991821289062,441.4069519042969,0
5155,214.46876525878906,148.70408630371094,493.2353210449219,149.31007385253906,518.601318359375,321.7509460449219,546.5841064453125,358.89691162109375,562.6220703125,328.39166259765625,542.0894165039062,337.2353210449219,558.0135498046875,345.7959289550781,594.83984375,353.7305603027344,624.3275756835938,361.44744873046875,635.0966186523438,397.8641052246094,639.9618530273438,441.40753173828125,0
5156,214.46026611328125,148.70443725585938,493.2715148925781,149.35903930664062,518.6010131835938,321.7453308105469,546.5558471679688,358.88604736328125,562.6229858398438,328.3919982910156,542.0851440429688,337.22076416015625,558.0037231445312,345.7767333984375,594.7762451171875,353.75958251953125,624.327880859375,361.4432373046875,635.105712890625,397.8377685546875,639.9178466796875,441.3253173828125,0
5157,214.3556671142578,148.64947509765625,493.1965637207031,149.34535217285156,518.7449340820312,321.7104187011719,546.5573120117188,358.84576416015625,562.8781127929688,328.6676330566406,542.2261962890625,337.2710876464844,558.0692138671875,345.89385986328125,594.8897094726562,353.7861633300781,624.2268676757812,361.64349365234375,635.0778198242188,397.8766784667969,639.8399047851562,440.9207458496094,0
5158,214.24618530273438,148.7039337158203,493.1671142578125,149.38510131835938,519.0128173828125,321.68084716796875,546.6005859375,358.5237731933594,562.5127563476562,328.23431396484375,542.21630859375,336.9656982421875,558.0039672851562,345.44903564453125,594.4322509765625,353.3242492675781,624.4153442382812,361.92333984375,635.54833984375,399.3072204589844,640.490966796875,440.6708984375,0
5159,214.2327880859375,148.74815368652344,493.15478515625,149.4972381591797,518.8880615234375,321.8609619140625,546.6174926757812,358.64447021484375,562.5396118164062,328.1095886230469,542.3414306640625,337.13958740234375,558.0790405273438,345.4897155761719,594.3246459960938,352.929443359375,624.4850463867188,361.7602233886719,635.15625,397.94012451171875,639.662109375,440.59918212890625,0
5160,214.31024169921875,148.7115020751953,493.2089538574219,149.3952178955078,518.87890625,321.5315246582031,546.2379150390625,358.6812438964844,562.0601806640625,327.7767333984375,541.900390625,336.9828796386719,557.7425537109375,345.426025390625,594.1969604492188,352.8319091796875,624.4978637695312,361.6080627441406,635.1424560546875,397.77777099609375,640.8213500976562,440.44427490234375,0
5161,214.28582763671875,148.74378967285156,493.2346496582031,149.46324157714844,518.5762939453125,321.5914611816406,546.11474609375,358.8163146972656,562.45068359375,327.8861999511719,542.0274047851562,336.9891357421875,558.009033203125,345.5074157714844,594.3983154296875,353.20294189453125,623.29150390625,361.3539733886719,635.0972900390625,398.298583984375,639.8478393554688,440.767822265625,0
5162,214.26205444335938,148.72897338867188,493.2485656738281,149.47811889648438,518.5803833007812,321.59283447265625,546.17578125,358.7935791015625,562.44775390625,327.9092712402344,542.0421752929688,336.9499816894531,558.0354614257812,345.4873352050781,594.4388427734375,353.2002258300781,623.2575073242188,361.3714904785156,635.1104736328125,398.2784423828125,639.924560546875,440.77142333984375,0
5163,214.31932067871094,148.5792694091797,493.1721496582031,149.49827575683594,518.8294067382812,321.59521484375,546.28515625,358.91278076171875,562.2869262695312,328.4124450683594,542.1066284179688,337.1944580078125,557.7948608398438,345.8746643066406,594.1128540039062,353.4427490234375,623.2479248046875,361.1522521972656,635.136474609375,397.9970703125,639.8124389648438,440.62408447265625,0
5164,214.22755432128906,148.4842071533203,493.156494140625,149.56146240234375,518.4769897460938,319.8514099121094,546.0963134765625,358.8326416015625,563.4528198242188,328.0923156738281,542.1561889648438,336.6248779296875,557.9955444335938,345.92547607421875,594.7861328125,353.7384948730469,624.3467407226562,362.0360107421875,635.091064453125,397.8951110839844,639.9950561523438,440.7349853515625,0
5165,214.25868225097656,148.534912109375,493.23187255859375,149.443603515625,520.15478515625,322.13330078125,548.455322265625,362.6610412597656,566.0296020507812,331.91796875,544.8751220703125,341.1673278808594,561.2374877929688,351.1445617675781,595.7255859375,355.7794494628906,623.5719604492188,361.95269775390625,635.4495849609375,398.83087158203125,639.7525024414062,440.9195556640625,0
5166,214.27999877929688,148.48060607910156,493.26416015625,149.5346221923828,520.1564331054688,322.1310729980469,548.46240234375,362.6751403808594,566.0327758789062,331.9324951171875,544.8895874023438,341.1902770996094,561.279296875,351.1496276855469,595.8092041015625,355.7176818847656,623.560302734375,361.9571533203125,635.4456176757812,398.8301086425781,639.7525634765625,440.9925842285156,0
5167,214.4628143310547,148.4564208984375,493.2553405761719,149.3735809326172,519.7313232421875,325.08673095703125,549.7486572265625,363.2628479003906,565.9762573242188,331.64544677734375,545.3616333007812,342.3758544921875,561.9976806640625,351.5270080566406,595.087158203125,356.3080749511719,622.1615600585938,361.0719909667969,635.1381225585938,398.2053527832031,639.6796264648438,441.336669921875,0
5168,214.4056854248047,148.4401092529297,493.18951416015625,149.3578338623047,518.1710815429688,324.374267578125,548.3259887695312,363.88922119140625,564.4246215820312,332.6598815917969,543.2853393554688,343.0051574707031,560.1273803710938,352.6869201660156,594.281982421875,356.45611572265625,622.7156982421875,361.4571533203125,635.2488403320312,398.0860290527344,640.6279296875,440.5619812011719,0
5169,214.22006225585938,148.6719970703125,493.3164367675781,149.2552032470703,519.242919921875,322.44415283203125,548.2941284179688,362.9892883300781,565.6033935546875,332.4172058105469,544.3076782226562,342.0386962890625,560.6188354492188,352.1365966796875,594.8507080078125,357.07672119140625,622.8501586914062,361.7735900878906,635.3323364257812,398.31243896484375,639.4708251953125,441.10772705078125,0
5170,214.31527709960938,148.77601623535156,493.3166809082031,149.2798614501953,521.0215454101562,321.7461242675781,549.9847412109375,362.3256530761719,567.6870727539062,332.5937805175781,546.115478515625,341.39373779296875,562.630615234375,351.4631652832031,596.468505859375,357.1804504394531,622.3539428710938,360.4529724121094,635.5918579101562,398.2834777832031,639.4493408203125,441.2754211425781,0
5171,214.32041931152344,148.77670288085938,493.3192443847656,149.2877197265625,521.0219116210938,321.7473449707031,549.9815063476562,362.3263854980469,567.6879272460938,332.60040283203125,546.1117553710938,341.3953857421875,562.6289672851562,351.4598693847656,596.49755859375,357.1569519042969,622.3408203125,360.478515625,635.58935546875,398.3172912597656,639.4488525390625,441.2748107910156,0
5172,214.22630310058594,148.5354766845703,493.2525634765625,149.27210998535156,522.7859497070312,320.8515930175781,550.3275146484375,362.77587890625,569.0845947265625,332.5043640136719,547.4788818359375,341.07598876953125,563.9918823242188,351.45355224609375,596.8950805664062,357.2493896484375,622.3724365234375,360.49285888671875,635.3975219726562,398.4864196777344,639.6220703125,441.3959045410156,0
5173,214.28651428222656,148.5281982421875,493.3292236328125,149.35379028320312,525.3434448242188,317.5791320800781,551.0526123046875,361.5318603515625,570.5272827148438,332.34844970703125,548.7113647460938,339.4626159667969,564.9119262695312,350.89288330078125,596.4757080078125,358.1099853515625,622.3307495117188,361.7557678222656,635.4132690429688,398.3684387207031,639.5826416015625,441.7153625488281,0
5174,214.2266082763672,148.54116821289062,493.27288818359375,149.47879028320312,526.15234375,316.956787109375,551.392578125,361.1611633300781,571.138671875,331.6679382324219,548.9356689453125,338.12091064453125,565.6044311523438,350.3480224609375,596.1336059570312,358.4929504394531,622.1884765625,360.6303405761719,635.3262939453125,398.4825134277344,639.7411499023438,441.9232177734375,0
5175,214.27056884765625,148.48046875,493.3863525390625,149.32765197753906,526.9859008789062,318.8568420410156,553.5765380859375,361.8756103515625,572.5637817382812,331.1351318359375,550.1658935546875,338.61358642578125,567.508056640625,349.97064208984375,597.2647094726562,358.33984375,622.6583862304688,361.3744201660156,635.1915893554688,398.7268371582031,639.7271118164062,441.8509826660156,0
5176,214.2583465576172,148.4786834716797,493.3645935058594,149.3372344970703,526.9845581054688,318.8602294921875,553.5853881835938,361.8713073730469,572.5696411132812,331.13385009765625,550.1649780273438,338.607421875,567.51220703125,349.9755859375,597.239990234375,358.35760498046875,622.6973266601562,361.3338317871094,635.1707153320312,398.7092590332031,639.9059448242188,441.94915771484375,0
5177,214.08267211914062,148.3857879638672,493.272705078125,149.3751983642578,526.9685668945312,319.22857666015625,553.9227294921875,361.7879638671875,573.1766357421875,330.77825927734375,550.5316772460938,338.48760986328125,567.8568725585938,349.7021789550781,597.8411254882812,357.9248352050781,623.009521484375,361.5809020996094,635.1673583984375,398.5440368652344,640.026611328125,441.9498596191406,0
5178,214.27703857421875,148.5284881591797,493.2698059082031,149.47207641601562,527.1419677734375,316.3009033203125,555.7180786132812,360.010009765625,573.9403076171875,329.1029357910156,551.3951416015625,337.2878112792969,567.823974609375,347.8148193359375,598.4262084960938,357.0816955566406,623.0911865234375,362.2807312011719,635.101806640625,398.6014404296875,639.9200439453125,441.8977966308594,0
5179,214.2689208984375,148.6915740966797,493.180419921875,149.38015747070312,526.9529418945312,317.0968322753906,555.5658569335938,359.9297790527344,573.2718505859375,329.7125244140625,551.3140869140625,337.4874267578125,567.8411254882812,347.6318054199219,598.4644775390625,357.0094299316406,622.888916015625,362.0782775878906,635.0693359375,398.47698974609375,639.8590087890625,442.156982421875,0
5180,214.11495971679688,148.49423217773438,493.2192687988281,149.3316650390625,525.5433349609375,320.0002746582031,555.2789916992188,361.1728515625,572.5505981445312,330.22479248046875,550.3973388671875,338.65167236328125,567.7492065429688,349.2323303222656,598.5997314453125,356.6024475097656,623.3018798828125,362.1296691894531,635.0254516601562,398.7027282714844,639.986572265625,442.3665466308594,0
5181,214.104736328125,148.4983673095703,493.2200012207031,149.33155822753906,525.5293579101562,319.98065185546875,555.3320922851562,361.1944580078125,572.5480346679688,330.2406311035156,550.3576049804688,338.68585205078125,567.7621459960938,349.2409362792969,598.5562133789062,356.614990234375,623.2791137695312,362.16259765625,635.0297241210938,398.8175048828125,639.98974609375,442.3701477050781,0
5182,214.19107055664062,148.57192993164062,493.1874694824219,149.373291015625,525.8009643554688,319.2395324707031,554.087158203125,362.05657958984375,572.2103271484375,330.9823303222656,549.8736572265625,338.67486572265625,567.2918090820312,349.6461181640625,598.4221801757812,357.0102844238281,623.2943725585938,361.8757019042969,635.0182495117188,398.9250793457031,639.8525390625,442.1564636230469,0
5183,214.150390625,148.56373596191406,493.18731689453125,149.40264892578125,525.0934448242188,320.4573059082031,554.1614379882812,362.3363037109375,572.0823974609375,331.1158447265625,549.9580688476562,339.042236328125,567.392578125,349.7918701171875,598.70458984375,357.2181701660156,623.1847534179688,361.4576721191406,635.13623046875,399.09246826171875,639.677490234375,441.69036865234375,0
5184,214.2615966796875,148.5310516357422,493.2755126953125,149.5208282470703,525.1487426757812,320.7952575683594,554.1932373046875,362.80609130859375,572.0729370117188,331.38616943359375,550.0675659179688,339.3011169433594,567.50732421875,349.96759033203125,598.5841674804688,356.9168701171875,623.38427734375,361.83856201171875,635.0804443359375,399.109619140625,639.5999145507812,441.0772399902344,0
5185,214.39019775390625,148.6854248046875,493.2607727050781,149.46615600585938,524.9288940429688,319.67474365234375,553.1760864257812,361.8252868652344,571.8307495117188,330.7531433105469,549.7633056640625,338.69512939453125,566.9567260742188,349.3866271972656,598.3463134765625,357.24432373046875,623.40234375,361.6646728515625,635.1318359375,399.0856018066406,639.4845581054688,441.2499694824219,0
5186,214.39410400390625,148.69198608398438,493.28192138671875,149.51943969726562,524.9323120117188,319.65234375,553.1502685546875,361.78277587890625,571.8528442382812,330.72247314453125,549.7608642578125,338.6763610839844,566.9111328125,349.3629150390625,598.3616943359375,357.22296142578125,623.4115600585938,361.67083740234375,635.1253051757812,399.2481689453125,639.489990234375,441.5274963378906,0
5187,214.27816772460938,148.57044982910156,493.1994323730469,149.48768615722656,525.5115356445312,319.2861022949219,553.1470336914062,361.8203430175781,571.6068115234375,330.4469909667969,549.576904296875,338.7212829589844,566.756103515625,349.415283203125,598.2385864257812,357.3203125,623.756591796875,362.1688537597656,635.0821533203125,399.5396423339844,639.4838256835938,441.24237060546875,0
5188,214.35523986816406,148.6218719482422,493.27001953125,149.5021209716797,525.1443481445312,320.0206298828125,553.42626953125,362.0582580566406,571.5415649414062,330.7181396484375,549.7407836914062,339.02587890625,566.9227905273438,349.5614929199219,598.3218994140625,357.24951171875,623.780029296875,362.0434265136719,635.138916015625,399.4541320800781,639.157470703125,441.24493408203125,0
5189,214.31570434570312,148.68582153320312,493.2566223144531,149.45985412597656,525.404052734375,319.60101318359375,553.5331420898438,361.97412109375,572.1139526367188,330.5870361328125,549.89306640625,338.8643493652344,567.1446533203125,349.57830810546875,598.222412109375,356.8876647949219,623.7871704101562,361.9256591796875,634.9240112304688,398.3427429199219,639.3439331054688,441.5709533691406,0
5190,214.2268829345703,148.59474182128906,493.24945068359375,149.3742218017578,526.5827026367188,317.3297424316406,552.64208984375,361.0706481933594,572.1900634765625,330.48553466796875,549.7139892578125,338.1936340332031,566.7100830078125,349.491943359375,598.6513671875,356.98956298828125,623.7664794921875,361.7105407714844,634.9833374023438,398.371337890625,639.2179565429688,441.6575927734375,0
5191,214.22491455078125,148.59664916992188,493.2478332519531,149.37266540527344,526.5826416015625,317.33038330078125,552.642578125,361.0716247558594,572.1931762695312,330.4795227050781,549.7120971679688,338.1937561035156,566.7069702148438,349.48876953125,598.6566772460938,356.9756774902344,623.7662963867188,361.72039794921875,634.9826049804688,398.36279296875,639.2177734375,441.6571350097656,0
5192,214.24075317382812,148.61099243164062,493.2947998046875,149.2383575439453,527.014404296875,317.1593933105469,552.5355834960938,361.13018798828125,572.7327270507812,330.21343994140625,550.2384033203125,338.0369873046875,567.0578002929688,349.6650390625,598.1199340820312,357.29608154296875,623.0963134765625,361.5290832519531,634.900390625,397.9574890136719,639.589111328125,442.20611572265625,0
5193,214.33750915527344,148.43780517578125,493.3579406738281,149.28004455566406,527.135986328125,314.9606018066406,551.606201171875,360.4344482421875,572.6526489257812,329.47381591796875,550.0322265625,337.13299560546875,566.6006469726562,348.9043273925781,598.4634399414062,357.1125793457031,623.59375,361.9791259765625,634.833984375,398.57073974609375,639.835205078125,442.3091125488281,0
5194,214.26657104492188,148.52761840820312,493.2584228515625,149.3155517578125,526.96337890625,315.0688171386719,550.8554077148438,360.5536193847656,572.086669921875,329.74755859375,549.5716552734375,336.9088134765625,565.9813842773438,349.22137451171875,597.71142578125,357.11846923828125,623.34619140625,361.58172607421875,634.9488525390625,398.5149230957031,639.8547973632812,442.6859130859375,0
5195,214.10415649414062,148.45254516601562,493.23577880859375,149.3111114501953,526.7124633789062,314.88946533203125,550.4484252929688,360.6748046875,571.7689208984375,330.59759521484375,549.58056640625,336.7703552246094,565.9600219726562,349.356201171875,597.6798706054688,357.3402099609375,623.37939453125,361.4617919921875,634.90185546875,398.4146423339844,639.6239013671875,442.2499694824219,0
5196,214.10411071777344,148.46221923828125,493.2322692871094,149.3094024658203,526.5277709960938,314.8813781738281,550.4559326171875,360.6986389160156,571.7320556640625,330.61260986328125,549.478515625,336.7321472167969,565.9663696289062,349.3455810546875,597.8616333007812,357.155517578125,623.2313842773438,361.1854248046875,634.8701782226562,398.0684509277344,639.6227416992188,442.1593017578125,0
5197,214.30970764160156,148.48330688476562,493.2203369140625,149.41636657714844,526.920166015625,314.34857177734375,550.4671020507812,360.4278259277344,571.7923583984375,330.3291015625,549.8741455078125,336.607177734375,565.8771362304688,349.0769348144531,597.3724365234375,357.59796142578125,623.4175415039062,361.52740478515625,634.880126953125,398.10406494140625,639.8225708007812,441.6320495605469,0
5198,214.2719268798828,148.49974060058594,493.29718017578125,149.50547790527344,528.4510498046875,315.7070007324219,551.5863037109375,360.7964172363281,573.0278930664062,330.0070495605469,550.799560546875,337.4681091308594,566.7791137695312,349.35504150390625,597.8453979492188,358.1182556152344,623.221923828125,361.84588623046875,634.7926635742188,397.8653869628906,639.2989501953125,441.4344177246094,0
5199,214.2285614013672,148.5975799560547,493.3562316894531,149.34609985351562,527.4494018554688,315.4091796875,551.5869140625,360.7445068359375,572.1401977539062,330.38739013671875,550.3046875,337.2005920410156,566.61181640625,348.9707946777344,597.930419921875,357.4136657714844,623.3363647460938,361.5412902832031,634.8514404296875,398.01983642578125,639.4041748046875,441.9401550292969,0
5200,214.18179321289062,148.66722106933594,493.4496154785156,149.35879516601562,526.9877319335938,315.36651611328125,551.068603515625,360.47894287109375,571.614501953125,330.5572814941406,549.6983642578125,337.19354248046875,565.9724731445312,349.1015319824219,597.5042724609375,357.13800048828125,623.0828247070312,361.5939636230469,635.1636352539062,399.34161376953125,639.5545043945312,441.90191650390625,0
5201,214.40496826171875,148.64356994628906,493.43585205078125,149.56983947753906,526.474609375,315.37249755859375,550.9367065429688,360.5227355957031,571.3114013671875,330.033203125,549.50146484375,336.94561767578125,566.0010986328125,348.9740905761719,597.7565307617188,357.1613464355469,622.9386596679688,360.89697265625,635.2164916992188,398.78094482421875,639.57763671875,441.21490478515625,0
5202,214.13201904296875,148.82220458984375,493.437255859375,149.774658203125,526.4008178710938,316.0136413574219,551.1142578125,360.6658020019531,571.7759399414062,329.7407531738281,549.3494262695312,337.2660217285156,566.0233154296875,349.2769470214844,597.7393188476562,357.0199890136719,623.165771484375,361.0094909667969,634.81103515625,398.49371337890625,639.4318237304688,441.03076171875,0
5203,214.19558715820312,148.79673767089844,493.4536437988281,149.5745086669922,525.8493041992188,316.1143493652344,551.0103149414062,360.5645751953125,571.31787109375,330.3935241699219,549.2296142578125,337.70562744140625,565.7969970703125,349.1202087402344,597.5618896484375,356.5923156738281,623.1829223632812,361.1455993652344,634.9476928710938,398.9339904785156,639.3956909179688,441.18853759765625,0
5204,214.25039672851562,148.9732666015625,493.3690185546875,149.50924682617188,525.4102783203125,316.5044860839844,551.0787963867188,360.4207458496094,570.8828125,330.1203308105469,548.9601440429688,337.63189697265625,565.6734619140625,349.0004577636719,597.7564086914062,356.41168212890625,623.1068115234375,360.987060546875,634.7979736328125,398.4584045410156,640.3959350585938,440.7262878417969,0
5205,214.27606201171875,148.9597625732422,493.3792724609375,149.60411071777344,525.3426513671875,316.3724670410156,551.1455688476562,360.52740478515625,571.1210327148438,330.0135803222656,548.9845581054688,337.669189453125,565.8052368164062,349.0322265625,597.8593139648438,356.40673828125,623.1058959960938,360.9654541015625,634.7805786132812,398.4985046386719,640.3934326171875,440.7443542480469,0
5206,214.16783142089844,148.92196655273438,493.30914306640625,149.55245971679688,525.3278198242188,317.0416564941406,551.2369995117188,360.7265930175781,571.54052734375,329.4288024902344,549.2774658203125,337.57415771484375,566.061767578125,349.3299560546875,597.9616088867188,356.604736328125,622.7864990234375,360.91925048828125,634.6243286132812,398.1982727050781,639.5302124023438,441.09686279296875,0
5207,214.262451171875,148.82089233398438,493.28741455078125,149.61502075195312,525.9370727539062,317.007568359375,551.1228637695312,360.5622863769531,571.4889526367188,329.5112609863281,549.1834716796875,337.4085693359375,565.7674560546875,349.2102355957031,597.5260620117188,356.2074890136719,622.9364013671875,361.0826721191406,634.8740844726562,398.4486389160156,639.286865234375,440.8392333984375,0
5208,214.13699340820312,148.80638122558594,493.24969482421875,149.69602966308594,525.9096069335938,317.0045166015625,551.31884765625,360.7008361816406,571.6010131835938,330.20849609375,549.1873779296875,337.36968994140625,566.0764770507812,349.10235595703125,597.7490234375,356.3778991699219,623.0592041015625,361.343505859375,634.6814575195312,398.51995849609375,639.3146362304688,441.0853576660156,0
5209,214.18093872070312,148.85496520996094,493.3155212402344,149.66835021972656,525.2227783203125,316.40570068359375,550.9558715820312,360.5103759765625,570.9849853515625,329.89666748046875,549.199951171875,337.7373046875,565.757568359375,349.0412902832031,597.73779296875,356.1612854003906,622.69189453125,361.0346374511719,634.8361206054688,398.9226379394531,639.2302856445312,441.4180603027344,0
5210,214.168701171875,148.8205108642578,493.4102478027344,149.60287475585938,525.2266235351562,316.4031066894531,550.9481811523438,360.51116943359375,570.9928588867188,329.8976745605469,549.1983032226562,337.74591064453125,565.751708984375,349.0459289550781,597.733642578125,356.165283203125,622.6917114257812,361.03509521484375,634.81494140625,398.8769226074219,639.3251953125,441.47076416015625,0
5211,214.1634979248047,148.8113250732422,493.3414306640625,149.5321502685547,525.2114868164062,316.2933044433594,551.0401000976562,360.621337890625,570.7769165039062,329.70989990234375,549.101806640625,337.7032470703125,565.6425170898438,349.019775390625,597.566162109375,355.80950927734375,622.6600341796875,360.9854736328125,634.7264404296875,398.3200378417969,639.3749389648438,441.5685119628906,0
5212,214.1446075439453,148.86676025390625,493.2417907714844,149.5350799560547,524.5892944335938,316.40478515625,550.9122924804688,360.5595397949219,570.3790283203125,329.6062927246094,548.7195434570312,337.55084228515625,565.3037719726562,349.07501220703125,597.533935546875,355.5943908691406,622.472412109375,360.60333251953125,634.6351928710938,397.76385498046875,639.3945922851562,441.5025634765625,0
5213,214.2484130859375,148.73204040527344,493.1985778808594,149.66879272460938,524.4266967773438,316.0804748535156,550.4733276367188,360.65594482421875,570.2347412109375,329.564697265625,548.64990234375,337.4823303222656,565.280517578125,349.0303955078125,597.3831787109375,356.18695068359375,622.2837524414062,360.3958435058594,634.647216796875,398.0614318847656,639.3873291015625,441.90252685546875,0
5214,214.3092498779297,148.88548278808594,493.2536315917969,149.72097778320312,525.0830078125,317.1167297363281,550.6326904296875,360.74029541015625,570.469482421875,329.7774658203125,548.7770385742188,337.8810729980469,565.14990234375,349.1819763183594,597.3568725585938,355.8825378417969,622.6619873046875,360.6795349121094,634.8853149414062,398.5416259765625,639.192138671875,441.9562683105469,0
5215,214.30601501464844,148.88377380371094,493.22509765625,149.710205078125,525.0831298828125,317.1131286621094,550.6370239257812,360.7418518066406,570.4655151367188,329.7716369628906,548.7810668945312,337.8800354003906,565.1532592773438,349.18017578125,597.3770751953125,355.9020690917969,622.6563720703125,360.6744384765625,634.882080078125,398.5335998535156,639.2694091796875,442.1064758300781,0
5216,214.30911254882812,148.80874633789062,493.27532958984375,149.65162658691406,525.16748046875,317.9713134765625,551.1556396484375,360.8180236816406,570.7409057617188,330.0048828125,548.9234619140625,337.7666015625,565.5604858398438,349.14324951171875,597.636474609375,355.74505615234375,622.6121215820312,360.8805236816406,634.909912109375,398.58624267578125,639.201171875,441.4147033691406,0
5217,214.3008575439453,148.7548370361328,493.3443908691406,149.5635986328125,524.6326293945312,317.9179992675781,550.6771240234375,360.7720031738281,570.4276733398438,329.9364318847656,548.9165649414062,338.3863525390625,565.3560180664062,349.2336120605469,597.3423461914062,356.0762023925781,622.620361328125,360.8697509765625,634.81884765625,398.5155944824219,639.35595703125,440.95904541015625,0
5218,214.36447143554688,148.60499572753906,493.293212890625,149.57177734375,524.205078125,317.35589599609375,550.22412109375,360.5740661621094,570.1525268554688,330.0487060546875,548.6256103515625,338.2552185058594,564.8621826171875,349.335693359375,597.2161865234375,355.794921875,622.7929077148438,360.9886169433594,634.817626953125,398.4477233886719,640.4220581054688,440.57080078125,0
5219,214.34864807128906,148.65261840820312,493.4841003417969,149.47943115234375,523.8217163085938,316.8384704589844,550.161865234375,360.6673583984375,570.1704711914062,329.9537658691406,548.5496215820312,338.04107666015625,564.7850952148438,349.3475036621094,597.2327880859375,355.81024169921875,622.972412109375,361.2877197265625,634.676513671875,397.7816467285156,639.3353881835938,441.3267822265625,0
5220,214.16561889648438,148.58319091796875,493.45184326171875,149.5953826904297,523.4732666015625,317.5023498535156,550.4703369140625,360.8657531738281,570.0405883789062,329.6650390625,548.6318969726562,338.298583984375,564.8591918945312,349.2976989746094,597.2285766601562,355.8468322753906,622.7637329101562,361.3158264160156,634.8342895507812,398.99188232421875,639.5420532226562,441.2078857421875,0
5221,214.1616668701172,148.58999633789062,493.4668884277344,149.5906524658203,523.4658813476562,317.59283447265625,550.4677734375,360.878662109375,570.0730590820312,329.92626953125,548.61962890625,338.39739990234375,564.8150634765625,349.4217224121094,597.2356567382812,355.9357604980469,622.757080078125,361.3050231933594,634.82666015625,398.9876708984375,639.54296875,441.17333984375,0
5222,214.10025024414062,148.70091247558594,493.49639892578125,149.57542419433594,523.9818115234375,318.2629699707031,550.32177734375,360.7276611328125,570.1431274414062,330.32293701171875,548.6254272460938,338.70770263671875,564.81884765625,349.5003356933594,597.2774658203125,355.768310546875,622.8507080078125,361.05242919921875,634.7670288085938,398.7688903808594,639.85693359375,442.0812072753906,0
5223,214.13790893554688,148.67147827148438,493.4002685546875,149.525146484375,523.9293823242188,318.11761474609375,550.7169799804688,360.71368408203125,569.9617309570312,329.9919738769531,548.7459716796875,338.3952331542969,565.0756225585938,349.1399230957031,597.45068359375,356.22412109375,622.6702880859375,361.2070007324219,634.6889038085938,398.68707275390625,639.9077758789062,442.1884765625,0
5224,214.2888641357422,148.6585235595703,493.3978576660156,149.5059356689453,522.481201171875,319.3659362792969,550.4724731445312,360.9775390625,569.65185546875,329.0103454589844,547.842041015625,338.76153564453125,564.1571044921875,349.39398193359375,597.2140502929688,355.4207763671875,622.7630615234375,360.8800964355469,634.8225708007812,398.933837890625,639.6829833984375,441.990478515625,0
5225,214.24609375,148.6900177001953,493.47393798828125,149.5718231201172,522.3945922851562,319.2217102050781,549.9815673828125,360.76141357421875,569.5442504882812,328.8375244140625,547.637451171875,338.6006164550781,564.0263671875,349.3177490234375,597.0692749023438,355.49676513671875,622.6671142578125,361.07916259765625,634.98388671875,398.67205810546875,639.4959716796875,441.6326599121094,0
5226,214.2473907470703,148.69076538085938,493.47607421875,149.56646728515625,522.4143676757812,319.2158203125,550.0015258789062,360.7402038574219,569.5370483398438,328.8667907714844,547.6279296875,338.6001281738281,564.0285034179688,349.3126220703125,597.1365356445312,355.396484375,622.53369140625,361.0383605957031,634.9692993164062,398.4829406738281,639.4622192382812,441.2469787597656,0
5227,214.2406463623047,148.56773376464844,493.4580078125,149.4188690185547,522.0850219726562,320.03680419921875,550.143798828125,360.8333435058594,569.3865966796875,328.7713317871094,547.606689453125,338.7048034667969,564.1923217773438,349.1243591308594,597.4532470703125,355.67291259765625,622.700927734375,361.2962341308594,634.4912719726562,397.77825927734375,639.6852416992188,441.6339416503906,0
5228,214.1893310546875,148.60391235351562,493.3836975097656,149.44381713867188,522.6124877929688,321.0818176269531,550.486572265625,361.2447814941406,569.8081665039062,329.6158447265625,548.1412353515625,339.50885009765625,564.5303955078125,349.6487121582031,597.2720336914062,355.7505798339844,623.0668334960938,361.3088073730469,634.9684448242188,399.1526794433594,640.7556762695312,440.6684875488281,0
5229,214.1133575439453,148.38909912109375,493.50933837890625,149.41140747070312,522.5765991210938,333.06719970703125,555.14697265625,366.0904235839844,567.4144897460938,332.16534423828125,549.72705078125,344.2681884765625,566.56640625,351.00042724609375,598.5218505859375,355.1903381347656,622.6901245117188,361.6351623535156,634.708984375,398.0076599121094,639.5619506835938,441.2338562011719,0
5230,214.1215057373047,148.3042449951172,493.44769287109375,149.36465454101562,519.8147583007812,339.8915710449219,553.3424072265625,372.0627746582031,567.2191772460938,336.359619140625,548.98193359375,348.4853210449219,564.3562622070312,353.70587158203125,597.9189453125,356.0528259277344,622.3331298828125,360.4803161621094,635.0835571289062,398.4339904785156,639.6663208007812,441.5497741699219,0
5231,214.18402099609375,148.40298461914062,493.518310546875,149.4138946533203,520.1290283203125,341.1813049316406,553.0687866210938,374.8736877441406,567.6178588867188,339.54486083984375,548.6299438476562,351.19732666015625,563.7446899414062,358.6477966308594,597.94873046875,359.46575927734375,622.6817016601562,361.3145751953125,634.9317016601562,398.2208557128906,639.767333984375,442.2038879394531,0
5232,214.1797637939453,148.39218139648438,493.479736328125,149.52784729003906,520.1300048828125,341.1995849609375,553.059814453125,374.8634948730469,567.6262817382812,339.567626953125,548.6236572265625,351.1924743652344,563.72265625,358.65234375,597.81201171875,359.48956298828125,622.718994140625,361.39404296875,634.9159545898438,398.1963806152344,639.76416015625,442.21160888671875,0
5233,214.29080200195312,148.34286499023438,493.47210693359375,149.4628143310547,520.22314453125,343.2820129394531,553.5651245117188,376.7476501464844,566.3868408203125,340.5674133300781,546.838623046875,353.8546142578125,563.2293090820312,359.99627685546875,597.3551025390625,359.85186767578125,622.0504150390625,361.1177673339844,634.8347778320312,398.3290710449219,639.8850708007812,441.522705078125,0
5234,214.21685791015625,148.3768768310547,493.52911376953125,149.52992248535156,519.4541625976562,342.7916564941406,552.6386108398438,377.67401123046875,566.3473510742188,342.162109375,546.2310180664062,355.32220458984375,563.5200805664062,361.6959228515625,596.5292358398438,360.28057861328125,621.4964599609375,361.2474670410156,634.8626708984375,398.31707763671875,640.043212890625,441.36346435546875,0
5235,214.28875732421875,148.39877319335938,493.38763427734375,149.5372772216797,519.283203125,339.77276611328125,550.340576171875,375.7359619140625,565.7275390625,341.42352294921875,545.5643920898438,352.536865234375,561.109375,361.24627685546875,595.6832885742188,360.40704345703125,621.8333129882812,360.6910705566406,634.784912109375,398.1534118652344,639.9801025390625,441.24383544921875,0
5236,214.1666717529297,148.54052734375,493.400634765625,149.47389221191406,517.9270629882812,338.3030090332031,551.5870971679688,371.9087829589844,565.5693359375,337.2388000488281,546.4498291015625,349.27313232421875,561.8101806640625,355.6304931640625,595.2973022460938,357.6047058105469,619.3432006835938,361.61444091796875,634.2815551757812,399.0535888671875,640.720947265625,442.6399230957031,0
5237,214.16163635253906,148.5364532470703,493.40081787109375,149.47303771972656,517.9335327148438,338.30389404296875,551.566162109375,371.8536682128906,565.7086791992188,337.1842041015625,546.5062866210938,349.112548828125,561.9437255859375,355.462890625,595.4009399414062,357.6577453613281,619.46435546875,361.5046691894531,634.3112182617188,398.90264892578125,640.7144775390625,442.6021728515625,0
5238,214.03713989257812,148.44546508789062,493.4322509765625,149.44381713867188,518.0538330078125,345.2560119628906,552.2640991210938,374.5572814941406,563.9724731445312,338.72265625,546.0625610351562,352.03936767578125,562.2189331054688,357.35028076171875,596.06982421875,357.1204528808594,619.4938354492188,362.2232666015625,633.993896484375,398.3569030761719,640.8746948242188,442.8403015136719,0
5239,214.14279174804688,148.49156188964844,493.4663391113281,149.40760803222656,518.1972045898438,368.2071838378906,560.2119750976562,384.2137451171875,558.0512084960938,346.34429931640625,547.142822265625,364.4059143066406,562.4448852539062,363.9802551269531,596.3450927734375,356.1449890136719,623.3785400390625,360.9942321777344,635.5375366210938,398.98004150390625,640.9105224609375,441.968994140625,0
5240,214.19639587402344,148.5446014404297,493.4162902832031,149.42242431640625,517.3209228515625,371.53143310546875,560.8338623046875,387.6590270996094,558.4282836914062,350.4071044921875,546.5537109375,369.1444396972656,561.0738525390625,367.2474365234375,595.9559936523438,356.669921875,623.5195922851562,360.42498779296875,635.8101806640625,398.7471008300781,641.2349243164062,442.04217529296875,0
5241,214.13609313964844,148.60195922851562,493.51708984375,149.3877410888672,516.79736328125,376.772216796875,560.987060546875,388.7471008300781,556.8880615234375,353.38323974609375,545.3271484375,371.68133544921875,559.9332275390625,368.0919189453125,594.7413940429688,357.0150146484375,622.7373657226562,361.2358093261719,635.9589233398438,398.3941345214844,640.8876953125,441.7884826660156,0
5242,214.10943603515625,148.55641174316406,493.4590148925781,149.4958953857422,517.1411743164062,377.72979736328125,560.7867431640625,389.410400390625,556.1768188476562,354.1072998046875,544.9541015625,372.57086181640625,559.9443359375,368.6444091796875,594.2708740234375,356.60308837890625,622.5130615234375,360.78985595703125,636.1282958984375,398.3133544921875,641.0291137695312,441.6165466308594,0
5243,214.1298828125,148.68910217285156,493.3594970703125,149.42066955566406,516.7673950195312,376.708740234375,560.4443969726562,389.310302734375,556.63818359375,353.56427001953125,544.8900756835938,371.91357421875,559.608154296875,368.2854309082031,593.967529296875,356.836669921875,622.1754760742188,360.3636779785156,635.7538452148438,397.2728271484375,641.9168701171875,440.4133605957031,0
5244,214.2235870361328,148.68157958984375,493.2030029296875,149.44361877441406,513.5960083007812,375.5888977050781,558.8636474609375,388.7911376953125,554.2978515625,351.6094055175781,542.9462890625,370.15606689453125,557.7780151367188,368.0353698730469,592.1253662109375,355.9089660644531,621.2742919921875,359.1139831542969,635.2884521484375,396.3712158203125,641.484130859375,439.2795715332031,0
5245,214.2261505126953,148.77989196777344,493.2522277832031,149.550537109375,512.5462036132812,377.6409912109375,559.868896484375,386.98614501953125,551.799072265625,351.1918640136719,542.3602294921875,370.6533203125,557.2771606445312,367.0714111328125,589.5485229492188,355.055908203125,620.9521484375,358.7186279296875,635.4320068359375,395.9254455566406,641.23046875,439.03033447265625,0
5246,214.23341369628906,148.7864532470703,493.2507629394531,149.5459747314453,512.51806640625,377.62799072265625,559.9012451171875,386.8162536621094,551.7781372070312,351.2430419921875,542.40283203125,370.64398193359375,557.2797241210938,367.107177734375,589.5391845703125,355.00653076171875,620.9696044921875,358.74884033203125,635.4380493164062,395.9471130371094,641.226806640625,439.07452392578125,0
5247,214.32415771484375,148.66285705566406,493.3367919921875,149.56527709960938,506.9914855957031,389.9441223144531,557.0614624023438,392.1011047363281,545.3706665039062,356.47821044921875,534.8792724609375,377.620361328125,553.15283203125,373.4593811035156,585.5180053710938,355.46728515625,621.3097534179688,358.935546875,635.3485107421875,396.58551025390625,641.5984497070312,439.83917236328125,0
5248,214.41744995117188,148.65756225585938,493.24505615234375,149.5408935546875,510.11907958984375,395.58514404296875,559.2645874023438,394.9811096191406,545.6204833984375,361.0390319824219,538.5012817382812,380.9029846191406,552.0982666015625,375.6120300292969,585.1497192382812,356.20660400390625,620.643310546875,358.0008850097656,635.8065795898438,395.4263916015625,641.8814086914062,439.79638671875,0
5249,214.53355407714844,148.72274780273438,493.3453063964844,149.54806518554688,511.7833557128906,395.3740539550781,561.5177612304688,394.60125732421875,547.4168701171875,362.52789306640625,540.1144409179688,381.7974548339844,553.87744140625,376.02606201171875,585.8357543945312,355.0837097167969,620.87646484375,358.4554138183594,635.576904296875,397.43634033203125,640.98974609375,441.9055480957031,0
5250,214.55284118652344,148.77780151367188,493.26336669921875,149.5155029296875,516.1950073242188,389.13885498046875,562.2132568359375,391.9458923339844,547.6096801757812,360.88812255859375,542.0197143554688,379.1351318359375,556.8058471679688,373.5531921386719,586.9439697265625,353.6151123046875,623.4279174804688,359.80804443359375,635.4963989257812,398.7484436035156,641.7239990234375,443.6927490234375,0
5251,214.7151641845703,148.769287109375,493.2460021972656,149.51986694335938,519.1538696289062,383.4697570800781,561.4086303710938,388.65899658203125,546.8991088867188,359.30206298828125,542.1316528320312,376.76275634765625,557.0569458007812,370.687744140625,589.341552734375,351.64691162109375,625.883056640625,358.010986328125,636.2999877929688,398.73321533203125,642.544677734375,445.2115783691406,0
5252,214.5235137939453,148.69866943359375,493.1796875,149.54891967773438,525.3995361328125,374.99176025390625,558.4515991210938,384.1070251464844,545.398193359375,355.5184326171875,541.91357421875,369.5379943847656,553.0506591796875,365.1981201171875,589.329833984375,348.70233154296875,627.11572265625,357.99407958984375,636.1578369140625,398.6017150878906,642.3341064453125,445.567138671875,0
5253,214.51535034179688,148.62722778320312,493.2481994628906,149.6192626953125,530.9960327148438,371.9288330078125,557.4654541015625,381.5318908691406,539.052978515625,354.7875061035156,540.8685302734375,368.4172058105469,550.749267578125,364.0330505371094,587.755859375,346.5810852050781,627.0936279296875,359.03204345703125,635.7185668945312,401.40301513671875,643.2193603515625,447.5906066894531,0
5254,214.44163513183594,148.67678833007812,493.20098876953125,149.7086639404297,530.509765625,364.59228515625,553.5403442382812,377.12164306640625,534.7130737304688,351.1219787597656,536.88720703125,363.326171875,546.2418823242188,357.8019714355469,585.2297973632812,340.07855224609375,628.4178466796875,352.9386291503906,636.0940551757812,396.49456787109375,642.1199951171875,445.20367431640625,0
5255,214.43675231933594,148.69256591796875,493.20037841796875,149.7071075439453,530.5183715820312,364.4224548339844,553.4970703125,377.1834716796875,534.6975708007812,351.0339050292969,536.9024658203125,363.237060546875,546.2503051757812,357.79364013671875,585.4503173828125,340.12371826171875,628.6481323242188,353.4014892578125,636.0858764648438,396.7737121582031,642.1258544921875,445.22100830078125,0
5256,214.48463439941406,148.47842407226562,493.16119384765625,149.62841796875,527.8181762695312,362.8009948730469,551.537353515625,375.2106628417969,531.9937133789062,350.8203125,534.681884765625,362.83758544921875,542.9285888671875,357.6084899902344,582.6254272460938,338.10205078125,628.707275390625,347.8743896484375,636.1258544921875,393.99407958984375,641.38623046875,442.14886474609375,0
5257,214.47195434570312,148.37503051757812,493.24365234375,149.70687866210938,525.0347290039062,366.0653076171875,547.0385131835938,377.04205322265625,526.8834838867188,352.4857177734375,531.233154296875,365.30548095703125,539.955322265625,361.1209411621094,577.9002075195312,340.43157958984375,627.282470703125,343.00103759765625,635.2183227539062,389.91217041015625,639.0384521484375,435.1513366699219,0
5258,214.32525634765625,148.50953674316406,493.2169494628906,149.66848754882812,532.7520141601562,378.2388000488281,552.29296875,380.9515686035156,526.1075439453125,360.5096130371094,535.9780883789062,372.62091064453125,541.8428344726562,364.8983459472656,579.744384765625,340.0493469238281,628.2598266601562,342.3781433105469,635.2597045898438,389.5555725097656,639.5004272460938,435.8033142089844,0
5259,214.32054138183594,148.4907684326172,493.2637634277344,149.70547485351562,545.8851928710938,389.9180603027344,564.6224975585938,384.9477233886719,534.9824829101562,372.47686767578125,548.05517578125,381.8253173828125,550.4271240234375,371.9831848144531,581.4374389648438,340.57025146484375,629.3396606445312,339.9220275878906,635.8045043945312,388.06695556640625,639.62939453125,434.63336181640625,0
5260,214.3002166748047,148.49070739746094,493.2289733886719,149.73141479492188,545.7590942382812,389.89501953125,564.601318359375,384.9870910644531,534.9375610351562,372.310546875,547.9521484375,381.79962158203125,550.336181640625,371.97119140625,581.63671875,340.55084228515625,629.35791015625,339.9444580078125,635.7867431640625,388.260986328125,639.6022338867188,434.81304931640625,0
5261,214.41915893554688,148.4691162109375,493.13934326171875,149.69259643554688,550.1219482421875,397.465087890625,568.0025024414062,385.960693359375,537.2418823242188,377.9808349609375,551.4326782226562,385.8883361816406,554.2960205078125,375.0164794921875,582.1555786132812,341.8711853027344,629.1893310546875,338.88128662109375,636.61572265625,387.5422668457031,640.10888671875,435.4419860839844,0
5262,214.4617919921875,148.44317626953125,493.1914978027344,149.72445678710938,560.0094604492188,411.3097229003906,576.8094482421875,391.0467834472656,544.2847290039062,385.1310119628906,560.7600708007812,395.0824890136719,560.0173950195312,381.4687805175781,582.9442138671875,342.9411315917969,628.31884765625,334.1235046386719,638.3479614257812,380.74114990234375,640.1500854492188,427.63714599609375,0
5263,214.38914489746094,148.6590576171875,493.070556640625,149.64407348632812,564.574462890625,419.1918029785156,579.760498046875,392.6962585449219,546.9120483398438,387.7859191894531,563.255859375,397.8824768066406,561.8995361328125,382.4581298828125,582.1619262695312,343.29156494140625,628.2456665039062,330.927978515625,638.8500366210938,376.9601135253906,641.1935424804688,422.82757568359375,0
5264,214.2806854248047,148.83224487304688,493.0986328125,149.7034912109375,579.4658813476562,426.29296875,584.92578125,394.9860534667969,551.6218872070312,398.610107421875,572.1796264648438,404.02008056640625,569.25732421875,388.8370056152344,580.3211059570312,346.0127258300781,623.2490234375,318.78558349609375,639.4202880859375,363.25634765625,641.090576171875,408.79296875,0
5265,214.2928924560547,148.88803100585938,493.10394287109375,149.65769958496094,579.4562377929688,426.2674865722656,584.9895629882812,394.95587158203125,551.638671875,398.5813293457031,572.1682739257812,404.00323486328125,569.3059692382812,388.7720642089844,580.299072265625,345.9733581542969,623.26953125,318.797119140625,639.4213256835938,363.2408447265625,641.0758056640625,408.70513916015625,0
5266,214.3224639892578,148.7900390625,493.0738830566406,149.67723083496094,587.7211303710938,430.0868225097656,588.0997314453125,395.99945068359375,556.0135498046875,404.7626037597656,577.2791748046875,407.68603515625,573.0401000976562,393.1287841796875,578.2483520507812,345.67083740234375,620.7700805664062,313.167236328125,638.741943359375,352.49114990234375,640.3025512695312,398.7827453613281,0
5267,214.48678588867188,148.7383575439453,492.9889831542969,149.69834899902344,589.0294189453125,441.3357849121094,595.7638549804688,400.77716064453125,562.334228515625,405.71966552734375,581.1362915039062,413.8001708984375,576.9655151367188,397.837646484375,580.0607299804688,347.4627990722656,613.7515869140625,302.40875244140625,637.5240478515625,327.1105651855469,633.6183471679688,368.21044921875,0
5268,214.4382781982422,148.6525115966797,492.9540710449219,149.7218475341797,589.2921752929688,442.9928283691406,598.8689575195312,403.02227783203125,565.42578125,406.7347717285156,583.6761474609375,414.86456298828125,580.615234375,398.7974548339844,582.107177734375,347.0923767089844,611.7418823242188,298.90850830078125,638.3126831054688,321.23333740234375,633.7562255859375,360.85040283203125,0
5269,214.58677673339844,148.62728881835938,492.9858703613281,149.6105499267578,595.494873046875,446.136474609375,603.162109375,405.1390380859375,570.6868286132812,411.82342529296875,588.9219970703125,418.5409240722656,586.2919921875,402.6800537109375,580.6868286132812,353.05914306640625,590.46240234375,296.3612976074219,627.4365234375,296.6658630371094,633.9926147460938,339.1688232421875,0
5270,214.5799102783203,148.61817932128906,493.028564453125,149.6428985595703,595.5277099609375,446.1216125488281,603.1817626953125,404.9742736816406,570.6799926757812,411.67840576171875,588.8579711914062,418.4270935058594,586.2598266601562,402.4662780761719,580.6805419921875,352.9281921386719,590.4639282226562,296.3594665527344,627.4337158203125,296.65728759765625,633.966064453125,339.17279052734375,0
5271,214.3636474609375,148.7759246826172,493.0166931152344,149.7525634765625,597.3825073242188,443.7870788574219,604.31494140625,403.1898193359375,571.9299926757812,411.87591552734375,590.4706420898438,417.9774475097656,587.3763427734375,401.585693359375,578.6015014648438,350.9319152832031,584.1016235351562,293.6721496582031,620.0872192382812,287.42999267578125,633.0154418945312,326.9212341308594,0
5272,214.2391357421875,148.72360229492188,493.072021484375,149.74908447265625,606.0540771484375,428.31439208984375,603.704833984375,392.45257568359375,573.6727905273438,407.42730712890625,593.5994873046875,407.76788330078125,588.4507446289062,393.6903991699219,571.7881469726562,345.2636413574219,577.2225952148438,289.9941101074219,615.8475341796875,285.3622741699219,632.2894897460938,322.4668884277344,0
5273,214.26504516601562,148.72293090820312,493.13671875,149.5960693359375,600.0918579101562,429.8271484375,605.9149169921875,389.9092712402344,573.5393676757812,400.5387878417969,592.9263305664062,404.8822937011719,587.3991088867188,391.1384582519531,571.2901000976562,341.9910583496094,574.5396728515625,286.46759033203125,612.925048828125,279.92095947265625,632.4263916015625,317.3480529785156,0
5274,214.2506866455078,148.5787353515625,493.1495361328125,149.60104370117188,596.6450805664062,443.01220703125,606.361572265625,399.5475158691406,575.469482421875,407.51031494140625,592.5551147460938,414.5038146972656,590.1348876953125,398.67218017578125,576.223876953125,345.4202575683594,577.6243896484375,287.3000183105469,620.8857421875,279.6845397949219,636.5474853515625,317.40435791015625,0
5275,214.2494354248047,148.57879638671875,493.138671875,149.64317321777344,596.64453125,443.0132141113281,606.358642578125,399.5478820800781,575.4743041992188,407.5091857910156,592.5549926757812,414.5049743652344,590.1312255859375,398.6725158691406,576.2078857421875,345.4295654296875,577.6251220703125,287.3093566894531,620.8687744140625,279.6929931640625,636.5439453125,317.3907775878906,0
5276,214.1725311279297,148.47213745117188,493.2213134765625,149.6013946533203,596.1568603515625,446.8176574707031,608.1036987304688,405.7934265136719,575.7513427734375,411.78497314453125,592.2807006835938,418.7938232421875,590.156005859375,402.5498352050781,577.80517578125,348.9532470703125,578.496826171875,289.3209533691406,619.7211303710938,280.6948547363281,637.9674072265625,312.7434387207031,0
5277,214.17678833007812,148.68011474609375,493.2980041503906,149.69821166992188,594.4273681640625,456.84814453125,605.7550048828125,410.60894775390625,574.4217529296875,415.1287841796875,590.9475708007812,424.8852844238281,589.2583618164062,408.9460144042969,578.935791015625,352.78057861328125,579.5636596679688,291.55731201171875,619.4832763671875,279.9449768066406,638.6563110351562,312.7266845703125,0
5278,214.10072326660156,148.66384887695312,493.21856689453125,149.5211181640625,595.7135009765625,458.82611083984375,606.69580078125,411.8924560546875,574.3908081054688,416.36920166015625,591.697509765625,426.53338623046875,589.6852416992188,410.0677490234375,578.7664794921875,354.2724914550781,579.7452392578125,293.6257629394531,620.7237548828125,281.18060302734375,638.7440795898438,315.1538391113281,0
5279,214.19509887695312,148.8468017578125,493.093994140625,149.54742431640625,596.5156860351562,456.0103759765625,607.5068969726562,406.4908142089844,574.1228637695312,414.0072326660156,591.3170166015625,422.9901123046875,589.5042114257812,405.29150390625,579.5771484375,351.64337158203125,580.4767456054688,293.1663818359375,620.6563110351562,280.25531005859375,639.3091430664062,311.5959167480469,0
5280,214.18743896484375,148.73532104492188,493.1129150390625,149.5518341064453,598.087158203125,454.0099182128906,607.3955078125,403.2791442871094,574.192138671875,411.5643310546875,592.2380981445312,421.2543640136719,589.7680053710938,403.0420227050781,579.139404296875,349.6843566894531,581.0368041992188,291.1968688964844,621.6613159179688,278.7690734863281,640.4940185546875,310.1052551269531,0
5281,214.1519317626953,148.81716918945312,493.13055419921875,149.53724670410156,599.9991455078125,451.6194763183594,609.2285766601562,402.7267150878906,574.0472412109375,409.72406005859375,593.4577026367188,418.90863037109375,590.2706909179688,400.95794677734375,578.9771118164062,347.7402038574219,580.6146240234375,290.1212158203125,621.4430541992188,275.8687438964844,640.1321411132812,307.21893310546875,0
5282,214.16342163085938,148.8221435546875,493.1184997558594,149.54171752929688,600.0149536132812,451.63629150390625,609.213134765625,402.6777648925781,574.0650634765625,409.67236328125,593.4432983398438,418.9167785644531,590.2326049804688,400.9658508300781,579.0552978515625,347.7016296386719,580.6090087890625,290.1148376464844,621.438232421875,275.8580322265625,640.1348876953125,307.1986083984375,0
5283,214.14064025878906,148.80819702148438,493.1644592285156,149.4535675048828,601.8093872070312,446.2826232910156,607.8367919921875,397.6521301269531,574.7697143554688,405.9660339355469,594.7704467773438,414.6173095703125,591.5154418945312,396.40472412109375,578.5487060546875,345.17535400390625,579.1410522460938,288.67388916015625,617.7196044921875,271.69281005859375,636.718505859375,306.30316162109375,0
5284,214.1817169189453,148.7206573486328,493.0708312988281,149.57894897460938,603.25,438.79888916015625,601.7427368164062,391.2741394042969,567.8462524414062,401.9033203125,590.6012573242188,407.826416015625,585.525634765625,392.5500793457031,580.887939453125,336.7806701660156,576.5494995117188,276.1421813964844,612.7163696289062,255.08419799804688,634.7793579101562,283.4624938964844,0
5285,214.20892333984375,148.82078552246094,493.0860595703125,149.5358123779297,592.328857421875,432.9261779785156,607.572509765625,393.3125,573.01025390625,393.55859375,589.218505859375,402.0660400390625,589.2022705078125,387.9825134277344,584.46630859375,336.58917236328125,577.9051513671875,273.81866455078125,611.4912719726562,247.88916015625,635.4486694335938,272.67156982421875,0
5286,214.30972290039062,148.7615509033203,493.3011169433594,149.62413024902344,582.4156494140625,429.3004150390625,606.5436401367188,391.4422607421875,571.0773315429688,385.1561279296875,585.5960083007812,399.33831787109375,588.4161376953125,384.1312255859375,585.6107788085938,337.10595703125,579.6480102539062,276.56597900390625,612.0925903320312,240.1940460205078,635.2557983398438,264.0179748535156,0
5287,214.2958221435547,148.80117797851562,493.2994079589844,149.63031005859375,582.4120483398438,429.3024597167969,606.5443115234375,391.44244384765625,571.0745239257812,385.15606689453125,585.5938110351562,399.3382873535156,588.4159545898438,384.12969970703125,585.60888671875,337.10693359375,579.6474609375,276.5667724609375,612.1019287109375,240.1964874267578,635.2550659179688,264.0226745605469,0
5288,214.26171875,148.79359436035156,493.5570068359375,149.44224548339844,580.2622680664062,427.8134765625,605.8843383789062,387.3494873046875,569.4005126953125,381.1795654296875,583.9013671875,395.5041809082031,586.083251953125,381.9920654296875,583.6080322265625,336.5950622558594,579.1864013671875,278.1998596191406,612.96240234375,244.36038208007812,636.8216552734375,268.2455749511719,0
5289,214.1385955810547,148.77488708496094,493.4070739746094,149.5759735107422,571.4369506835938,425.89703369140625,599.1387939453125,386.3183898925781,564.0862426757812,377.4911804199219,577.3511962890625,393.5435791015625,578.3623046875,379.5751953125,580.5496826171875,334.9528503417969,578.7449951171875,282.7056884765625,612.5368041992188,246.8374481201172,635.53125,272.08843994140625,0
5290,214.21473693847656,148.72213745117188,493.53448486328125,149.48097229003906,566.8137817382812,422.9667663574219,596.10498046875,384.760986328125,561.2393798828125,373.38031005859375,573.65234375,390.7673645019531,577.484130859375,378.1037292480469,579.5369873046875,334.30841064453125,579.26611328125,284.07916259765625,612.848388671875,248.45114135742188,636.2371215820312,274.8467712402344,0
5291,214.19313049316406,148.69271850585938,493.5853271484375,149.52261352539062,563.06005859375,420.0332946777344,595.2774047851562,383.64910888671875,560.9769287109375,369.2171630859375,571.386474609375,387.84033203125,576.714111328125,376.3003234863281,579.9618530273438,333.4280700683594,579.5494995117188,284.1847229003906,612.6275634765625,248.63925170898438,636.25927734375,274.7308654785156,0
5292,214.2417449951172,148.6497802734375,493.5839538574219,149.5093994140625,563.07177734375,420.0512390136719,595.2718505859375,383.6520690917969,560.94873046875,369.22528076171875,571.374755859375,387.8309326171875,576.6759643554688,376.32794189453125,579.896484375,333.52239990234375,579.5331420898438,284.19580078125,612.6148681640625,248.65225219726562,636.2461547851562,274.7197570800781,0
5293,214.32460021972656,148.5692138671875,493.3856506347656,149.5159912109375,557.909912109375,414.87115478515625,594.5274658203125,382.7644348144531,561.6053466796875,365.9811706542969,569.203857421875,384.6292419433594,575.6006469726562,374.3499755859375,581.5691528320312,333.4190673828125,580.077880859375,284.7309875488281,611.743408203125,248.71177673339844,634.9974975585938,273.571533203125,0
5294,214.2315673828125,148.6185302734375,493.2984313964844,149.5172882080078,553.2067260742188,410.41851806640625,592.0410766601562,383.7427062988281,561.768798828125,361.2954406738281,567.6683959960938,382.8216857910156,575.4080810546875,372.04559326171875,582.9343872070312,333.00958251953125,580.7894897460938,284.3552551269531,612.1087036132812,248.87254333496094,634.9589233398438,274.0874328613281,0
5295,214.17276000976562,148.57440185546875,493.478515625,149.42367553710938,551.9060668945312,410.03948974609375,592.140869140625,383.3579406738281,561.9439697265625,360.27117919921875,567.52392578125,382.02984619140625,575.6282348632812,371.3807678222656,583.284423828125,332.7364501953125,580.7598876953125,284.4644470214844,611.5308227539062,248.59934997558594,634.5879516601562,273.21380615234375,0
5296,214.18197631835938,148.68624877929688,493.4979553222656,149.42234802246094,551.9194946289062,408.8169860839844,593.675048828125,382.546142578125,563.3430786132812,359.9229736328125,569.927734375,381.2666320800781,577.1467895507812,370.7824401855469,585.0260009765625,332.2802734375,582.2871704101562,284.9422607421875,610.7146606445312,248.34588623046875,634.5225219726562,272.10955810546875,0
5297,214.16513061523438,148.6367645263672,493.5055236816406,149.4276580810547,551.928955078125,408.8365478515625,593.657958984375,382.51092529296875,563.320556640625,359.90533447265625,569.8795166015625,381.2383117675781,577.1192626953125,370.7635803222656,585.02099609375,332.2655029296875,582.2769165039062,284.97100830078125,610.678466796875,248.35986328125,634.5548095703125,272.1158752441406,0
5298,214.14654541015625,148.55474853515625,493.5073547363281,149.33010864257812,555.1682739257812,409.280029296875,596.6277465820312,380.6133117675781,565.3803100585938,359.49627685546875,572.5371704101562,380.6702880859375,578.595703125,370.0624084472656,585.1843872070312,331.7588806152344,580.9447021484375,285.37255859375,608.0659790039062,247.05084228515625,634.3656616210938,270.2958984375,0
5299,214.25091552734375,148.5391845703125,493.4812927246094,149.4259796142578,554.6192626953125,409.0582275390625,596.6260375976562,380.21807861328125,565.0715942382812,359.6546936035156,572.02392578125,380.3200378417969,578.333251953125,369.89324951171875,585.2462768554688,331.4505920410156,581.4766235351562,285.8700256347656,606.431640625,246.79598999023438,633.40869140625,267.0457763671875,0
5300,214.2202911376953,148.44387817382812,493.510498046875,149.4761962890625,551.6082763671875,406.65594482421875,594.5189208984375,380.945068359375,565.5103149414062,358.48187255859375,570.0796508789062,378.403564453125,576.1371459960938,369.3045349121094,585.66552734375,331.0244445800781,581.3201904296875,285.4650573730469,606.4285278320312,246.613525390625,633.2824096679688,266.97607421875,0
5301,214.2494659423828,148.46617126464844,493.5472106933594,149.5269317626953,538.9219360351562,400.9126892089844,587.9622192382812,383.9554138183594,561.223388671875,358.16119384765625,562.6995849609375,380.0107421875,574.2763061523438,368.8190002441406,585.9623413085938,331.9819030761719,581.8046264648438,285.67193603515625,606.3978881835938,246.27516174316406,633.1555786132812,266.5024108886719,0
5302,214.37533569335938,148.55615234375,493.5779724121094,149.58189392089844,536.2511596679688,396.9853515625,584.1655883789062,383.5496520996094,558.619873046875,356.5067138671875,558.4761962890625,378.1673583984375,571.0318603515625,368.4610900878906,585.60107421875,331.9831848144531,581.7022094726562,285.36328125,606.3969116210938,246.2331085205078,633.1309814453125,266.0835876464844,0
5303,214.3538055419922,148.5955810546875,493.5401306152344,149.5775604248047,531.4403076171875,394.2491149902344,581.9632568359375,384.0239562988281,558.3180541992188,353.8175354003906,556.3668212890625,375.4910583496094,569.6144409179688,367.07086181640625,585.5220336914062,331.8209533691406,581.7322998046875,285.533447265625,606.2734375,246.20530700683594,633.1519165039062,265.9636535644531,0
5304,214.2551727294922,148.63160705566406,493.61566162109375,149.58584594726562,528.3677978515625,394.1339416503906,579.236572265625,384.9916687011719,556.1100463867188,353.94647216796875,553.1884155273438,375.7383728027344,567.3538818359375,367.5435791015625,584.8350830078125,332.0887756347656,581.9532470703125,285.57135009765625,606.1119995117188,246.18968200683594,633.1202392578125,266.0723876953125,0
5305,214.27395629882812,148.68209838867188,493.6227722167969,149.58665466308594,528.3275146484375,394.1732482910156,579.277587890625,385.05694580078125,556.17529296875,354.0000305175781,553.2793579101562,375.7768859863281,567.452392578125,367.5337829589844,584.7645263671875,332.065673828125,581.9501953125,285.5621643066406,606.200927734375,246.18568420410156,633.1306762695312,266.0813903808594,0
5306,214.2635498046875,148.51719665527344,493.553955078125,149.620849609375,530.1859130859375,397.0586853027344,579.14208984375,384.64794921875,553.6593627929688,354.6391906738281,552.6361694335938,376.701904296875,565.6280517578125,368.2621765136719,582.6982421875,332.42462158203125,581.8748168945312,285.7915344238281,606.155517578125,246.51695251464844,633.1410522460938,266.1749572753906,0
5307,214.2733154296875,148.50994873046875,493.5279235839844,149.60372924804688,530.0692749023438,396.9540710449219,579.25439453125,384.6628723144531,553.6656494140625,354.6232604980469,552.76904296875,376.6156921386719,565.6534423828125,368.3017883300781,582.376708984375,332.258544921875,581.8922119140625,285.79913330078125,606.17724609375,246.52931213378906,633.1475830078125,266.1741027832031,0
5308,214.3277587890625,148.50466918945312,493.5030212402344,149.4342498779297,529.750732421875,398.4739074707031,579.1530151367188,386.2200622558594,554.0631103515625,356.1457214355469,552.92529296875,377.4664306640625,565.34716796875,369.374755859375,582.5971069335938,333.36279296875,582.3147583007812,286.6008605957031,605.6904907226562,246.46310424804688,633.0917358398438,266.1077575683594,0
5309,214.40484619140625,148.41018676757812,493.5203857421875,149.4827880859375,529.8341674804688,403.0931701660156,577.6262817382812,387.0113525390625,553.7362060546875,357.6299743652344,552.6165771484375,377.81085205078125,563.2622680664062,370.9857482910156,581.766845703125,333.9600524902344,582.600341796875,286.087890625,605.8551025390625,246.27992248535156,632.9207153320312,266.1023864746094,0
5310,214.34613037109375,148.5174102783203,493.4878234863281,149.51783752441406,530.7260131835938,403.4263000488281,577.6803588867188,386.9913330078125,553.5711059570312,357.1145324707031,552.8336181640625,377.3105773925781,562.873046875,370.4518127441406,580.7560424804688,333.1261291503906,582.542724609375,285.9783020019531,605.8068237304688,246.53114318847656,632.8406982421875,265.553466796875,0
5311,214.37989807128906,148.4447784423828,493.51611328125,149.4332733154297,534.9642333984375,406.8564758300781,579.2484130859375,386.3496398925781,552.551513671875,358.4172668457031,554.6022338867188,379.3768005371094,565.564453125,370.23590087890625,580.828125,333.6972351074219,582.7496948242188,286.4070739746094,605.6305541992188,246.5213165283203,632.8652954101562,265.5924377441406,0
5312,214.26881408691406,148.64694213867188,493.4907531738281,149.51614379882812,534.6446533203125,407.4233703613281,580.1320190429688,386.3545837402344,552.138916015625,358.7950134277344,555.5187377929688,379.58172607421875,566.5784912109375,370.41326904296875,581.1128540039062,333.3323059082031,582.4984741210938,286.3731384277344,605.3244018554688,246.58169555664062,632.8750610351562,265.34051513671875,0
5313,214.2770233154297,148.650634765625,493.496826171875,149.50765991210938,534.6376342773438,407.4348449707031,580.13330078125,386.34515380859375,552.1500244140625,358.8299865722656,555.5136108398438,379.60357666015625,566.560302734375,370.4290771484375,581.0881958007812,333.3265075683594,582.5081176757812,286.373046875,605.3345947265625,246.5888671875,632.8834228515625,265.3271179199219,0
5314,214.36087036132812,148.57627868652344,493.4189147949219,149.62452697753906,534.699951171875,408.3049011230469,579.93408203125,386.8976745605469,552.0503540039062,360.0315246582031,555.5658569335938,380.58892822265625,566.5914916992188,371.1578063964844,581.0482788085938,334.01507568359375,582.376708984375,286.3181457519531,605.0999755859375,246.50045776367188,632.8118896484375,265.4410705566406,0
5315,214.24281311035156,148.61355590820312,493.37542724609375,149.60733032226562,534.5667114257812,408.55389404296875,579.92431640625,387.6748046875,552.9414672851562,359.5639953613281,555.3345947265625,381.555419921875,566.4287109375,372.2029724121094,581.0667724609375,334.7185363769531,582.2979736328125,286.17547607421875,605.5355224609375,246.52767944335938,632.8579711914062,265.77435302734375,0
5316,214.32644653320312,148.5404052734375,493.3509216308594,149.62811279296875,529.222412109375,402.68658447265625,574.6690063476562,389.7779846191406,553.3590087890625,362.7192077636719,552.4222412109375,382.56268310546875,564.5684204101562,374.1431884765625,580.9100341796875,335.76043701171875,582.2340087890625,286.22393798828125,605.2633666992188,246.5677947998047,632.7406005859375,265.5679626464844,0
5317,214.32940673828125,148.54063415527344,493.3477783203125,149.63565063476562,529.2361450195312,402.68798828125,574.7078857421875,389.83184814453125,553.382568359375,362.71136474609375,552.4544677734375,382.54693603515625,564.6182250976562,374.1528015136719,580.8886108398438,335.8200988769531,582.2522583007812,286.2996520996094,605.2476196289062,246.5850830078125,632.7433471679688,265.60235595703125,0
5318,214.29847717285156,148.5390167236328,493.42608642578125,149.61068725585938,524.23291015625,401.42578125,572.2344970703125,391.5487060546875,553.4336547851562,362.4062805175781,549.9693603515625,383.0959167480469,563.2499389648438,374.596923828125,582.9688720703125,336.9765930175781,582.897705078125,286.88812255859375,605.6300048828125,246.75857543945312,632.8712158203125,265.6834411621094,0
5319,214.25677490234375,148.6298828125,493.5045471191406,149.67481994628906,520.3413696289062,401.9148864746094,569.3242797851562,392.921875,550.0695190429688,362.9952392578125,546.3164672851562,384.0020446777344,559.748046875,374.8680114746094,582.0569458007812,337.70941162109375,582.9303588867188,287.2305908203125,605.7586059570312,247.4137420654297,633.12939453125,266.06207275390625,0
5320,214.3009033203125,148.51461791992188,493.4961853027344,149.7809295654297,519.6268920898438,400.8891906738281,568.38671875,391.3222351074219,548.2295532226562,360.9144287109375,544.88232421875,383.1180114746094,559.172607421875,372.7731018066406,581.3146362304688,337.51434326171875,582.6433715820312,287.1309814453125,605.580810546875,247.40037536621094,633.0872802734375,266.0884094238281,0
5321,214.40757751464844,148.3958282470703,493.4922790527344,149.70008850097656,519.3299560546875,399.7860412597656,568.2579345703125,390.21466064453125,547.3153076171875,358.6794738769531,544.2071533203125,381.72393798828125,558.466064453125,371.48504638671875,580.4375610351562,336.3310546875,582.6116333007812,287.2332458496094,605.8270874023438,247.4598846435547,633.1289672851562,266.0902404785156,0
5322,214.43116760253906,148.48814392089844,493.4598388671875,149.73306274414062,517.86865234375,396.81854248046875,568.0328979492188,389.59149169921875,546.934326171875,357.6403503417969,543.8261108398438,380.7821350097656,558.2349853515625,370.5675048828125,580.2009887695312,335.7062072753906,582.4817504882812,287.29791259765625,605.7061767578125,247.2964630126953,633.1397094726562,266.2585144042969,0
5323,214.4468231201172,148.48789978027344,493.4876708984375,149.6829071044922,517.8529052734375,396.86065673828125,567.9899291992188,389.59716796875,547.04150390625,357.56353759765625,543.7113647460938,380.5772705078125,558.24609375,370.5184020996094,580.30615234375,335.75677490234375,582.4700317382812,287.28521728515625,605.68408203125,247.20086669921875,633.1608276367188,266.1448669433594,0
5324,214.2227325439453,148.56924438476562,493.4528503417969,149.6951446533203,514.7653198242188,389.7691650390625,566.6281127929688,390.0157470703125,548.9037475585938,355.44866943359375,542.518798828125,378.3115539550781,558.4556274414062,369.8199462890625,580.6713256835938,336.60101318359375,582.35595703125,287.71807861328125,605.6788940429688,247.66824340820312,633.1996459960938,266.35443115234375,0
5325,214.2460174560547,148.6550750732422,493.51788330078125,149.62783813476562,512.2097778320312,378.4785461425781,563.3519287109375,386.72344970703125,549.924072265625,351.0165100097656,540.3580322265625,372.7884216308594,556.756103515625,365.9759521484375,583.2457275390625,336.59393310546875,583.0811157226562,288.28460693359375,606.0548095703125,247.75894165039062,633.3142700195312,266.4161376953125,0
5326,214.1931610107422,148.59567260742188,493.5166015625,149.66192626953125,510.37579345703125,373.3437194824219,562.2621459960938,384.0085754394531,549.5631713867188,348.8994445800781,539.8557739257812,369.2655334472656,557.678955078125,364.08612060546875,583.2341918945312,335.2032470703125,582.9989624023438,288.0531005859375,606.279296875,247.5840606689453,633.2936401367188,266.4760437011719,0
5327,214.19091796875,148.5926055908203,493.46942138671875,149.64300537109375,510.38482666015625,373.3472900390625,562.2608032226562,383.99261474609375,549.4465942382812,348.8575439453125,539.8206787109375,369.24822998046875,557.6192626953125,364.0385437011719,583.19091796875,335.2066650390625,582.9986572265625,288.0602111816406,606.2875366210938,247.59915161132812,633.2914428710938,266.4781188964844,0
5328,214.28411865234375,148.55377197265625,493.5050964355469,149.65907287597656,508.2134094238281,371.42047119140625,560.27197265625,383.2904968261719,548.6701049804688,346.8922424316406,540.0151977539062,366.6150207519531,555.4072875976562,363.2644348144531,583.0316772460938,335.9648742675781,583.024658203125,288.1954040527344,605.709228515625,247.54367065429688,633.0733032226562,265.6006164550781,0
5329,214.2146453857422,148.5996551513672,493.4644470214844,149.60447692871094,504.6293640136719,368.57257080078125,554.6686401367188,383.7508850097656,546.91015625,347.9533386230469,537.407958984375,366.0810241699219,552.5465698242188,364.4116516113281,581.5587768554688,336.1899108886719,582.9674682617188,287.8157958984375,605.5643920898438,247.38023376464844,633.0549926757812,265.6643371582031,0
5330,214.23452758789062,148.72525024414062,493.4185791015625,149.63833618164062,504.3519287109375,367.0715026855469,552.7686767578125,382.2356262207031,547.2600708007812,347.42218017578125,537.0077514648438,365.6359558105469,552.4610595703125,364.09490966796875,581.5502319335938,336.1709289550781,583.0939331054688,288.02191162109375,605.6661376953125,247.36447143554688,633.0531005859375,265.62261962890625,0
5331,214.31869506835938,148.60855102539062,493.3697204589844,149.6004638671875,505.92193603515625,365.6875305175781,552.3906860351562,380.9410400390625,547.3239135742188,345.9206848144531,536.7012329101562,364.01702880859375,552.366943359375,362.95989990234375,581.9369506835938,336.7314147949219,582.8731689453125,288.2060546875,605.8955688476562,247.54898071289062,633.1570434570312,266.1192626953125,0
5332,214.3225555419922,148.61709594726562,493.3379211425781,149.65115356445312,505.9246520996094,365.6805725097656,552.3817138671875,380.9364013671875,547.3529663085938,345.9197692871094,536.7467651367188,364.06341552734375,552.3873901367188,362.9954528808594,581.873779296875,336.9481506347656,582.8989868164062,288.2416076660156,605.8471069335938,247.5696563720703,633.1870727539062,266.1077880859375,0
5333,214.1650390625,148.71595764160156,493.2987060546875,149.6616973876953,506.25506591796875,363.5629577636719,551.87255859375,380.25048828125,547.3709716796875,345.2319641113281,536.4669799804688,363.24859619140625,552.4381103515625,362.2330627441406,581.6360473632812,336.0520935058594,583.0087890625,288.1649475097656,606.0692749023438,247.45436096191406,633.3984375,266.63916015625,0
5334,214.3296356201172,148.6178741455078,493.2593688964844,149.8128204345703,504.6125793457031,345.40386962890625,546.9686279296875,377.9212341308594,549.2356567382812,342.7550354003906,531.498291015625,358.3639221191406,551.0663452148438,360.34405517578125,582.4154052734375,338.5387268066406,583.595458984375,288.7430114746094,606.1182861328125,247.5021209716797,633.4080200195312,266.4302978515625,0
5335,214.3643798828125,148.66285705566406,493.3907470703125,149.58554077148438,503.9136047363281,340.8216552734375,544.5189819335938,376.9792785644531,549.2149658203125,340.5002746582031,530.9536743164062,355.1602783203125,548.8720703125,359.2187805175781,582.5281372070312,339.3206481933594,583.8182983398438,289.0787658691406,606.3480224609375,247.64501953125,633.3356323242188,266.5973815917969,0
5336,214.43130493164062,148.6787109375,493.41656494140625,149.52992248535156,502.8688049316406,337.5653381347656,542.337646484375,374.0315856933594,549.3215942382812,339.0003356933594,531.084716796875,352.76861572265625,547.4780883789062,357.8720703125,581.7893676757812,340.01373291015625,583.808349609375,289.5042419433594,607.643310546875,246.812744140625,633.5860595703125,267.67156982421875,0
5337,214.4331512451172,148.6788787841797,493.4038391113281,149.5315399169922,502.8476867675781,337.56787109375,542.491943359375,373.9610595703125,549.23583984375,339.0993957519531,530.9844970703125,352.8524475097656,547.49853515625,357.917236328125,581.837158203125,339.9927062988281,583.8099365234375,289.4890441894531,607.6351928710938,246.80575561523438,633.5863037109375,267.67633056640625,0
5338,214.424072265625,148.64324951171875,493.43023681640625,149.44534301757812,502.9243469238281,335.1534729003906,541.906982421875,373.0982971191406,549.1967163085938,337.22821044921875,531.5087280273438,350.732177734375,547.0447387695312,355.8435974121094,581.37255859375,339.0931396484375,583.77734375,289.148681640625,607.4674682617188,246.60150146484375,633.6399536132812,267.4092102050781,0
5339,214.524658203125,148.57704162597656,493.4426574707031,149.44412231445312,501.72283935546875,348.4344787597656,546.0852661132812,374.081787109375,546.6443481445312,336.7377014160156,530.4663696289062,353.890380859375,547.5668334960938,354.7080993652344,579.2490844726562,335.12139892578125,584.4380493164062,287.90777587890625,607.6143798828125,246.301513671875,633.61376953125,266.860107421875,0
5340,214.42686462402344,148.53025817871094,493.45635986328125,149.46456909179688,504.01666259765625,351.0304260253906,547.1553344726562,377.0097351074219,547.3519897460938,337.2480773925781,532.2222290039062,356.5954895019531,548.9078369140625,356.6225891113281,579.4155883789062,334.7419738769531,584.5324096679688,288.014404296875,607.22900390625,246.33180236816406,633.2874145507812,265.74267578125,0
5341,214.39437866210938,148.45962524414062,493.456298828125,149.43641662597656,504.7102966308594,360.4049987792969,548.3662719726562,379.29449462890625,546.8700561523438,341.3333740234375,533.1906127929688,361.0089416503906,550.168212890625,359.81005859375,580.4466552734375,335.5421447753906,584.50439453125,288.2608337402344,606.9888305664062,246.53329467773438,633.572998046875,266.0577087402344,0
5342,214.29624938964844,148.4339141845703,493.30755615234375,149.6708526611328,507.49127197265625,361.6839294433594,549.3160400390625,381.42279052734375,548.1831665039062,343.26861572265625,536.2239990234375,360.584228515625,551.8200073242188,361.83892822265625,580.2647705078125,336.1083679199219,584.4851684570312,288.9185485839844,607.084716796875,246.45138549804688,633.5849609375,266.2762451171875,0
5343,214.3198699951172,148.5454559326172,493.329345703125,149.71337890625,510.34808349609375,365.4691467285156,552.2568969726562,381.5279846191406,549.625732421875,343.3196105957031,538.7200927734375,361.0843811035156,553.2470092773438,362.217041015625,581.3445434570312,335.6459655761719,584.2027587890625,288.5668640136719,607.0885009765625,246.43907165527344,633.724609375,266.4990539550781,0
5344,214.51194763183594,148.60708618164062,493.08319091796875,149.44769287109375,512.3101806640625,374.34893798828125,558.6384887695312,382.5781555175781,548.9818725585938,344.2867431640625,542.0227661132812,364.2247314453125,555.6255493164062,361.4040222167969,579.6170654296875,334.1539001464844,584.22412109375,288.5608825683594,607.2880859375,246.37234497070312,633.7767333984375,266.7326965332031,0
5345,214.2882080078125,148.69664001464844,493.1887512207031,149.514404296875,515.128173828125,378.256591796875,562.3828735351562,384.2503356933594,550.3826904296875,344.9765930175781,542.118896484375,367.9888916015625,557.4088745117188,362.5853576660156,580.0634765625,334.4694519042969,584.2102661132812,288.528076171875,607.1492919921875,246.39305114746094,633.601318359375,266.0475158691406,0
5346,214.31529235839844,148.64712524414062,493.2318420410156,149.4334716796875,515.1168212890625,378.2333679199219,562.3737182617188,384.24261474609375,550.3775634765625,344.9600830078125,542.1165161132812,367.9643249511719,557.3942260742188,362.5782775878906,580.0781860351562,334.4272766113281,584.2036743164062,288.5126647949219,607.162353515625,246.352783203125,633.6078491210938,266.0964660644531,0
5347,214.39797973632812,148.4713897705078,493.2237548828125,149.5110626220703,511.9184875488281,378.09344482421875,562.6405029296875,384.6734313964844,549.5280151367188,344.7930603027344,541.2236938476562,368.0358581542969,557.2341918945312,362.9519958496094,579.7765502929688,333.9878845214844,584.1690673828125,288.2621765136719,607.227783203125,246.31045532226562,633.6395874023438,266.4046325683594,0
5348,214.43780517578125,148.40744018554688,493.27996826171875,149.46592712402344,509.3188781738281,377.67230224609375,559.649658203125,386.6116638183594,548.166259765625,347.9537048339844,538.568603515625,369.3398742675781,554.6818237304688,365.0229797363281,579.5296020507812,334.4815368652344,584.4256591796875,287.806884765625,607.4450073242188,246.20677185058594,633.5383911132812,266.3043212890625,0
5349,214.30882263183594,148.50704956054688,493.3927001953125,149.4578399658203,509.3287048339844,378.1861877441406,560.049560546875,386.7407531738281,548.1561279296875,348.6239013671875,538.8410034179688,369.5884094238281,554.987548828125,365.3356018066406,579.7190551757812,334.5845031738281,584.4472045898438,287.6300048828125,607.7286987304688,246.14666748046875,633.6600952148438,266.9157409667969,0
5350,214.2215576171875,148.73936462402344,493.385498046875,149.4779815673828,512.1884155273438,382.5178527832031,563.0905151367188,386.2735900878906,547.8019409179688,351.4688720703125,540.421142578125,374.0010681152344,556.3933715820312,365.786376953125,580.5560302734375,334.3779296875,584.6575927734375,286.9877624511719,607.7548828125,245.1530303955078,633.2569580078125,266.1346435546875,0
5351,214.22479248046875,148.74484252929688,493.3810729980469,149.51150512695312,512.1968994140625,382.5346984863281,563.123779296875,386.332763671875,547.8160400390625,351.455810546875,540.4223022460938,374.0769958496094,556.4038696289062,365.82098388671875,580.5305786132812,334.37384033203125,584.6564331054688,286.96697998046875,607.7733154296875,245.14901733398438,633.2597045898438,266.1329040527344,0
5352,214.48025512695312,148.7402801513672,493.34613037109375,149.46043395996094,511.0198974609375,383.1849365234375,562.2465209960938,388.516357421875,548.08837890625,352.25390625,538.8870849609375,373.4892883300781,555.5850219726562,367.63006591796875,580.5603637695312,334.97772216796875,584.5996704101562,286.7462463378906,607.3192138671875,244.10301208496094,632.4773559570312,263.95257568359375,0
5353,214.4530792236328,148.80609130859375,493.2336120605469,149.5685272216797,508.6972961425781,386.8376159667969,559.3309326171875,387.51556396484375,544.521240234375,353.5748596191406,536.3009033203125,374.1640930175781,552.846435546875,367.7804260253906,580.1272583007812,335.82843017578125,585.0556030273438,287.3636474609375,605.4091186523438,245.054443359375,632.5466918945312,263.1366271972656,0
5354,214.3874969482422,148.77919006347656,493.3660888671875,149.5657958984375,510.88861083984375,388.4318542480469,558.6214599609375,387.9967956542969,541.2802124023438,356.55078125,536.1618041992188,375.8453369140625,552.3658447265625,369.2837219238281,579.3807373046875,336.2002258300781,584.990234375,286.6746826171875,605.086669921875,244.63026428222656,632.40869140625,262.97552490234375,0
5355,214.36595153808594,148.92774963378906,493.3190612792969,149.5290069580078,511.23663330078125,390.0716552734375,556.7467651367188,390.53558349609375,539.8720703125,360.77325439453125,536.1913452148438,376.69769287109375,550.8484497070312,371.2310791015625,580.22900390625,337.59564208984375,587.260498046875,286.249755859375,607.71142578125,242.92364501953125,632.9981689453125,262.01116943359375,0
5356,214.25070190429688,148.7015380859375,493.29449462890625,149.45338439941406,519.4946899414062,388.4839782714844,557.4197998046875,391.6910400390625,540.6965942382812,364.1443176269531,539.1847534179688,377.7602844238281,552.0632934570312,371.71673583984375,579.9397583007812,337.5816345214844,588.3117065429688,285.41949462890625,608.028076171875,242.1211700439453,633.2564697265625,261.2282409667969,0
5357,214.47962951660156,148.78384399414062,493.3467102050781,149.55796813964844,522.3304443359375,382.3037414550781,555.4651489257812,393.45587158203125,539.45947265625,367.05828857421875,538.6089477539062,377.96417236328125,551.439453125,373.0705871582031,580.2532348632812,338.5972595214844,588.742919921875,284.6631164550781,607.927001953125,240.81365966796875,633.1638793945312,260.74169921875,0
5358,214.37420654296875,148.64968872070312,493.4223327636719,149.49510192871094,524.2020263671875,381.2163391113281,555.9616088867188,392.9075622558594,539.6082763671875,367.3215026855469,538.9276733398438,378.0074157714844,551.5130004882812,372.8955078125,580.8192749023438,338.11126708984375,589.8106079101562,283.966552734375,605.4732055664062,240.14395141601562,633.3536987304688,258.9964904785156,0
5359,214.36915588378906,148.69044494628906,493.4238586425781,149.3605499267578,514.676025390625,389.8268737792969,555.667236328125,392.3915710449219,538.9407348632812,365.86834716796875,535.9342651367188,380.40301513671875,549.9005737304688,373.464599609375,581.1013793945312,338.42010498046875,590.9317626953125,284.7265625,609.2994384765625,238.73789978027344,633.6319580078125,259.6546630859375,0
5360,214.36593627929688,148.71066284179688,493.48095703125,149.35032653808594,511.0798645019531,393.990966796875,553.6725463867188,392.185791015625,535.9765625,366.2601318359375,533.214599609375,382.5029296875,548.3193359375,374.0000915527344,579.7097778320312,339.13330078125,590.852783203125,285.1584167480469,611.0068359375,240.53334045410156,634.0551147460938,262.3819885253906,0
5361,214.30955505371094,148.7151641845703,493.4782409667969,149.35133361816406,511.0867919921875,393.99615478515625,553.6766357421875,392.184326171875,535.947998046875,366.276123046875,533.20556640625,382.5054931640625,548.3116455078125,373.9981994628906,579.6864624023438,339.1015930175781,590.8699951171875,285.1385498046875,610.8827514648438,240.5452423095703,634.035888671875,262.3127746582031,0
5362,214.1939239501953,148.63780212402344,493.39263916015625,149.37692260742188,507.2838439941406,392.57977294921875,550.9415283203125,392.7524719238281,534.5640258789062,365.9981384277344,530.5615844726562,382.32049560546875,546.03857421875,374.2796630859375,578.0303344726562,340.4831848144531,590.9723510742188,286.4530944824219,610.8611450195312,241.91943359375,633.8589477539062,263.6182861328125,0
5363,214.21897888183594,148.74400329589844,493.2178649902344,149.3260955810547,506.5744323730469,378.140380859375,544.3470458984375,394.1800842285156,531.9466552734375,365.4259338378906,526.4732666015625,378.5858459472656,541.2775268554688,375.1872863769531,576.1015014648438,343.40472412109375,591.23876953125,287.8487243652344,612.736328125,243.79946899414062,634.439208984375,264.6614685058594,0
5364,214.29800415039062,148.7404022216797,493.2256164550781,149.48841857910156,521.3218994140625,371.41949462890625,544.0663452148438,391.6792907714844,531.9727783203125,359.71319580078125,529.3302001953125,375.1897277832031,541.3860473632812,372.211181640625,577.8060302734375,343.60321044921875,592.804931640625,288.00787353515625,613.00341796875,243.18356323242188,634.4183349609375,264.99578857421875,0
5365,214.33416748046875,148.71572875976562,493.1730041503906,149.51132202148438,521.218994140625,369.4554748535156,546.2363891601562,391.4996032714844,534.8859252929688,358.3064270019531,531.9552001953125,374.0771789550781,543.2515869140625,371.6625061035156,579.1928100585938,343.71710205078125,593.2406005859375,287.509521484375,612.0138549804688,241.2904052734375,634.5240478515625,263.62188720703125,0
5366,214.3272705078125,148.6829376220703,493.2091369628906,149.59481811523438,521.2193603515625,369.3855285644531,546.1443481445312,391.5083312988281,534.85546875,358.2368469238281,531.90234375,373.9902038574219,543.1757202148438,371.598388671875,579.1609497070312,343.8371887207031,593.36767578125,287.48895263671875,612.1905517578125,241.25389099121094,634.5934448242188,264.1036376953125,0
5367,214.42169189453125,148.9004669189453,493.2001647949219,149.50303649902344,521.2427978515625,367.6543884277344,547.280029296875,391.271728515625,537.3743896484375,358.7899475097656,533.247314453125,373.4018859863281,544.859619140625,371.8168029785156,581.023193359375,342.52099609375,593.7177124023438,287.0820007324219,613.041015625,240.3922576904297,634.8255004882812,263.5206298828125,0
5368,214.45350646972656,148.74472045898438,493.1934509277344,149.53048706054688,525.5418701171875,368.7257995605469,548.1376953125,391.6827392578125,538.5950927734375,359.2348327636719,536.0476684570312,372.7126159667969,546.4862060546875,372.25042724609375,582.250244140625,342.2755432128906,595.4480590820312,286.67578125,613.9189453125,238.95761108398438,635.4264526367188,262.76812744140625,0
5369,214.30995178222656,148.614013671875,493.05938720703125,149.75843811035156,527.9419555664062,358.1230163574219,555.2286376953125,390.1536865234375,547.7181396484375,358.7959899902344,540.3731079101562,371.23980712890625,554.7012329101562,372.56689453125,589.0050659179688,339.1962890625,602.3456420898438,284.0444641113281,590.9682006835938,229.2560577392578,630.5025024414062,208.62237548828125,0
5370,214.3057861328125,148.6324005126953,492.9850769042969,149.75222778320312,527.9419555664062,358.1230163574219,555.2286376953125,390.1536865234375,547.7181396484375,358.7959899902344,540.3731079101562,371.23980712890625,554.7012329101562,372.56689453125,589.0050659179688,339.19622802734375,602.3455810546875,284.0444641113281,590.96923828125,229.2578125,630.5023193359375,208.62245178222656,0
5371,214.30477905273438,148.69947814941406,492.9430236816406,149.6485137939453,526.7291259765625,344.5834045410156,546.2357788085938,383.31341552734375,549.7371215820312,351.6451110839844,539.6190185546875,359.1471252441406,550.3653564453125,367.89019775390625,590.125732421875,341.0133361816406,606.0241088867188,284.8954162597656,593.4970703125,229.76087951660156,628.699462890625,204.0164337158203,0
5372,214.22296142578125,148.62857055664062,492.8955078125,149.6585235595703,521.2048950195312,331.8457946777344,538.14892578125,374.2060546875,546.8355102539062,344.09857177734375,534.682861328125,350.4900207519531,546.1347045898438,360.8682861328125,591.61083984375,346.25335693359375,612.5944213867188,291.55303955078125,602.0098876953125,240.39761352539062,626.121337890625,204.74368286132812,0
5373,214.23809814453125,148.64060974121094,492.84417724609375,149.6544189453125,513.9693603515625,329.82659912109375,535.4871215820312,371.96551513671875,545.2517700195312,343.3829345703125,530.8717041015625,349.07183837890625,543.704345703125,359.74267578125,590.2860717773438,347.4196472167969,613.2744140625,294.3538818359375,604.693603515625,242.58392333984375,625.6226196289062,203.5238037109375,0
5374,214.4291229248047,148.66966247558594,492.9014892578125,149.60797119140625,503.9793395996094,326.537109375,527.9293823242188,368.2697448730469,539.6319580078125,337.36236572265625,523.6939697265625,343.7351989746094,538.7742919921875,353.5403137207031,583.9977416992188,348.7420959472656,618.1006469726562,300.24249267578125,614.78759765625,249.39019775390625,625.3768920898438,206.6222381591797,0
5375,214.45159912109375,148.77256774902344,492.85699462890625,149.65206909179688,493.9086608886719,329.4914855957031,521.2308349609375,367.5249938964844,534.9911499023438,336.63726806640625,516.8833618164062,345.8957214355469,534.4170532226562,352.9061584472656,580.2239990234375,349.3745422363281,618.7880859375,306.3907470703125,620.033935546875,258.3845520019531,622.3923950195312,211.6018524169922,0
5376,214.42202758789062,148.76602172851562,492.88128662109375,149.88162231445312,485.315185546875,329.2491149902344,515.30126953125,365.8814697265625,528.4318237304688,336.56488037109375,510.7177429199219,343.6844787597656,526.8614501953125,351.4633483886719,574.6919555664062,347.639404296875,618.182373046875,310.5498352050781,623.4280395507812,267.6321716308594,622.9493408203125,218.79600524902344,0
5377,214.42837524414062,148.7669219970703,492.8486022949219,149.9061279296875,485.31646728515625,329.2494201660156,515.3013305664062,365.88470458984375,528.4319458007812,336.5644836425781,510.7181396484375,343.6855163574219,526.8615112304688,351.46343994140625,574.69189453125,347.64007568359375,618.1836547851562,310.54901123046875,623.4351806640625,267.62713623046875,622.9630737304688,218.8104248046875,0
5378,214.3926544189453,148.7251434326172,492.8839416503906,149.71290588378906,478.3984069824219,328.8936462402344,509.7264404296875,364.3335876464844,520.4165649414062,333.53997802734375,504.3680725097656,342.9164123535156,521.17626953125,349.4510192871094,568.3658447265625,345.7374267578125,616.61474609375,316.31207275390625,630.9227294921875,279.9295654296875,624.9531860351562,231.10400390625,0
5379,214.52825927734375,148.80813598632812,492.9190979003906,149.72708129882812,465.8733825683594,335.4469299316406,500.3489685058594,366.6101379394531,509.8481140136719,334.6017761230469,493.45526123046875,345.6193542480469,511.02349853515625,349.9940490722656,559.591796875,347.9112243652344,612.6602783203125,329.5169677734375,638.0385131835938,300.396240234375,632.8163452148438,254.86688232421875,0
5380,214.38661193847656,148.80274963378906,492.8921203613281,149.76510620117188,462.3437194824219,340.32830810546875,498.5797424316406,371.3879699707031,505.8807678222656,336.30218505859375,491.482666015625,347.7645263671875,507.98431396484375,353.1707458496094,552.942138671875,349.97412109375,608.4083251953125,337.0155029296875,639.8461303710938,312.1792907714844,635.227294921875,266.3302307128906,0
5381,214.44337463378906,148.75115966796875,493.0431823730469,149.7135772705078,459.7681884765625,350.0562744140625,500.044921875,377.5631408691406,504.5423278808594,341.9172058105469,488.37603759765625,356.5572814941406,506.06439208984375,358.8963928222656,551.1356201171875,356.4232177734375,601.3832397460938,348.3791809082031,636.5975952148438,329.75347900390625,637.1503295898438,285.3791198730469,0
5382,214.43734741210938,148.7182159423828,493.00225830078125,149.72181701660156,459.19580078125,349.3319091796875,498.8291320800781,378.63702392578125,503.7445068359375,343.1571350097656,487.57806396484375,357.32647705078125,505.3497009277344,359.3544006347656,550.0817260742188,358.0502014160156,598.7269287109375,348.9386291503906,636.6898193359375,333.2220764160156,641.9303588867188,288.75262451171875,0
5383,214.4833221435547,148.6920928955078,492.9671630859375,149.72384643554688,459.193359375,349.3677673339844,498.8183288574219,378.6688232421875,503.662353515625,343.2802429199219,487.5346984863281,357.3924865722656,505.30194091796875,359.38092041015625,550.0720825195312,357.8166809082031,598.720703125,348.932861328125,636.790771484375,333.1609191894531,641.920654296875,288.697998046875,0
5384,214.50196838378906,148.58474731445312,492.96142578125,149.7670135498047,459.93896484375,355.72894287109375,501.40826416015625,378.47418212890625,504.1112365722656,343.4226379394531,488.71722412109375,358.1031799316406,506.2292175292969,359.86859130859375,549.6591796875,356.1693420410156,595.9702758789062,344.7003173828125,633.9448852539062,331.4077453613281,637.0074462890625,288.5021057128906,0
5385,214.5173797607422,148.64700317382812,493.0528564453125,149.66387939453125,461.9825744628906,356.1068115234375,504.98333740234375,380.2388916015625,506.5055236816406,342.95831298828125,491.9480285644531,358.932861328125,510.2019348144531,360.1706237792969,551.187255859375,350.8717041015625,596.5635986328125,338.2476806640625,633.6302490234375,321.1796875,635.0681762695312,277.3246154785156,0
5386,214.460693359375,148.4415283203125,493.04083251953125,149.61038208007812,463.88909912109375,344.00567626953125,502.4473571777344,375.3079528808594,510.6630859375,337.0822448730469,494.8843994140625,351.3752746582031,510.2733154296875,356.01800537109375,551.6998901367188,350.3764953613281,596.449951171875,339.1086120605469,632.91552734375,326.86444091796875,640.0068359375,282.97967529296875,0
5387,214.4607696533203,148.4436492919922,493.0415954589844,149.60926818847656,463.8945617675781,344.00299072265625,502.4659423828125,375.32611083984375,510.6800231933594,337.08367919921875,494.9078063964844,351.3663024902344,510.28466796875,356.052978515625,551.74462890625,350.3752136230469,596.4805297851562,339.1175842285156,632.9320068359375,326.85809326171875,640.0087890625,282.9543151855469,0
5388,214.53475952148438,148.43075561523438,493.03509521484375,149.6905059814453,464.22955322265625,344.697998046875,503.88592529296875,373.62457275390625,510.75311279296875,335.3939514160156,494.30218505859375,350.4869079589844,511.4192199707031,353.25140380859375,551.3095703125,348.5098876953125,595.4256591796875,340.8565368652344,633.4382934570312,332.50445556640625,640.3416748046875,289.3577880859375,0
5389,214.43984985351562,148.6376190185547,492.9285888671875,149.61465454101562,465.2859191894531,351.70379638671875,507.59747314453125,374.06292724609375,507.4573974609375,336.3917236328125,494.3661804199219,351.99090576171875,511.2041931152344,353.0528869628906,550.962158203125,346.61279296875,595.4279174804688,341.6852722167969,633.388671875,334.44720458984375,640.1367797851562,291.6977233886719,0
5390,214.42660522460938,148.5833282470703,492.8837890625,149.524658203125,465.1612548828125,357.7831726074219,509.391357421875,375.4565734863281,507.26318359375,337.9042053222656,494.31329345703125,355.68902587890625,511.43328857421875,355.2487487792969,550.5570678710938,347.1461181640625,595.6399536132812,341.8557434082031,634.7053833007812,334.5472412109375,640.6787109375,290.4631042480469,0
5391,214.55789184570312,148.44131469726562,492.9608154296875,149.47842407226562,471.9809875488281,369.3477478027344,516.4561157226562,379.2364196777344,508.6107482910156,343.1407775878906,499.50244140625,361.5882263183594,515.1939697265625,359.58062744140625,552.494140625,347.4219665527344,596.4227905273438,341.65753173828125,632.5435791015625,338.84161376953125,640.3106079101562,294.84783935546875,0
5392,214.44644165039062,148.5104217529297,492.87738037109375,149.3326873779297,471.62005615234375,374.0706481933594,518.785888671875,381.4261169433594,509.85614013671875,346.02093505859375,501.53369140625,365.07098388671875,516.6537475585938,361.7889099121094,552.8993530273438,347.67779541015625,596.27392578125,339.9593811035156,633.16455078125,337.96270751953125,642.3152465820312,292.1088562011719,0
5393,214.36480712890625,148.57855224609375,492.9421691894531,149.369140625,474.6826477050781,375.50616455078125,520.919921875,381.9134826660156,512.6149291992188,347.0224304199219,503.2893981933594,365.1637268066406,518.810546875,362.843994140625,553.8711547851562,348.16162109375,595.8861083984375,339.2242736816406,631.77880859375,339.0003356933594,641.7335815429688,293.8631896972656,0
5394,214.4942626953125,148.6938934326172,492.88720703125,149.42591857910156,477.44366455078125,377.7089538574219,523.4140014648438,382.4161071777344,513.9660034179688,345.564208984375,506.5945739746094,365.4552001953125,521.241943359375,362.55743408203125,554.1406860351562,347.6547546386719,596.0225830078125,339.6981201171875,632.4061279296875,340.10589599609375,641.2611694335938,297.3211975097656,0
5395,214.5486297607422,148.73312377929688,492.89801025390625,149.3557586669922,476.41314697265625,376.4303894042969,523.22802734375,382.4129333496094,514.8395385742188,345.3826599121094,506.94244384765625,364.3075866699219,520.2803955078125,361.9796142578125,555.9861450195312,348.34234619140625,598.2601318359375,340.31976318359375,635.007080078125,341.1739501953125,633.9922485351562,278.054443359375,0
5396,214.51026916503906,148.70236206054688,492.9952087402344,149.43833923339844,477.13812255859375,376.1238708496094,524.2406005859375,382.35333251953125,515.1069946289062,347.79217529296875,507.2062683105469,365.2414245605469,521.4256591796875,361.6961364746094,556.3829956054688,348.197265625,598.5039672851562,340.03607177734375,636.045654296875,339.4179992675781,635.7926635742188,287.2480773925781,0
5397,214.55133056640625,148.735595703125,493.0118408203125,149.4805145263672,477.1697998046875,376.2547302246094,524.1337890625,382.254638671875,514.9810791015625,347.8009338378906,507.1894836425781,365.26275634765625,521.3313598632812,361.6807556152344,556.3517456054688,348.3229675292969,598.4860229492188,340.0034484863281,636.1087036132812,339.4344787597656,635.6638793945312,287.1081237792969,0
5398,214.66754150390625,148.7029266357422,493.1966552734375,149.54371643066406,479.3804626464844,375.06549072265625,526.4172973632812,382.3545227050781,517.7335205078125,347.3732604980469,509.3190612792969,365.51495361328125,524.5734252929688,361.37969970703125,558.1137084960938,348.04937744140625,599.3302001953125,339.80963134765625,636.0046997070312,340.3183898925781,644.1397705078125,304.7025451660156,0
5399,214.37326049804688,148.73175048828125,493.1628112792969,149.5960693359375,486.4811096191406,376.14404296875,533.3598022460938,381.1105041503906,521.3519287109375,346.89593505859375,514.4603271484375,366.33306884765625,529.7861938476562,362.24139404296875,562.21240234375,347.5455627441406,598.2505493164062,338.3155517578125,634.3963012695312,341.27484130859375,647.4700317382812,306.8538513183594,0
5400,214.5400390625,148.7292022705078,493.19805908203125,149.672607421875,487.0190734863281,384.2232666015625,534.97412109375,381.67950439453125,521.4591064453125,350.3042907714844,514.1253662109375,371.04510498046875,529.2511596679688,364.0574951171875,563.2184448242188,346.87481689453125,598.3636474609375,338.65728759765625,633.9241333007812,341.43231201171875,647.0796508789062,308.0769958496094,0
5401,214.53866577148438,148.726318359375,493.2311706542969,149.6854705810547,487.0212097167969,384.22833251953125,534.9717407226562,381.6984558105469,521.4599609375,350.3056335449219,514.1290893554688,371.05438232421875,529.2465209960938,364.0732116699219,563.1878662109375,346.95343017578125,598.4144897460938,338.6727294921875,633.953125,341.41412353515625,647.08154296875,308.0606689453125,0
5402,214.47412109375,148.6293487548828,493.1162414550781,149.55270385742188,487.258544921875,388.2812805175781,535.0328369140625,383.51031494140625,521.0393676757812,354.9513854980469,514.27587890625,374.9322814941406,529.26318359375,367.0611267089844,561.9830322265625,347.5268249511719,598.978759765625,337.50213623046875,634.783447265625,340.4891052246094,647.419921875,306.8872985839844,0
5403,214.4830322265625,148.67904663085938,493.2214660644531,149.6715850830078,490.2135314941406,399.6254577636719,538.7169189453125,390.2720947265625,520.1410522460938,359.002685546875,515.8932495117188,381.01507568359375,530.7653198242188,371.48516845703125,561.8251342773438,349.6007080078125,598.00390625,337.2334289550781,634.0145874023438,340.8282470703125,645.9080810546875,308.051025390625,0
5404,214.38113403320312,148.6312255859375,493.1107177734375,149.62771606445312,493.90338134765625,402.5426025390625,543.2636108398438,391.2305603027344,522.1893310546875,360.639404296875,519.4122924804688,381.7877197265625,534.0673828125,372.7007751464844,562.2722778320312,349.9117736816406,597.2178344726562,336.66009521484375,634.2881469726562,339.6669616699219,645.6633911132812,307.681640625,0
5405,214.2972869873047,148.65023803710938,493.28076171875,149.5530242919922,496.1523132324219,403.1899108886719,545.3734741210938,392.5745849609375,522.8709106445312,362.0175476074219,520.1301879882812,383.860595703125,535.6771240234375,374.440185546875,561.7880859375,350.4598083496094,595.174072265625,336.200927734375,632.6248779296875,339.1593322753906,645.9172973632812,308.57232666015625,0
5406,214.2832489013672,148.63546752929688,493.2654724121094,149.55587768554688,496.160888671875,403.1822814941406,545.3718872070312,392.57440185546875,522.87353515625,362.01739501953125,520.132568359375,383.8560791015625,535.6800537109375,374.4413146972656,561.7869262695312,350.45782470703125,595.173095703125,336.2025451660156,632.5880737304688,339.1714782714844,645.9114990234375,308.55804443359375,0
5407,214.33706665039062,148.6475067138672,493.18634033203125,149.5873260498047,493.4621276855469,401.3318176269531,544.337890625,392.6791076660156,524.8377685546875,361.26177978515625,521.2198486328125,382.4774475097656,535.8656616210938,374.0815734863281,562.7214965820312,350.82470703125,595.4833374023438,335.6457824707031,632.9713134765625,338.415283203125,645.5905151367188,308.9914855957031,0
5408,214.4160614013672,148.51039123535156,493.13714599609375,149.5192413330078,492.7239685058594,401.6726989746094,542.2496337890625,391.6795349121094,522.9091186523438,360.7566833496094,519.332763671875,381.4576110839844,534.0379638671875,372.986083984375,561.6137084960938,350.27099609375,595.7479248046875,335.5584716796875,632.6873168945312,338.6475524902344,645.4715576171875,309.5517578125,0
5409,214.4907989501953,148.67555236816406,493.1778259277344,149.4791259765625,492.18170166015625,401.4354553222656,540.9033203125,390.9632263183594,521.6243286132812,360.1590881347656,517.6637573242188,381.88580322265625,532.4564208984375,372.3374938964844,560.7870483398438,350.4144287109375,596.26318359375,335.362548828125,633.6471557617188,338.726806640625,646.4428100585938,308.3820495605469,0
5410,214.63900756835938,148.80685424804688,493.17486572265625,149.56198120117188,493.0830078125,402.7645568847656,541.1672973632812,390.9565124511719,520.3280029296875,361.5552978515625,517.408935546875,383.569580078125,531.7645874023438,373.19451904296875,560.198486328125,350.3597412109375,598.2178955078125,335.3713684082031,635.1456298828125,338.44287109375,646.8209228515625,308.30126953125,0
5411,214.64825439453125,148.7970428466797,493.2031555175781,149.559326171875,493.0891418457031,402.7684326171875,541.1712646484375,390.9761962890625,520.288330078125,361.6023864746094,517.4300537109375,383.581298828125,531.7615966796875,373.22784423828125,560.0670166015625,350.25921630859375,598.2060546875,335.3895568847656,635.1790771484375,338.4324951171875,646.8504028320312,308.2272033691406,0
5412,214.40867614746094,148.74679565429688,493.18572998046875,149.5402374267578,496.7477111816406,407.12420654296875,543.9067993164062,391.1928405761719,521.4021606445312,362.1842346191406,518.9037475585938,385.3261413574219,533.1975708007812,374.2174987792969,560.9676513671875,350.25164794921875,598.2523193359375,335.53582763671875,635.42529296875,339.2250061035156,646.7501831054688,308.1863098144531,0
5413,214.3421173095703,148.74598693847656,493.1351623535156,149.52886962890625,499.08831787109375,408.7179870605469,547.5374145507812,392.99859619140625,522.272705078125,364.1303405761719,520.8639526367188,386.451416015625,536.2037353515625,377.3218994140625,561.3960571289062,350.75323486328125,597.2672119140625,334.1743469238281,634.8497924804688,337.27777099609375,647.227783203125,307.9175720214844,0
5414,214.49212646484375,148.67904663085938,493.2069091796875,149.4902801513672,500.31646728515625,409.4284973144531,547.4864501953125,392.78955078125,522.2000122070312,363.6513671875,521.049560546875,386.15582275390625,535.8002319335938,376.65545654296875,561.6868286132812,350.5378723144531,596.8316040039062,334.103271484375,634.5027465820312,337.11407470703125,647.3663330078125,307.7254638671875,0
5415,214.61891174316406,148.49679565429688,493.1905822753906,149.4487762451172,500.89251708984375,409.935302734375,547.9564208984375,394.0759582519531,522.0863647460938,364.12249755859375,521.60400390625,386.705078125,536.0042114257812,377.5907287597656,561.0911254882812,350.7125549316406,596.3853149414062,334.2999267578125,634.3141479492188,337.2945861816406,647.9134521484375,307.7972717285156,0
5416,214.6213836669922,148.49465942382812,493.2020568847656,149.48220825195312,500.89959716796875,409.9429016113281,547.9877319335938,394.0259094238281,522.0885620117188,364.1266784667969,521.6173095703125,386.7060546875,536.0289916992188,377.5924072265625,561.0670166015625,350.7187194824219,596.3841552734375,334.2914123535156,634.3268432617188,337.2914123535156,647.9180908203125,307.7895812988281,0
5417,214.4449920654297,148.5945587158203,493.2483825683594,149.43577575683594,500.8249816894531,408.6618347167969,548.545166015625,393.87030029296875,523.1458740234375,363.5185852050781,522.0567626953125,385.90142822265625,535.9598388671875,376.8028869628906,561.26220703125,350.4610595703125,596.0729370117188,335.1672668457031,634.48681640625,336.2140808105469,647.6156005859375,307.4537353515625,0
5418,214.39852905273438,148.70030212402344,493.2649230957031,149.46095275878906,498.52105712890625,406.3042907714844,548.1270141601562,393.2162780761719,524.0656127929688,362.1476135253906,522.2291870117188,384.7357177734375,536.1270141601562,375.89068603515625,562.288818359375,350.3179931640625,596.1400756835938,334.9623107910156,634.3834838867188,335.4961242675781,648.0729370117188,307.53204345703125,0
5419,214.3583221435547,148.70042419433594,493.32330322265625,149.4613494873047,496.485107421875,406.0353088378906,547.0718994140625,392.8121337890625,522.6802368164062,361.1910400390625,520.84619140625,384.4443664550781,535.3222045898438,375.0376892089844,561.3588256835938,350.461669921875,596.4094848632812,334.91455078125,634.6517944335938,336.02862548828125,647.4042358398438,307.341796875,0
5420,214.3880615234375,148.54786682128906,493.23760986328125,149.55844116210938,496.5669860839844,406.5595703125,546.2218017578125,392.1407165527344,521.7045288085938,362.53436279296875,519.5648193359375,384.9415283203125,534.7896118164062,375.03399658203125,560.9165649414062,350.3582763671875,596.4454956054688,334.8694763183594,634.601318359375,336.37255859375,647.3825073242188,307.2507629394531,0
5421,214.31370544433594,148.5040283203125,493.2472839355469,149.69935607910156,496.9759216308594,407.95257568359375,545.873046875,392.4117126464844,521.2760620117188,362.9642333984375,519.3218994140625,385.6216735839844,534.4319458007812,375.73504638671875,560.7720336914062,350.2109375,596.5088500976562,334.8062438964844,634.4423828125,336.1242980957031,647.459228515625,307.8816223144531,0
5422,214.2354736328125,148.57620239257812,493.27825927734375,149.7205047607422,496.97528076171875,407.8990173339844,545.8295288085938,392.4938049316406,521.1771850585938,363.19256591796875,519.3869018554688,385.7046813964844,534.5406494140625,375.88568115234375,560.7106323242188,350.1792907714844,596.5596923828125,334.6905517578125,634.4597778320312,336.2001953125,647.567626953125,307.6749572753906,0
5423,214.21983337402344,148.57345581054688,493.1914367675781,149.50535583496094,496.8226013183594,407.457763671875,544.9478759765625,392.81280517578125,522.02685546875,362.4615478515625,518.9090576171875,385.2243347167969,533.9879150390625,375.3507995605469,559.6026000976562,349.42022705078125,596.527099609375,334.0577392578125,634.5042114257812,336.19366455078125,647.3580932617188,307.3118896484375,0
5424,214.08604431152344,148.58450317382812,493.211669921875,149.47854614257812,494.1746826171875,408.10687255859375,543.4378051757812,393.057861328125,520.716064453125,363.0143127441406,518.3971557617188,386.4359130859375,532.6395263671875,375.90020751953125,557.83349609375,349.61639404296875,596.5486450195312,334.16461181640625,634.5059814453125,336.3985290527344,647.5377197265625,307.1311340332031,0
5425,214.11692810058594,148.65028381347656,493.19940185546875,149.5166473388672,494.4935302734375,408.9329833984375,543.0811767578125,392.8030700683594,520.5578002929688,364.0500183105469,518.1283569335938,387.21429443359375,531.9793090820312,376.7439270019531,557.6818237304688,349.3585205078125,596.9156494140625,334.04547119140625,635.0632934570312,335.8840637207031,647.8500366210938,306.63726806640625,0
5426,214.13624572753906,148.62319946289062,493.2012634277344,149.5174102783203,494.48919677734375,408.9342041015625,543.0701293945312,392.8048095703125,520.5107421875,364.0653381347656,518.1265258789062,387.220458984375,531.9227294921875,376.774169921875,557.6535034179688,349.3442687988281,596.8482666015625,334.031982421875,635.01513671875,335.8861999511719,647.88037109375,306.6183776855469,0
5427,214.36607360839844,148.56565856933594,493.26031494140625,149.54925537109375,494.7437438964844,409.8104553222656,542.7920532226562,393.0880126953125,520.2421875,364.3753967285156,517.63623046875,387.512451171875,531.21337890625,377.32818603515625,557.333984375,349.5326843261719,596.8754272460938,334.07855224609375,634.7830200195312,336.0946960449219,647.8433227539062,307.26422119140625,0
5428,214.390380859375,148.67823791503906,493.2300109863281,149.58663940429688,495.5315246582031,410.84539794921875,541.897216796875,394.2252197265625,520.04638671875,365.9821472167969,517.3251342773438,389.0556335449219,530.8114013671875,379.3654479980469,556.4982299804688,350.185546875,596.9217529296875,334.0764465332031,635.4429931640625,334.7096862792969,648.4375,307.3560791015625,0
5429,214.35853576660156,148.61546325683594,493.2420959472656,149.46324157714844,493.8813781738281,410.231201171875,540.5001831054688,395.34478759765625,520.016845703125,366.64447021484375,516.6578369140625,389.50567626953125,530.717529296875,379.798583984375,556.3749389648438,350.6619873046875,596.6021118164062,334.0610046386719,635.3326416015625,334.7647705078125,648.5648193359375,307.32257080078125,0
5430,214.35385131835938,148.6936798095703,493.1947937011719,149.52781677246094,489.25494384765625,397.158935546875,535.2933959960938,396.0834655761719,519.8005981445312,366.3241882324219,514.14111328125,385.38250732421875,529.020263671875,377.6773681640625,559.9077758789062,352.33831787109375,598.1639404296875,333.49591064453125,635.4786987304688,334.26177978515625,648.8472900390625,307.4300842285156,0
5431,214.39163208007812,148.7003173828125,493.19110107421875,149.53341674804688,487.92926025390625,379.05810546875,531.3684692382812,394.0930480957031,523.7045288085938,360.1430969238281,514.5335083007812,378.0159606933594,530.350830078125,374.0182800292969,562.5799560546875,352.40606689453125,599.426513671875,333.5182189941406,636.215087890625,334.0397644042969,649.3013916015625,307.44366455078125,0
5432,214.4156494140625,148.70010375976562,493.2095031738281,149.55323791503906,487.91619873046875,379.0955810546875,531.3515014648438,394.0699157714844,523.6878662109375,360.10107421875,514.4814453125,378.00250244140625,530.3314819335938,373.9969482421875,562.5496215820312,352.4117126464844,599.5511474609375,333.4964294433594,636.2798461914062,334.0684509277344,649.1741943359375,307.7055969238281,0
5433,214.3339080810547,148.76577758789062,493.0955505371094,149.5322723388672,486.8247375488281,372.86358642578125,529.9249267578125,390.2927551269531,526.79150390625,354.01739501953125,514.3893432617188,372.1458435058594,530.61328125,369.813232421875,565.3681640625,352.7368469238281,600.3717041015625,333.90045166015625,636.7216186523438,334.9100646972656,649.7369384765625,309.19219970703125,0
5434,214.36691284179688,148.7568359375,493.07421875,149.50120544433594,486.9537048339844,366.53497314453125,532.0814819335938,383.4405212402344,528.2717895507812,348.10650634765625,517.0890502929688,364.95477294921875,533.453857421875,365.0520935058594,566.3666381835938,350.9565124511719,600.1759643554688,334.8077087402344,636.6165161132812,337.56689453125,650.6823120117188,308.5655517578125,0
5435,214.30601501464844,148.73455810546875,493.2254333496094,149.51364135742188,489.3730163574219,354.84027099609375,531.9974975585938,381.8555603027344,533.35205078125,345.8601989746094,519.4249877929688,359.6233215332031,535.6976318359375,363.64434814453125,568.233154296875,352.09564208984375,599.8721923828125,334.85906982421875,635.8770141601562,337.59967041015625,650.6220092773438,310.3771057128906,0
5436,214.2847442626953,148.72410583496094,493.2847900390625,149.48741149902344,489.3719177246094,354.8364562988281,531.9690551757812,381.886962890625,533.310302734375,345.84515380859375,519.4061889648438,359.6206970214844,535.6737060546875,363.5972595214844,568.2269287109375,352.13372802734375,599.8707275390625,334.855224609375,635.8546142578125,337.5966796875,650.6245727539062,310.4244384765625,0
5437,214.22036743164062,148.81057739257812,493.2095031738281,149.45516967773438,489.351806640625,341.77288818359375,530.3572387695312,377.4853820800781,536.162353515625,341.22271728515625,518.3905639648438,354.6905517578125,535.2574462890625,359.6466369628906,570.273193359375,352.73736572265625,599.1410522460938,335.2872314453125,634.664794921875,338.3845520019531,650.5968017578125,314.126953125,0
5438,214.21791076660156,148.7130584716797,493.0851745605469,149.52175903320312,485.8901062011719,335.95013427734375,523.840087890625,373.3003234863281,533.8146362304688,338.80364990234375,514.8538208007812,349.3854675292969,531.7813110351562,355.57916259765625,568.3692626953125,352.45166015625,598.6644897460938,335.3189392089844,634.6372680664062,339.1600341796875,650.5546264648438,314.8003845214844,0
5439,214.24114990234375,148.72412109375,493.1405944824219,149.51882934570312,482.91424560546875,333.4843444824219,520.244873046875,370.745361328125,530.2258911132812,338.1012268066406,511.5701599121094,347.7191467285156,528.915771484375,353.69805908203125,566.5861206054688,352.4881896972656,599.0960693359375,335.037841796875,634.8170166015625,339.4568786621094,650.4619750976562,316.0506591796875,0
5440,214.22525024414062,148.74159240722656,493.1611022949219,149.5332794189453,476.2462463378906,335.8716125488281,516.0140991210938,365.94647216796875,524.085205078125,333.2646484375,506.0089416503906,345.4593811035156,524.167724609375,349.3684387207031,561.8825073242188,349.9041748046875,601.31689453125,338.9058532714844,636.2265625,342.59442138671875,652.3244018554688,316.63995361328125,0
5441,214.22735595703125,148.73805236816406,493.147705078125,149.53369140625,476.2524108886719,335.8609619140625,516.0136108398438,365.94793701171875,524.0880737304688,333.26904296875,506.01409912109375,345.46795654296875,524.1693115234375,349.3642578125,561.9071044921875,349.8917541503906,601.3323364257812,338.9056091308594,636.2095947265625,342.60858154296875,652.345947265625,316.66558837890625,0
5442,214.1676483154297,148.66822814941406,493.16583251953125,149.528564453125,476.1449890136719,336.1900329589844,515.6444091796875,366.763427734375,524.1905517578125,333.16314697265625,507.4832458496094,344.99371337890625,524.6260986328125,350.09320068359375,561.6032104492188,349.5441589355469,601.2871704101562,340.423095703125,637.6707153320312,345.5821533203125,652.936279296875,321.0407409667969,0
5443,214.33773803710938,148.7643585205078,493.2315368652344,149.5472869873047,479.4096984863281,339.0007019042969,517.1889038085938,371.2998352050781,526.343017578125,333.7423095703125,509.7472839355469,347.3447570800781,526.7952880859375,352.9137878417969,562.1432495117188,349.5968933105469,601.0192260742188,340.618408203125,637.3887939453125,346.4944152832031,653.2681274414062,323.27435302734375,0
5444,214.31210327148438,148.7067413330078,493.22052001953125,149.53570556640625,479.303466796875,341.1537170410156,517.4630126953125,371.6422119140625,526.24169921875,334.064697265625,510.13348388671875,347.4643859863281,527.0615844726562,352.74664306640625,562.0313720703125,350.1935729980469,600.5764770507812,340.72869873046875,636.9059448242188,347.0953063964844,652.4649047851562,323.5410461425781,0
5445,214.3942108154297,148.74090576171875,493.2718811035156,149.59552001953125,478.55419921875,345.1830139160156,519.2410888671875,373.2786560058594,525.266845703125,334.70233154296875,510.97186279296875,349.49737548828125,526.6786499023438,354.005859375,563.0078125,349.01226806640625,600.7803344726562,340.0998229980469,636.8921508789062,345.989990234375,652.6834716796875,322.9432373046875,0
5446,214.41720581054688,148.72512817382812,493.2331237792969,149.59176635742188,478.5511779785156,345.18182373046875,519.2439575195312,373.2782897949219,525.2683715820312,334.70318603515625,510.9708557128906,349.49969482421875,526.6776733398438,354.0074768066406,563.0081787109375,349.0115051269531,600.7569580078125,340.105224609375,636.7335205078125,345.966796875,652.79345703125,323.0333251953125,0
5447,214.387939453125,148.78372192382812,493.3039855957031,149.48751831054688,480.1389465332031,346.72808837890625,520.7289428710938,373.57183837890625,526.0885620117188,335.04693603515625,510.81201171875,351.015869140625,526.79248046875,353.1323547363281,563.4485473632812,348.72955322265625,600.7125854492188,339.76336669921875,636.659912109375,345.62579345703125,652.5465698242188,322.7546691894531,0
5448,214.46084594726562,148.52760314941406,493.306396484375,149.5148162841797,481.8385009765625,348.9320373535156,522.4838256835938,375.10443115234375,526.8012084960938,336.0796203613281,511.3522033691406,352.1648864746094,527.2754516601562,354.0981140136719,563.772216796875,349.2789306640625,600.6692504882812,339.81195068359375,636.5511474609375,345.6924133300781,652.8467407226562,323.1295166015625,0
5449,214.43679809570312,148.6125030517578,493.2014465332031,149.63026428222656,483.05596923828125,357.0255432128906,524.4171142578125,374.8984680175781,525.59375,336.9111022949219,511.4346923828125,354.2490234375,527.6761474609375,354.0423278808594,563.691650390625,348.7767639160156,600.0784912109375,339.6728820800781,636.1990356445312,345.646728515625,653.0741577148438,322.96063232421875,0
5450,214.42347717285156,148.5216827392578,493.2798767089844,149.70797729492188,486.4592590332031,372.93914794921875,531.4097290039062,378.4018249511719,522.7050170898438,340.7758483886719,513.9359130859375,360.8575439453125,529.065673828125,357.6175231933594,562.674072265625,346.9652099609375,598.3092041015625,338.7936706542969,635.068359375,345.1730041503906,651.89111328125,323.04583740234375,0
5451,214.42434692382812,148.5229949951172,493.2521667480469,149.7040557861328,486.46063232421875,372.9410705566406,531.4137573242188,378.39862060546875,522.7053833007812,340.7718811035156,513.9361572265625,360.85687255859375,529.06005859375,357.61328125,562.740966796875,346.9310607910156,598.3187255859375,338.7806091308594,635.26416015625,345.0478820800781,651.908203125,322.9844055175781,0
5452,214.44094848632812,148.62936401367188,493.09967041015625,149.5855255126953,489.5346374511719,378.8540344238281,535.16259765625,379.62335205078125,522.1875,342.6625061035156,516.3324584960938,363.6819763183594,530.6563720703125,358.62615966796875,562.2575073242188,346.33087158203125,597.5111083984375,338.3418884277344,634.1331787109375,344.74481201171875,651.718994140625,321.8143615722656,0
5453,214.34165954589844,148.66981506347656,493.1053771972656,149.682861328125,493.1789855957031,387.0955505371094,538.9029541015625,381.7188415527344,525.3341064453125,346.087158203125,519.0696411132812,370.04852294921875,534.0833740234375,362.1573181152344,564.1837768554688,347.02520751953125,597.8594970703125,337.6123352050781,633.8051147460938,343.4903564453125,651.7722778320312,321.0644836425781,0
5454,214.5049285888672,148.5691375732422,493.10101318359375,149.54324340820312,496.5854797363281,389.4624328613281,541.8572387695312,383.6356201171875,527.2193603515625,348.6431884765625,519.4900512695312,371.6992492675781,534.7398681640625,364.514404296875,565.1826782226562,347.6338806152344,597.1848754882812,336.591552734375,633.6563110351562,342.41650390625,652.5323486328125,316.74652099609375,0
5455,214.439453125,148.786865234375,493.06591796875,149.60719299316406,498.3558349609375,389.640380859375,542.3845825195312,386.1014404296875,528.5579223632812,348.8780212402344,520.30615234375,373.2190856933594,535.2093505859375,366.201904296875,565.9952392578125,348.60882568359375,596.5380249023438,335.7904968261719,633.467529296875,341.7911682128906,652.3862915039062,316.1394958496094,0
5456,214.49615478515625,148.79147338867188,493.1404724121094,149.74571228027344,495.8065490722656,382.8704833984375,542.2587890625,387.1596984863281,530.736572265625,348.2337646484375,521.41357421875,371.96856689453125,536.668212890625,367.360107421875,566.3780517578125,349.67584228515625,596.1577758789062,335.1463317871094,633.5043334960938,340.98822021484375,652.0770263671875,315.7281188964844,0
5457,214.42453002929688,148.64303588867188,493.0794372558594,149.62940979003906,492.897216796875,373.4668884277344,539.9690551757812,385.99908447265625,533.4765014648438,344.7865905761719,524.8079833984375,365.5460510253906,538.5100708007812,364.9000549316406,567.160888671875,350.13800048828125,596.6401977539062,335.7140197753906,633.5133666992188,341.2745056152344,652.1918334960938,315.64630126953125,0
5458,214.3989715576172,148.76718139648438,493.1008605957031,149.597412109375,492.669677734375,373.1484680175781,540.6483764648438,384.68511962890625,533.1546630859375,343.12347412109375,524.8878173828125,364.5653076171875,538.7281494140625,363.5072937011719,567.4364013671875,349.08380126953125,596.5559692382812,335.4927673339844,633.3895874023438,341.1893310546875,652.3446655273438,315.5499267578125,0
5459,214.28530883789062,148.72190856933594,493.0353088378906,149.75758361816406,489.58819580078125,364.1487121582031,535.15185546875,380.5799255371094,532.6217651367188,343.13385009765625,519.545166015625,361.6180419921875,536.1420288085938,361.413330078125,566.8684692382812,349.2948303222656,595.8370971679688,335.8223571777344,633.3189697265625,340.9656677246094,651.6364135742188,316.091796875,0
5460,214.2574005126953,148.7262725830078,493.03564453125,149.74720764160156,489.5987548828125,364.1322021484375,535.1580810546875,380.5804443359375,532.6292114257812,343.07574462890625,519.5966186523438,361.57696533203125,536.14111328125,361.3987731933594,566.906494140625,349.1711730957031,595.9469604492188,335.77655029296875,633.4547729492188,340.9305419921875,651.6470947265625,316.1011962890625,0
5461,214.3236083984375,148.6823272705078,493.1527099609375,149.73992919921875,488.8570861816406,361.9180908203125,534.2451171875,380.02313232421875,532.084228515625,343.04534912109375,518.5819702148438,360.8682861328125,534.6535034179688,360.7641906738281,567.0028076171875,349.7782287597656,595.8609008789062,335.7518615722656,632.7907104492188,341.0801696777344,651.502197265625,316.2799377441406,0
5462,214.33082580566406,148.68934631347656,493.264892578125,149.6832733154297,490.7989501953125,354.8569641113281,532.505126953125,377.9312438964844,534.9606323242188,340.1893005371094,519.2559204101562,358.03912353515625,535.6138916015625,358.724609375,567.6712036132812,349.8356628417969,595.3662109375,335.91912841796875,632.5216064453125,341.1191101074219,651.7627563476562,316.27691650390625,0
5463,214.32720947265625,148.66915893554688,493.2569580078125,149.61007690429688,489.25897216796875,351.56219482421875,532.302734375,376.3008728027344,535.136962890625,338.4107971191406,518.6867065429688,356.5812072753906,535.7295532226562,357.24200439453125,567.8923950195312,349.4670104980469,595.0506591796875,336.44207763671875,631.8165893554688,341.2797546386719,651.451171875,315.8705749511719,0
5464,214.40203857421875,148.675048828125,493.257080078125,149.59829711914062,489.3411865234375,351.6291198730469,532.2968139648438,376.3570251464844,535.0601196289062,338.4436340332031,518.6428833007812,356.6146545410156,535.7008666992188,357.2951354980469,567.8199462890625,349.534423828125,595.179931640625,336.3819274902344,631.9508666992188,341.2667541503906,651.4201049804688,315.95428466796875,0
5465,214.28048706054688,148.73207092285156,493.2581787109375,149.58734130859375,483.9315490722656,350.2910461425781,529.0384521484375,374.72894287109375,530.4240112304688,338.0799255371094,515.0449829101562,355.04486083984375,531.8162231445312,355.4691467285156,566.010498046875,348.857421875,595.8419799804688,336.4125671386719,632.2725219726562,341.30914306640625,651.6805419921875,315.8996887207031,0
5466,214.28575134277344,148.71224975585938,493.2531433105469,149.59251403808594,483.9238586425781,350.3025817871094,529.0388793945312,374.741943359375,530.4300537109375,338.1077575683594,515.0398559570312,355.0338439941406,531.8104248046875,355.4818115234375,566.0038452148438,348.8708801269531,595.9681396484375,336.33770751953125,632.2877197265625,341.2969055175781,651.7354736328125,316.0314636230469,0
5467,214.52279663085938,148.6327362060547,493.2868347167969,149.64801025390625,481.5667724609375,349.048828125,526.1599731445312,374.3348693847656,528.5943603515625,337.85113525390625,512.7362060546875,353.5498046875,529.5833740234375,354.7830505371094,565.3964233398438,348.0548095703125,597.2175903320312,336.5366516113281,633.9590454101562,341.28643798828125,650.9896850585938,315.02423095703125,0
5468,214.48626708984375,148.5806427001953,493.21563720703125,149.70663452148438,477.1813049316406,350.4949035644531,518.5140991210938,374.2740173339844,522.087646484375,337.779541015625,507.18115234375,353.0276794433594,524.6387329101562,354.7899475097656,562.1268920898438,348.0068054199219,598.4260864257812,336.6599426269531,634.3411254882812,341.62249755859375,650.9362182617188,315.69378662109375,0
5469,214.48887634277344,148.66029357910156,493.1314697265625,149.73585510253906,473.7068176269531,351.9869689941406,516.6941528320312,374.350341796875,518.5128784179688,338.7713317871094,504.45361328125,353.1007385253906,521.5562133789062,354.89215087890625,560.4085083007812,348.2132568359375,599.3403930664062,337.020263671875,634.8551635742188,341.7260437011719,650.7125244140625,316.2760009765625,0
5470,214.4093780517578,148.68927001953125,493.1600341796875,149.66668701171875,472.33984375,356.50213623046875,515.6725463867188,375.138916015625,515.5184326171875,339.701904296875,501.9547424316406,356.2158203125,518.0641479492188,355.06805419921875,558.991943359375,348.1002502441406,600.0682983398438,338.1114501953125,634.8668823242188,343.17120361328125,650.9578857421875,317.17333984375,0
5471,214.37916564941406,148.8291015625,493.24530029296875,149.61488342285156,471.7687072753906,362.3265686035156,513.9464721679688,376.8956298828125,513.0070190429688,341.94769287109375,499.505126953125,358.6589050292969,515.7333374023438,357.351318359375,555.6246337890625,348.23968505859375,600.973876953125,338.4444274902344,635.9426879882812,343.9981689453125,651.2568969726562,321.046875,0
5472,214.54598999023438,148.619140625,493.256103515625,149.58010864257812,471.6067199707031,364.0205993652344,515.3222045898438,380.4932861328125,512.8153686523438,345.2512512207031,499.80950927734375,361.8455810546875,516.0330810546875,361.212890625,555.523681640625,349.7469482421875,600.91845703125,338.0619812011719,636.2769165039062,343.7229309082031,653.4073486328125,321.2688293457031,0
5473,214.4130859375,148.75074768066406,493.196044921875,149.46778869628906,471.4625549316406,366.9680480957031,515.6661987304688,381.96392822265625,512.23828125,346.7255859375,500.9234313964844,363.2553405761719,516.6739501953125,363.1516418457031,555.1651000976562,349.9877014160156,600.2850341796875,338.1201477050781,636.470947265625,344.9147644042969,653.8594360351562,321.7926330566406,0
5474,214.61146545410156,148.65859985351562,493.2776794433594,149.55064392089844,472.87249755859375,369.6268005371094,516.2761840820312,384.8385925292969,513.1595458984375,347.52880859375,502.306396484375,365.4982604980469,517.41748046875,365.0309753417969,554.7312622070312,350.3843688964844,599.7655029296875,337.7635192871094,636.2613525390625,344.8270263671875,655.0511474609375,323.1811828613281,0
5475,214.6129150390625,148.65298461914062,493.25885009765625,149.5587615966797,472.8816833496094,369.6239929199219,516.273681640625,384.8473815917969,513.1351318359375,347.53662109375,502.3553771972656,365.4775390625,517.4863891601562,365.0323486328125,554.7138671875,350.3649597167969,599.7902221679688,337.72882080078125,636.2757568359375,344.8062744140625,655.0548095703125,323.18878173828125,0
5476,214.56832885742188,148.5089874267578,493.1632995605469,149.6570281982422,471.99554443359375,369.3548278808594,517.1248168945312,385.6080322265625,513.7131958007812,347.39739990234375,503.8606872558594,364.9615783691406,518.172607421875,365.5256042480469,555.0008544921875,350.78131103515625,600.008544921875,338.1995544433594,636.479736328125,345.6551513671875,654.9712524414062,323.7539367675781,0
5477,214.5391845703125,148.44471740722656,493.1439208984375,149.5453338623047,475.6005859375,361.6918640136719,517.8602905273438,382.2025146484375,518.759765625,345.5316467285156,504.153076171875,361.341064453125,521.9767456054688,363.4539489746094,556.6821899414062,351.7635803222656,600.173095703125,338.4753112792969,637.2988891601562,345.4222412109375,656.58544921875,324.98052978515625,0
5478,214.47154235839844,148.44972229003906,493.3188781738281,149.44419860839844,474.8663330078125,355.8608093261719,518.5228271484375,379.92401123046875,520.9054565429688,342.3603210449219,505.3227844238281,358.63330078125,522.01318359375,361.4105529785156,560.3027954101562,352.63616943359375,600.7949829101562,338.2227783203125,637.4762573242188,345.40521240234375,654.4478759765625,324.6222839355469,0
5479,214.36773681640625,148.5143280029297,493.2463073730469,149.51097106933594,477.6927185058594,348.2953186035156,518.506591796875,377.23870849609375,522.9737548828125,340.396728515625,506.8048400878906,355.3169250488281,524.0645141601562,358.5842590332031,562.0447998046875,352.30804443359375,601.2573852539062,337.85723876953125,637.427978515625,344.9230041503906,654.3994750976562,325.1905517578125,0
5480,214.46926879882812,148.638427734375,493.14398193359375,149.47970581054688,479.3410339355469,345.6498107910156,517.2742309570312,373.20245361328125,521.8217163085938,337.21466064453125,508.2307434082031,350.3104553222656,524.6775512695312,354.18304443359375,560.9947509765625,349.72998046875,601.4740600585938,339.000732421875,638.54150390625,345.771240234375,654.8870239257812,323.6911315917969,0
5481,214.3836669921875,148.5625762939453,493.183837890625,149.38966369628906,483.232177734375,340.56005859375,514.5360107421875,366.3138732910156,520.1473388671875,334.968505859375,507.5393371582031,345.728515625,522.201416015625,350.1114196777344,561.2476806640625,346.69891357421875,604.8233032226562,338.5509033203125,641.0438232421875,345.1194152832031,654.0576782226562,323.57220458984375,0
5482,214.38348388671875,148.56492614746094,493.1966552734375,149.38323974609375,483.22174072265625,340.5561218261719,514.4866333007812,366.3470764160156,520.120849609375,334.9384765625,507.5101623535156,345.7419738769531,522.1807250976562,350.1000671386719,561.36865234375,346.5522766113281,604.89453125,338.4892272949219,641.0808715820312,345.1219482421875,654.0504760742188,323.5688171386719,0
5483,214.3847198486328,148.67318725585938,493.21795654296875,149.6107635498047,488.0762023925781,337.31890869140625,514.7073364257812,365.606201171875,520.7288818359375,334.44744873046875,509.5217590332031,344.8217468261719,522.5737915039062,349.8656005859375,561.923095703125,345.8916015625,606.4197998046875,338.0226135253906,642.01416015625,345.1498718261719,656.8639526367188,322.4499816894531,0
5484,214.2455596923828,148.57528686523438,493.2861022949219,149.58920288085938,491.52447509765625,335.189697265625,512.8968505859375,363.8850402832031,517.251953125,333.44512939453125,507.4979553222656,343.57861328125,520.3756713867188,349.22991943359375,560.740966796875,346.2651672363281,607.2946166992188,338.6277770996094,642.7599487304688,345.0923156738281,657.2588500976562,322.6156921386719,0
5485,214.40269470214844,148.65557861328125,493.15118408203125,149.41806030273438,490.0965576171875,333.21612548828125,511.8175964355469,363.0473937988281,515.356201171875,332.3784484863281,505.0762939453125,342.0941467285156,518.7967529296875,347.4775695800781,560.3108520507812,346.0367736816406,607.2837524414062,338.72296142578125,642.6896362304688,345.1023254394531,657.0543823242188,322.89825439453125,0
5486,214.3507080078125,148.59423828125,493.1341247558594,149.4839630126953,487.9769592285156,331.891845703125,509.17083740234375,361.61529541015625,513.3888549804688,331.68902587890625,503.4057312011719,341.74609375,517.3441162109375,347.00958251953125,559.2229614257812,345.894775390625,607.2845458984375,339.8320617675781,643.1465454101562,345.39495849609375,657.0411987304688,323.1036682128906,0
5487,214.35400390625,148.6271209716797,493.16644287109375,149.44146728515625,486.0220642089844,330.0138854980469,505.49835205078125,360.4297790527344,511.34844970703125,330.5296936035156,501.29022216796875,339.9158935546875,514.9055786132812,345.6153259277344,558.4835205078125,346.28668212890625,607.5689086914062,340.4661560058594,644.3745727539062,346.5537414550781,657.8545532226562,322.3158264160156,0
5488,214.4169921875,148.48060607910156,493.1943054199219,149.46177673339844,476.26373291015625,328.69769287109375,502.36956787109375,358.9566345214844,508.9423522949219,328.53955078125,496.0508117675781,338.2117004394531,511.6080627441406,343.58099365234375,556.8724365234375,345.3765869140625,608.7976684570312,341.9481201171875,645.113037109375,349.7643127441406,659.0465698242188,322.8299255371094,0
5489,214.278076171875,148.71275329589844,493.1218566894531,149.5147247314453,470.917236328125,328.059814453125,500.4847717285156,358.35986328125,507.4822692871094,327.5926208496094,493.6745300292969,337.7356262207031,510.06097412109375,342.9151306152344,555.9732666015625,345.1457824707031,608.4871826171875,343.5610656738281,644.3135375976562,352.13470458984375,658.7394409179688,324.86663818359375,0
5490,214.33523559570312,148.6125030517578,493.0921325683594,149.58872985839844,471.5445556640625,328.9189758300781,501.47039794921875,358.000732421875,508.74755859375,327.1124267578125,493.98260498046875,337.42279052734375,510.8183898925781,342.6699523925781,555.6353149414062,345.4136962890625,607.0328979492188,345.2726745605469,642.4884643554688,357.4330749511719,660.9461669921875,337.8845520019531,0
5491,214.31304931640625,148.5758514404297,493.1001281738281,149.58773803710938,471.5545959472656,328.9065246582031,501.4289855957031,357.94012451171875,508.785400390625,327.0273742675781,493.991455078125,337.37432861328125,510.8829650878906,342.6709289550781,555.63232421875,345.4382019042969,607.0458374023438,345.27374267578125,642.4796752929688,357.4588623046875,660.9319458007812,337.8870849609375,0
5492,214.19912719726562,148.65020751953125,493.0188903808594,149.53076171875,468.6044006347656,328.95135498046875,502.3673400878906,358.489990234375,509.2376403808594,326.9399719238281,494.1434631347656,337.6307373046875,511.4688415527344,342.52825927734375,555.9429931640625,345.1835021972656,607.615478515625,345.2330627441406,642.2364501953125,357.63641357421875,661.5457153320312,337.90740966796875,0
5493,214.20494079589844,148.6542510986328,493.0567626953125,149.54736328125,470.55859375,334.12567138671875,504.4322509765625,360.4513854980469,509.2157287597656,327.33447265625,495.18817138671875,339.855224609375,512.5051879882812,342.7326965332031,554.998779296875,345.3785095214844,606.3328857421875,346.7572326660156,640.6459350585938,360.59869384765625,660.7918701171875,340.3394470214844,0
5494,214.30194091796875,148.55929565429688,493.1523132324219,149.47007751464844,471.3064270019531,335.53680419921875,506.7045593261719,362.42376708984375,510.9353332519531,329.444580078125,496.07415771484375,342.5159606933594,513.5577392578125,345.09686279296875,555.350830078125,345.7793273925781,606.1766967773438,345.7557373046875,639.7811279296875,359.5328674316406,661.0701904296875,341.492919921875,0
5495,214.25363159179688,148.49755859375,493.0234069824219,149.513671875,472.3406982421875,340.7893371582031,511.2464904785156,366.9093933105469,513.4427490234375,333.61346435546875,500.28375244140625,345.8856201171875,516.627685546875,348.9601745605469,556.5127563476562,346.89935302734375,605.5326538085938,343.1711730957031,641.4594116210938,355.9793701171875,661.3995971679688,340.20654296875,0
5496,214.2518310546875,148.4936981201172,493.1000671386719,149.491455078125,472.33953857421875,340.7898864746094,511.25177001953125,366.92413330078125,513.4652099609375,333.5917663574219,500.28533935546875,345.8873596191406,516.6282958984375,348.96368408203125,556.5133056640625,346.818603515625,605.531005859375,343.1381530761719,641.4231567382812,355.9863586425781,661.4176635742188,340.199462890625,0
5497,214.30776977539062,148.5434112548828,493.0803527832031,149.39926147460938,477.46270751953125,349.04412841796875,515.4276733398438,369.33660888671875,514.74267578125,334.8595886230469,504.82647705078125,348.25775146484375,519.5119018554688,350.29345703125,559.2464599609375,345.9325256347656,605.4752807617188,343.4340515136719,639.156005859375,356.61102294921875,660.2914428710938,345.20062255859375,0
5498,214.35755920410156,148.4554443359375,493.1676025390625,149.4579315185547,478.29345703125,360.5607604980469,521.8387451171875,376.2906494140625,518.9369506835938,340.29644775390625,506.8952941894531,356.8849792480469,523.956298828125,356.0315246582031,561.0169067382812,346.7751159667969,606.0292358398438,341.377685546875,642.75,355.07427978515625,661.0751953125,339.99664306640625,0
5499,214.3717498779297,148.50857543945312,493.225341796875,149.3414764404297,478.68927001953125,360.39324951171875,522.5860595703125,377.0983581542969,519.5997924804688,341.0718994140625,507.39312744140625,357.36981201171875,524.882080078125,356.6248779296875,561.3524780273438,347.20208740234375,605.48974609375,340.39794921875,643.34423828125,353.2093811035156,659.72900390625,339.5517578125,0
5500,214.4236297607422,148.62359619140625,493.03826904296875,149.38929748535156,477.585693359375,348.9087829589844,519.19287109375,375.3971862792969,521.4951171875,337.96844482421875,506.9000244140625,352.8863830566406,524.5487060546875,355.14935302734375,562.3202514648438,348.3650817871094,605.5944213867188,341.19708251953125,643.1976318359375,354.21929931640625,660.5845947265625,338.8483581542969,0
5501,214.42991638183594,148.63143920898438,493.0474548339844,149.4781951904297,477.5777282714844,348.9312438964844,519.182373046875,375.3963928222656,521.476318359375,337.96282958984375,506.8854675292969,352.8837890625,524.5346069335938,355.13262939453125,562.3838500976562,348.3979187011719,605.6505126953125,341.1912841796875,643.1976318359375,354.2043762207031,660.5853881835938,339.02490234375,0
5502,214.42874145507812,148.6071014404297,493.14556884765625,149.4667510986328,478.3328552246094,346.58746337890625,519.6046142578125,373.631591796875,522.4724731445312,336.23297119140625,509.1107177734375,350.53192138671875,525.56591796875,352.9776916503906,563.0411987304688,347.8221740722656,605.2002563476562,341.56866455078125,642.3002319335938,354.734375,660.5277099609375,340.3583984375,0
5503,214.31478881835938,148.77601623535156,493.31414794921875,149.42030334472656,478.5997009277344,343.8922119140625,520.1309204101562,371.2700500488281,524.2642822265625,333.07177734375,510.06072998046875,347.4851989746094,526.7176513671875,350.83538818359375,562.798583984375,347.6537780761719,604.4457397460938,341.9180908203125,640.7203979492188,355.4571838378906,659.1856079101562,346.5394287109375,0
5504,214.38430786132812,148.71092224121094,493.1178283691406,149.51712036132812,480.8497009277344,341.8786315917969,522.5625610351562,370.13641357421875,526.15771484375,332.15972900390625,510.87066650390625,347.5672302246094,528.042236328125,351.04681396484375,563.9435424804688,347.20928955078125,603.3848876953125,342.2059326171875,637.4374389648438,355.67236328125,658.7489013671875,347.775146484375,0
5505,214.39845275878906,148.74542236328125,493.17926025390625,149.44525146484375,487.6343078613281,336.41900634765625,527.0407104492188,368.81097412109375,533.02294921875,331.134033203125,517.248291015625,344.3697814941406,533.791015625,350.95361328125,566.5518798828125,347.67938232421875,603.2520141601562,341.0534362792969,640.5948486328125,354.4537353515625,658.5823974609375,346.25201416015625,0
5506,214.36399841308594,148.73184204101562,493.1795654296875,149.4449005126953,487.6238098144531,336.404541015625,527.0482177734375,368.8258361816406,533.0436401367188,331.1400146484375,517.2308349609375,344.36444091796875,533.75,350.95855712890625,566.5443115234375,347.6558837890625,603.306884765625,341.0558776855469,640.6053466796875,354.4541015625,658.5703735351562,346.2662353515625,0
5507,214.31005859375,148.72097778320312,493.0577087402344,149.39732360839844,490.0828857421875,332.642578125,527.7075805664062,366.00531005859375,536.1133422851562,331.06494140625,517.9324951171875,344.2109375,536.13427734375,350.006103515625,567.8213500976562,347.9344177246094,603.3995971679688,340.9541015625,639.6876220703125,354.314697265625,658.2197875976562,347.26092529296875,0
5508,214.30584716796875,148.7384796142578,493.1058044433594,149.34962463378906,493.72998046875,330.8000793457031,530.558349609375,363.89825439453125,539.0213623046875,326.4828186035156,520.8785400390625,341.9049377441406,538.722900390625,347.3662414550781,569.372802734375,346.5920715332031,602.61376953125,340.821044921875,636.6422119140625,353.7978515625,650.108154296875,354.5390319824219,0
5509,214.32095336914062,148.65744018554688,493.03314208984375,149.48187255859375,494.7030334472656,333.2774963378906,532.0209350585938,363.4040832519531,539.3294067382812,325.7256164550781,522.27783203125,342.1348876953125,540.0191650390625,346.6982116699219,570.4638061523438,346.1802978515625,601.8759155273438,340.7728576660156,636.6396484375,353.7727355957031,650.7431030273438,354.27398681640625,0
5510,214.30801391601562,148.7129364013672,493.09613037109375,149.5600128173828,494.56304931640625,333.0615539550781,531.8720703125,363.3562927246094,539.2501220703125,325.26068115234375,522.0484008789062,342.14776611328125,539.9392700195312,346.62841796875,570.4696655273438,345.9911193847656,601.4948120117188,341.4924011230469,635.3419799804688,354.1316833496094,651.3728637695312,354.593505859375,0
5511,214.30958557128906,148.7179718017578,493.1214294433594,149.6102294921875,494.5669860839844,333.0685119628906,531.90087890625,363.3387451171875,539.3189086914062,325.3460998535156,522.1275024414062,342.1990966796875,540.12060546875,346.7397155761719,570.541015625,346.01617431640625,601.4312744140625,341.4824523925781,635.318115234375,354.1107482910156,651.3778686523438,354.57659912109375,0
5512,214.39581298828125,148.7751007080078,493.08343505859375,149.56874084472656,491.23382568359375,335.3345031738281,532.4867553710938,363.30364990234375,538.4561767578125,325.852783203125,521.0671997070312,342.2879333496094,539.4581298828125,346.1339111328125,570.4591064453125,345.2191162109375,600.8738403320312,341.373291015625,636.1441040039062,354.47869873046875,656.0109252929688,352.6116027832031,0
5513,214.31475830078125,148.72442626953125,493.10174560546875,149.59646606445312,492.065185546875,333.68170166015625,531.8116455078125,363.27392578125,539.1814575195312,326.2017517089844,521.01904296875,342.4589538574219,539.4959106445312,346.5500183105469,570.2806396484375,345.54449462890625,602.1963500976562,342.1567077636719,636.0099487304688,355.272216796875,655.569580078125,352.8509521484375,0
5514,214.40390014648438,148.6052703857422,493.2102966308594,149.5357208251953,491.56060791015625,336.621337890625,532.3722534179688,363.1571350097656,538.2801513671875,326.2395324707031,521.1312255859375,342.7993469238281,539.4495239257812,346.24285888671875,570.130859375,345.15179443359375,600.7813720703125,342.1822509765625,635.2547607421875,355.4372863769531,651.8607177734375,354.5321044921875,0
5515,214.453369140625,148.79669189453125,493.183349609375,149.35887145996094,491.7884521484375,338.0445556640625,532.3374633789062,364.1484680175781,538.260498046875,326.56988525390625,521.4503173828125,343.5710144042969,539.8690185546875,347.2664794921875,569.9041748046875,345.225830078125,601.7359008789062,342.17559814453125,635.9232788085938,355.6416320800781,651.8886108398438,354.65728759765625,0
5516,214.3253936767578,148.76600646972656,493.07794189453125,149.42613220214844,490.51177978515625,338.2084045410156,532.2914428710938,364.1714782714844,537.5659790039062,326.82183837890625,520.8034057617188,343.48675537109375,539.2353515625,346.8265380859375,569.9048461914062,344.9402160644531,602.03955078125,342.17095947265625,635.9851684570312,354.9708557128906,655.5071411132812,353.24810791015625,0
5517,214.35845947265625,148.66973876953125,493.2216491699219,149.48727416992188,489.942626953125,338.5828857421875,532.3289184570312,363.89581298828125,537.0524291992188,326.4602966308594,520.3770141601562,343.5977783203125,538.788330078125,346.4718017578125,569.6884765625,344.88360595703125,602.1741333007812,342.14349365234375,635.7858276367188,354.73333740234375,651.64501953125,355.37884521484375,0
5518,214.31759643554688,148.55853271484375,493.0230712890625,149.38516235351562,490.96466064453125,337.8393249511719,531.8196411132812,364.38555908203125,538.0912475585938,327.00714111328125,520.9974975585938,343.7773742675781,539.4368286132812,347.4039001464844,569.4240112304688,345.20318603515625,602.1883544921875,342.11236572265625,635.6141967773438,354.6697692871094,651.5109252929688,355.1669616699219,0
5519,214.42919921875,148.50901794433594,493.1500549316406,149.4005584716797,492.5970153808594,331.0893249511719,529.922119140625,363.5746765136719,538.1780395507812,326.53228759765625,519.6865844726562,342.2255554199219,537.8551025390625,347.5655517578125,568.535400390625,346.07366943359375,602.0562744140625,341.99542236328125,635.3312377929688,354.2785949707031,650.99853515625,355.2413635253906,0
5520,214.4117889404297,148.50144958496094,493.20684814453125,149.3909454345703,492.60150146484375,331.0790710449219,529.93017578125,363.6070556640625,538.297119140625,326.54254150390625,519.7893676757812,342.16766357421875,537.8594360351562,347.46258544921875,568.3406982421875,345.9201354980469,602.1162719726562,341.9517517089844,635.3140869140625,354.2816162109375,650.9599609375,355.256103515625,0
5521,214.35791015625,148.58412170410156,493.1082458496094,149.63926696777344,494.05084228515625,330.0423583984375,529.4856567382812,363.3198547363281,538.6567993164062,325.5632629394531,520.43017578125,341.25311279296875,538.1109619140625,346.6941833496094,568.342041015625,346.1582946777344,601.4260864257812,341.9051513671875,635.2791137695312,354.57501220703125,651.6034545898438,355.03228759765625,0
5522,214.33673095703125,148.50917053222656,493.26416015625,149.6211700439453,494.463623046875,329.9012756347656,529.21044921875,362.88702392578125,539.839111328125,324.7138977050781,521.2160034179688,340.60614013671875,538.7320556640625,346.3796081542969,569.068115234375,346.8966369628906,600.8864135742188,341.90948486328125,635.1156616210938,354.61505126953125,652.3341674804688,354.3343200683594,0
5523,214.3538818359375,148.55184936523438,493.2000732421875,149.49293518066406,493.389404296875,328.5481872558594,528.5429077148438,362.87103271484375,538.9989013671875,324.5264587402344,520.495361328125,340.3777770996094,537.8318481445312,346.3826599121094,568.3594360351562,346.317138671875,600.4688110351562,341.4761657714844,635.005615234375,354.1474304199219,655.462646484375,353.1900634765625,0
5524,214.46571350097656,148.58773803710938,493.2959899902344,149.5065460205078,494.00482177734375,329.1858215332031,527.98779296875,363.14105224609375,538.9237670898438,324.5625305175781,520.300537109375,340.63531494140625,537.4535522460938,346.6399841308594,568.3379516601562,346.3440856933594,600.1722412109375,341.75518798828125,635.1515502929688,354.25518798828125,655.6807861328125,352.8553466796875,0
5525,214.3279266357422,148.48046875,493.2882995605469,149.5061798095703,494.6453552246094,328.86474609375,527.2799682617188,362.8198547363281,539.2694702148438,324.9676208496094,520.260986328125,340.4447937011719,537.398681640625,346.7075500488281,567.7805786132812,347.3179931640625,599.5547485351562,341.67718505859375,634.8912353515625,354.49041748046875,655.7149658203125,352.7661437988281,0
5526,214.30020141601562,148.47036743164062,493.269287109375,149.51528930664062,494.712890625,328.7748107910156,527.3356323242188,362.9143981933594,539.1932983398438,324.9148254394531,520.224609375,340.4175720214844,537.2725830078125,346.7607421875,568.1925659179688,348.1968688964844,599.5899047851562,341.6877136230469,634.8999633789062,354.50408935546875,655.7071533203125,352.83978271484375,0
5527,214.51773071289062,148.5840301513672,493.303466796875,149.60704040527344,496.1666259765625,330.3688049316406,528.0294189453125,363.1275939941406,539.9741821289062,324.6329040527344,521.6726684570312,340.82769775390625,538.6324462890625,346.81927490234375,568.0993041992188,347.53216552734375,598.0595092773438,342.1884765625,632.843017578125,354.7468566894531,655.336181640625,353.43426513671875,0
5528,214.31141662597656,148.64016723632812,493.4636535644531,149.36439514160156,494.8034973144531,330.3681640625,528.1895751953125,362.8146667480469,538.4452514648438,324.121826171875,520.1390991210938,340.9975280761719,536.248291015625,345.8909606933594,567.470947265625,346.9882507324219,598.0975952148438,341.7943420410156,633.5853881835938,354.96527099609375,655.86865234375,352.5997314453125,0
5529,214.46388244628906,148.5906219482422,493.3862609863281,149.35523986816406,483.12152099609375,329.1890563964844,524.4169311523438,361.43121337890625,534.3019409179688,324.336669921875,514.1942138671875,340.33251953125,531.3915405273438,345.6501159667969,565.3187866210938,346.22943115234375,596.74951171875,341.80328369140625,633.4042358398438,354.8892822265625,655.9281616210938,352.4215087890625,0
5530,214.46487426757812,148.59068298339844,493.3860778808594,149.35447692871094,483.1239318847656,329.1899108886719,524.4196166992188,361.43121337890625,534.2916870117188,324.3287658691406,514.1826171875,340.3117980957031,531.3692016601562,345.63824462890625,565.33203125,346.21466064453125,596.7994995117188,341.78741455078125,633.4091796875,354.8993225097656,655.9271850585938,352.4041442871094,0
5531,214.2797393798828,148.49301147460938,493.12103271484375,149.4821014404297,477.5432434082031,325.26007080078125,517.15576171875,358.257568359375,529.9854736328125,324.1917724609375,511.71417236328125,336.0560302734375,527.2967529296875,343.37799072265625,563.4647827148438,346.2113342285156,597.9658203125,342.1247253417969,633.3580322265625,354.6566467285156,655.719482421875,352.74029541015625,0
5532,214.18496704101562,148.90756225585938,493.3048400878906,149.57278442382812,476.6744079589844,315.1147766113281,509.7697448730469,353.7371826171875,523.7984008789062,319.53497314453125,506.05548095703125,328.9584045410156,521.498046875,337.40191650390625,560.9309692382812,346.1908264160156,602.717041015625,344.81524658203125,636.880126953125,358.056884765625,656.7078857421875,353.70208740234375,0
5533,214.34291076660156,148.83883666992188,493.20709228515625,149.6428680419922,477.4693298339844,311.66119384765625,508.2376403808594,349.5442810058594,522.6641235351562,318.44329833984375,504.6012268066406,327.3575744628906,521.2548828125,335.8624572753906,559.9475708007812,345.5475769042969,604.2377319335938,344.7064514160156,638.1324462890625,358.8147277832031,657.3530883789062,353.0434265136719,0
5534,214.44964599609375,148.67420959472656,493.38421630859375,149.3976593017578,478.35772705078125,311.37396240234375,507.8342590332031,347.0874938964844,520.8357543945312,317.2952575683594,503.4833679199219,325.66583251953125,519.9136962890625,333.5526428222656,558.7090454101562,344.2344970703125,605.9025268554688,345.8005676269531,639.620849609375,359.9192199707031,657.8634033203125,353.531982421875,0
5535,214.4468994140625,148.6768798828125,493.3851013183594,149.39817810058594,478.3544006347656,311.36883544921875,507.82769775390625,347.0997619628906,520.8167724609375,317.3269348144531,503.48724365234375,325.6817321777344,519.8838500976562,333.57000732421875,558.6188354492188,344.26654052734375,605.8675537109375,345.79449462890625,639.6210327148438,359.9181213378906,657.8760375976562,353.5052185058594,0
5536,214.40846252441406,148.57977294921875,493.2174072265625,149.48272705078125,476.1645812988281,313.2611999511719,506.3039245605469,347.34588623046875,518.2299194335938,317.5624694824219,501.45306396484375,327.05584716796875,518.1471557617188,333.9668884277344,558.4783325195312,344.1893615722656,606.350341796875,345.8876037597656,641.3348388671875,360.5324401855469,658.4903564453125,354.39453125,0
5537,214.40826416015625,148.64569091796875,493.2383117675781,149.5148468017578,471.8885803222656,313.4477844238281,503.9439697265625,348.73583984375,515.7188720703125,318.1680603027344,497.4382629394531,328.60198974609375,514.9840087890625,335.71533203125,556.9747924804688,345.0621032714844,606.4210205078125,347.181640625,641.5240478515625,362.09417724609375,660.553955078125,356.8123779296875,0
5538,214.34454345703125,148.4383087158203,493.19805908203125,149.51654052734375,471.8370361328125,315.3013000488281,504.3108825683594,350.1209411621094,516.0187377929688,318.673828125,498.54669189453125,328.87286376953125,515.6809692382812,336.6087341308594,556.837158203125,345.16510009765625,605.4161987304688,347.6689453125,640.6817626953125,362.45849609375,658.3134155273438,360.47039794921875,0
5539,214.3756561279297,148.64146423339844,493.18206787109375,149.4603271484375,470.2564697265625,317.68951416015625,504.8476867675781,351.0438537597656,516.4395141601562,320.24176025390625,498.22869873046875,329.60198974609375,515.6694946289062,337.2982482910156,556.5453491210938,344.97314453125,604.8630981445312,347.679931640625,637.7960205078125,361.80963134765625,650.781494140625,365.1706848144531,0
5540,214.373291015625,148.6314697265625,493.1548767089844,149.4874267578125,470.2550964355469,317.6882019042969,504.85296630859375,351.03106689453125,516.3477172851562,320.19891357421875,498.1805725097656,329.583984375,515.6026000976562,337.23431396484375,556.594482421875,344.7788391113281,604.8604736328125,347.7017517089844,637.8668823242188,361.823486328125,650.7848510742188,365.1347961425781,0
5541,214.36216735839844,148.65476989746094,493.14263916015625,149.4757080078125,470.5076904296875,317.2327880859375,505.4493713378906,352.7864074707031,517.6614990234375,320.06488037109375,498.8835754394531,329.78436279296875,516.2000732421875,337.6188049316406,556.887451171875,345.3278503417969,604.8843383789062,347.9435729980469,634.73486328125,361.0055236816406,650.1951904296875,366.98406982421875,0
5542,214.41427612304688,148.69444274902344,493.16351318359375,149.384765625,478.6769714355469,324.76580810546875,512.4107666015625,356.8450012207031,521.9810180664062,321.805908203125,507.1732482910156,334.35101318359375,522.8870849609375,340.29595947265625,560.1823120117188,346.4041748046875,605.6349487304688,345.65570068359375,636.4647827148438,360.883056640625,657.6420288085938,364.3522033691406,0
5543,214.30577087402344,148.61399841308594,493.14727783203125,149.41831970214844,480.464111328125,325.26226806640625,514.9008178710938,358.6454162597656,525.8549194335938,324.4584045410156,509.2762756347656,336.3509216308594,525.01025390625,342.5218811035156,561.9536743164062,346.08453369140625,605.1084594726562,344.30242919921875,634.1030883789062,358.2579345703125,653.97509765625,364.8243103027344,0
5544,214.29981994628906,148.63818359375,493.1343994140625,149.5119171142578,484.19744873046875,327.19622802734375,518.7260131835938,359.2768249511719,530.0213012695312,325.4570007324219,510.70794677734375,337.7673645019531,528.3841552734375,343.0810546875,564.565673828125,346.4142761230469,604.07470703125,343.13568115234375,633.4559936523438,356.2312316894531,651.7512817382812,364.6909484863281,0
5545,214.30224609375,148.6352081298828,493.14227294921875,149.50326538085938,484.1936950683594,327.1992492675781,518.685546875,359.265380859375,530.0208129882812,325.4541015625,510.7063293457031,337.7580261230469,528.3673706054688,343.0930480957031,564.599609375,346.269287109375,604.1091918945312,343.1746520996094,633.4194946289062,356.2201232910156,651.7327880859375,364.6885070800781,0
5546,214.29837036132812,148.4957275390625,492.91265869140625,149.65074157714844,485.1405029296875,326.6795654296875,518.6507568359375,359.4363708496094,530.61962890625,326.03369140625,511.1309814453125,337.9662170410156,528.5687866210938,343.7334289550781,565.017333984375,346.5550842285156,603.6083984375,342.68115234375,633.19287109375,355.36346435546875,651.5548095703125,364.11761474609375,0
5547,214.28021240234375,148.56263732910156,492.96380615234375,149.65087890625,493.0063781738281,315.974365234375,519.4387817382812,358.9584045410156,536.2898559570312,326.5926818847656,517.5759887695312,335.8877258300781,533.3028564453125,345.8503112792969,566.5379028320312,349.3431091308594,604.0625610351562,343.3782653808594,633.8424072265625,356.21282958984375,651.6748046875,365.6520690917969,0
5548,214.24752807617188,148.59620666503906,493.04888916015625,149.53414916992188,496.76690673828125,313.29742431640625,520.111328125,357.3683166503906,540.703857421875,326.01861572265625,519.845458984375,332.5045471191406,534.2742919921875,345.7847900390625,568.0704345703125,350.83673095703125,602.0706787109375,343.7959289550781,632.1795043945312,355.7674865722656,651.0186767578125,366.5005798339844,0
5549,214.23928833007812,148.49490356445312,492.996337890625,149.5778350830078,505.371826171875,307.61639404296875,522.342529296875,355.472412109375,547.4878540039062,328.5738220214844,525.155517578125,330.4862365722656,537.2890014648438,344.620361328125,568.2708129882812,352.1370544433594,602.7691650390625,342.334228515625,632.0528564453125,354.1338195800781,649.7348022460938,366.29217529296875,0
5550,214.24020385742188,148.50534057617188,492.96514892578125,149.59461975097656,505.3726806640625,307.6011962890625,522.3377685546875,355.4896240234375,547.4749755859375,328.6974792480469,525.1257934570312,330.52264404296875,537.2228393554688,344.67913818359375,568.2831420898438,352.1513366699219,602.7562866210938,342.3323059082031,632.0107421875,354.1119384765625,649.757568359375,366.2794189453125,0
5551,214.27781677246094,148.48324584960938,492.9564208984375,149.60372924804688,506.31524658203125,305.4447937011719,524.8062744140625,353.42047119140625,549.2573852539062,326.1138610839844,527.0003051757812,328.4985046386719,539.2496337890625,342.5514831542969,568.9563598632812,352.1530456542969,602.169677734375,343.2632141113281,632.0249633789062,355.33197021484375,649.1018676757812,366.765380859375,0
5552,214.2147674560547,148.54373168945312,492.955078125,149.64657592773438,508.23974609375,306.5867004394531,526.8378295898438,352.7476501464844,551.316162109375,324.889404296875,527.46533203125,328.7179260253906,541.7929077148438,341.8578186035156,568.992431640625,351.8714904785156,600.0875854492188,343.6503601074219,630.8113403320312,355.71380615234375,648.6548461914062,367.53912353515625,0
5553,214.34127807617188,148.43894958496094,492.95281982421875,149.59877014160156,510.3486633300781,303.82635498046875,525.6267700195312,349.99658203125,551.8881225585938,325.3966064453125,527.5491943359375,328.85931396484375,541.5501098632812,341.3371887207031,568.3907470703125,352.4565734863281,599.9996948242188,344.1360778808594,631.0014038085938,356.8472900390625,648.6019287109375,368.1707763671875,0
5554,214.24749755859375,148.53378295898438,492.95098876953125,149.53167724609375,516.3301391601562,297.28826904296875,523.22314453125,346.0079345703125,552.9823608398438,328.0772705078125,529.2235107421875,326.2731018066406,539.5792236328125,340.63531494140625,567.2520751953125,354.35198974609375,600.2210693359375,344.4303283691406,630.93115234375,358.9263610839844,647.9854125976562,369.1711120605469,0
5555,214.21768188476562,148.48875427246094,492.8153076171875,149.62644958496094,518.800048828125,295.315185546875,524.0045776367188,346.1554260253906,554.245849609375,327.6329345703125,530.3590698242188,325.2401428222656,540.5689086914062,339.8785705566406,567.2012939453125,354.3925476074219,600.3673706054688,344.6768798828125,631.4586791992188,359.3364562988281,648.5261840820312,370.0133972167969,0
5556,214.2202606201172,148.47508239746094,492.78485107421875,149.62460327148438,518.7474365234375,295.3410949707031,524.0900268554688,346.08251953125,554.233154296875,327.5951232910156,530.4146728515625,325.2476806640625,540.6137084960938,339.8861999511719,567.1904296875,354.4372253417969,600.3336181640625,344.6968078613281,631.3959350585938,359.3166809082031,648.4490356445312,369.9919128417969,0
5557,214.23431396484375,148.36656188964844,493.01055908203125,149.7007598876953,520.2039794921875,295.5968017578125,523.9080810546875,345.48150634765625,554.9231567382812,327.0274353027344,531.1231079101562,324.8899841308594,540.6909790039062,339.39385986328125,565.90283203125,354.4362487792969,600.2254638671875,345.0591125488281,631.5633544921875,359.6297607421875,648.1907348632812,370.496337890625,0
5558,214.33383178710938,148.50485229492188,493.0876770019531,149.76028442382812,520.4515991210938,295.5628356933594,523.2152709960938,345.5326843261719,555.0172729492188,326.97088623046875,531.1763916015625,324.8660888671875,540.217041015625,339.02032470703125,565.6115112304688,354.3289489746094,600.2984008789062,345.1013488769531,631.6095581054688,359.6536865234375,648.764404296875,370.83612060546875,0
5559,214.2978515625,148.68331909179688,493.0692443847656,149.764892578125,520.1483154296875,291.99530029296875,523.1986083984375,343.6993408203125,555.9623413085938,324.9789123535156,531.794677734375,323.2841796875,540.834716796875,337.8328857421875,565.0623168945312,353.64630126953125,600.3650512695312,345.66339111328125,631.4492797851562,360.0543518066406,648.2362670898438,372.09320068359375,0
5560,214.29949951171875,148.68353271484375,493.06781005859375,149.7655792236328,520.1442260742188,292.0018005371094,523.2322998046875,343.68463134765625,555.9539184570312,324.9921875,531.8128662109375,323.2618103027344,540.8638305664062,337.8247375488281,565.1260986328125,353.63360595703125,600.4017944335938,345.6910095214844,631.45263671875,360.0758361816406,648.2310791015625,372.0816955566406,0
5561,214.3372039794922,148.62510681152344,493.0794372558594,149.7323760986328,521.42236328125,292.3275146484375,522.5076904296875,343.813720703125,556.0914306640625,325.27740478515625,531.963134765625,323.2174377441406,540.6336059570312,337.70928955078125,565.1572265625,353.8034973144531,600.6580200195312,346.3056640625,631.196533203125,360.2980651855469,647.8972778320312,372.61309814453125,0
5562,214.2694854736328,148.52902221679688,493.0655822753906,149.78048706054688,522.9459228515625,296.742431640625,524.3960571289062,345.9926452636719,556.9468383789062,327.189697265625,532.7825927734375,325.1665954589844,541.5391235351562,339.34942626953125,564.6728515625,354.98406982421875,599.8788452148438,346.6085510253906,630.89111328125,360.833984375,647.9912109375,373.0360412597656,0
5563,214.27243041992188,148.5777130126953,493.0904235839844,149.8018035888672,521.1926879882812,298.5813903808594,524.1128540039062,347.11895751953125,555.7940673828125,327.14166259765625,531.961181640625,326.13189697265625,541.1680297851562,339.9526062011719,565.0055541992188,354.786865234375,599.8609008789062,346.59051513671875,629.4702758789062,360.4598388671875,647.8311767578125,373.1278991699219,0
5564,214.31422424316406,148.6100616455078,493.2110595703125,149.7760772705078,519.3837280273438,297.52423095703125,523.85498046875,346.7669677734375,555.3330688476562,326.18194580078125,531.2767944335938,325.98809814453125,540.9223022460938,339.82232666015625,564.8011474609375,354.4807434082031,599.9857177734375,346.50799560546875,629.4500732421875,360.7376403808594,647.880126953125,373.6040954589844,0
5565,214.37283325195312,148.59715270996094,493.1820068359375,149.9339599609375,517.6619262695312,298.9004821777344,522.2926635742188,345.9522399902344,554.2528076171875,326.1173095703125,530.4447631835938,326.2923889160156,540.1901245117188,339.9429931640625,564.838623046875,354.3853454589844,600.1473999023438,347.1414794921875,629.5554809570312,361.1404724121094,647.7658081054688,374.05450439453125,0
5566,214.3695831298828,148.60549926757812,493.18121337890625,149.92453002929688,517.6849975585938,298.8856201171875,522.2847900390625,345.95947265625,554.2556762695312,326.1410827636719,530.4528198242188,326.28070068359375,540.1891479492188,339.978271484375,564.8215942382812,354.40283203125,600.1190185546875,347.1251525878906,629.5543212890625,361.1265869140625,647.7805786132812,374.0498046875,0
5567,214.27960205078125,148.53677368164062,493.2745361328125,149.17628479003906,517.7160034179688,299.2325439453125,522.2332763671875,346.2474365234375,554.3060913085938,326.4635009765625,530.32666015625,326.5899353027344,540.059326171875,340.1458740234375,564.7268676757812,354.5355224609375,600.2562255859375,347.1262512207031,629.302734375,361.0994873046875,647.6175537109375,373.8650817871094,0
5568,214.4007568359375,148.53099060058594,493.36737060546875,149.14178466796875,517.5982055664062,299.85723876953125,522.01904296875,346.645751953125,553.838623046875,327.4322204589844,529.6212768554688,326.97454833984375,539.3296508789062,340.5325622558594,564.5667724609375,354.7536315917969,600.3696899414062,347.22100830078125,629.3564453125,361.3550720214844,647.6513671875,373.7972412109375,0
5569,214.45433044433594,148.46945190429688,493.45513916015625,149.31260681152344,518.02880859375,299.69281005859375,521.9109497070312,346.5243835449219,554.143310546875,327.1925048828125,529.8890991210938,326.9007568359375,539.7757568359375,340.46527099609375,564.4512329101562,355.0380554199219,600.1647338867188,347.29193115234375,628.953369140625,361.1772766113281,647.9676513671875,372.8648681640625,0
5570,214.43618774414062,148.45558166503906,493.4671936035156,149.30128479003906,518.037109375,299.7025146484375,521.9320678710938,346.5938720703125,554.1405639648438,327.20916748046875,529.8697509765625,326.9306335449219,539.8110961914062,340.5415954589844,564.4655151367188,355.07379150390625,600.1729125976562,347.30291748046875,628.9511108398438,361.19683837890625,647.9899291992188,372.8791198730469,0
5571,214.26248168945312,148.47805786132812,493.3858947753906,149.57264709472656,517.2581176757812,298.834716796875,521.2022094726562,346.20703125,553.8922119140625,326.3739013671875,529.9161987304688,326.4485168457031,539.793701171875,340.2214660644531,564.5435791015625,354.8907165527344,600.1737060546875,347.2026062011719,629.1976928710938,361.3887939453125,647.569091796875,373.880615234375,0
5572,214.232421875,148.62677001953125,493.2994384765625,149.44679260253906,516.8194580078125,298.67645263671875,520.6830444335938,345.7801513671875,553.5784301757812,325.6751708984375,529.4447021484375,326.1202697753906,539.190185546875,339.6881408691406,564.2754516601562,354.0974426269531,600.2164306640625,347.10797119140625,629.285400390625,361.41290283203125,647.5787963867188,373.74578857421875,0
5573,214.2635955810547,148.66448974609375,493.3658142089844,149.5836944580078,516.6182861328125,298.3731994628906,520.400146484375,345.71282958984375,553.4431762695312,325.61700439453125,529.2711181640625,326.1969909667969,539.2010498046875,339.6401672363281,564.0469360351562,354.2026062011719,600.18896484375,347.11309814453125,629.2488403320312,361.4129943847656,647.5086669921875,373.9942932128906,0
5574,214.28306579589844,148.46774291992188,493.335205078125,149.49993896484375,516.4806518554688,298.581298828125,520.3220825195312,345.8014221191406,553.138427734375,325.21978759765625,529.1456909179688,326.10858154296875,538.9979858398438,339.51470947265625,564.076416015625,354.0872497558594,600.3483276367188,347.1044616699219,629.4505004882812,361.5024719238281,647.753173828125,374.11981201171875,0
5575,214.28111267089844,148.46148681640625,493.353759765625,149.46466064453125,516.4784545898438,298.5721435546875,520.3267822265625,345.8032531738281,553.1031494140625,325.2170715332031,529.1337890625,326.10565185546875,539.0075073242188,339.5600280761719,564.3004760742188,353.986328125,600.3239135742188,347.0817565917969,629.4220581054688,361.48895263671875,647.7639770507812,374.1390686035156,0
5576,214.31651306152344,148.53260803222656,493.4500732421875,149.2814483642578,516.32080078125,298.71478271484375,520.2351684570312,345.7715759277344,552.9956665039062,325.4054260253906,529.0308837890625,326.2380676269531,538.8978881835938,339.62762451171875,564.268798828125,353.9757995605469,600.0709838867188,347.0701599121094,629.4864501953125,361.6295471191406,647.578125,374.0232238769531,0
5577,214.28265380859375,148.59796142578125,493.416748046875,149.18907165527344,515.9816284179688,299.96038818359375,521.0208740234375,347.1173095703125,552.8385620117188,326.0476379394531,528.603271484375,327.2073669433594,539.1845092773438,340.48809814453125,564.7678833007812,354.075927734375,599.9351806640625,347.0736389160156,629.4365844726562,361.4530944824219,648.03125,374.1752014160156,0
5578,214.32611083984375,148.61758422851562,493.32611083984375,149.14556884765625,512.5795288085938,302.6329345703125,522.1776733398438,347.4116516113281,552.117919921875,324.571044921875,527.9727172851562,327.13372802734375,539.530029296875,339.91015625,564.8819580078125,352.7583923339844,599.7720947265625,347.14788818359375,628.94873046875,361.4825439453125,647.71044921875,374.07110595703125,0
5579,214.2358856201172,148.71652221679688,493.3692626953125,149.01571655273438,501.6769104003906,318.5008850097656,522.5900268554688,358.5300598144531,545.8770141601562,328.8930358886719,525.2659301757812,334.9728698730469,537.0721435546875,346.0584716796875,567.583740234375,352.17889404296875,599.6304321289062,346.68280029296875,629.0418701171875,360.6257019042969,647.9653930664062,372.7844543457031,0
5580,214.23580932617188,148.719482421875,493.34228515625,149.05638122558594,501.6655578613281,318.54296875,522.6195068359375,358.54766845703125,545.8956298828125,328.8941955566406,525.2919921875,334.9898376464844,537.0545043945312,346.06201171875,567.3441162109375,352.2964172363281,599.6693725585938,346.7384948730469,629.0806884765625,360.6508483886719,647.9486083984375,372.7957763671875,0
5581,214.3531036376953,148.58815002441406,493.3514709472656,149.240478515625,501.1311950683594,328.0285339355469,523.5238037109375,363.8731689453125,545.2942504882812,330.94757080078125,522.8211059570312,340.31494140625,537.6923217773438,349.0587463378906,567.3283081054688,352.7509765625,600.202392578125,346.5580139160156,631.2588500976562,360.29058837890625,647.7532958984375,371.14556884765625,0
5582,214.34620666503906,148.49856567382812,493.4017639160156,149.22396850585938,503.0117492675781,331.8478698730469,524.0923461914062,368.7147216796875,546.4757080078125,337.8387451171875,525.1823120117188,345.0284729003906,538.0439453125,353.57794189453125,566.8939819335938,355.491455078125,599.8154907226562,345.7998352050781,631.4260864257812,360.2927551269531,648.7236328125,370.9378662109375,0
5583,214.40533447265625,148.62184143066406,493.529541015625,149.3453826904297,504.6662902832031,332.8062438964844,524.1473999023438,370.2365417480469,547.1626586914062,340.71673583984375,525.7094116210938,347.1667175292969,537.9942626953125,355.92120361328125,567.2406616210938,356.65283203125,599.7752075195312,345.6402587890625,630.5380859375,359.6612243652344,647.715087890625,370.4068603515625,0
5584,214.3553466796875,148.4473114013672,493.187744140625,149.78518676757812,502.2366943359375,329.77728271484375,523.702392578125,369.6887512207031,547.1611938476562,339.3478698730469,524.5699462890625,344.63165283203125,537.5220947265625,354.7323303222656,567.4562377929688,356.7036437988281,599.9229125976562,346.1509094238281,631.0122680664062,360.42633056640625,647.4736328125,371.1268310546875,0
5585,214.35324096679688,148.43780517578125,493.1878356933594,149.76588439941406,502.2320251464844,329.81146240234375,523.6935424804688,369.6792907714844,547.1593627929688,339.32232666015625,524.5523681640625,344.6341247558594,537.5130004882812,354.7269287109375,567.4199829101562,356.7504577636719,599.9248046875,346.1952819824219,631.0572509765625,360.4346008300781,647.3076171875,370.4631042480469,0
5586,214.27040100097656,148.48280334472656,493.24432373046875,149.67013549804688,496.6808166503906,327.1285400390625,522.5374145507812,366.68804931640625,543.7978515625,336.22503662109375,521.1657104492188,343.2878112792969,537.1232299804688,353.0959167480469,566.5138549804688,355.8119812011719,599.6408081054688,346.6891174316406,631.2564086914062,360.5571594238281,647.626220703125,371.4004211425781,0
5587,214.33677673339844,148.53257751464844,493.314697265625,149.4893798828125,497.2343444824219,329.66302490234375,523.003173828125,368.91729736328125,544.4750366210938,336.1074523925781,521.848876953125,344.77197265625,535.9447021484375,352.869140625,567.021484375,355.24847412109375,600.1548461914062,346.22149658203125,631.36181640625,360.4355163574219,647.494873046875,371.0314636230469,0
5588,214.50997924804688,148.48316955566406,493.2022399902344,149.48779296875,497.8175964355469,332.5638122558594,523.4195556640625,369.8020935058594,543.80029296875,336.75946044921875,522.6251831054688,345.37738037109375,537.4253540039062,355.04583740234375,567.303466796875,355.33355712890625,599.9950561523438,346.19677734375,630.990966796875,360.5199890136719,647.162841796875,370.89892578125,0
5589,214.58128356933594,148.49696350097656,493.00030517578125,149.55380249023438,493.14019775390625,339.88934326171875,525.7125244140625,370.9540710449219,540.6768188476562,336.1782531738281,521.90380859375,347.2085876464844,536.8492431640625,354.4843444824219,567.328857421875,352.8539733886719,599.3565673828125,346.21728515625,630.89208984375,360.7315673828125,647.215087890625,371.40594482421875,0
5590,214.48681640625,148.58538818359375,492.9925537109375,149.57025146484375,490.1776123046875,351.9112548828125,530.4392700195312,373.6749572753906,533.8218383789062,336.134765625,520.8416137695312,351.66363525390625,535.80517578125,353.73675537109375,566.4850463867188,348.47247314453125,599.4815063476562,346.0195617675781,631.2103881835938,360.3188781738281,647.5206298828125,370.7132263183594,0
5591,214.5078887939453,148.58277893066406,492.94268798828125,149.55191040039062,490.19140625,351.9232177734375,530.4222412109375,373.665771484375,533.8408203125,336.13348388671875,520.8619995117188,351.6895751953125,535.8238525390625,353.754638671875,566.5020751953125,348.5028076171875,599.4856567382812,346.01971435546875,631.2095336914062,360.3264465332031,647.518798828125,370.71405029296875,0
5592,214.56698608398438,148.63699340820312,493.00201416015625,149.54754638671875,491.1545104980469,359.4135437011719,532.4607543945312,376.8594055175781,533.4283447265625,339.9748840332031,519.0205078125,357.5055236816406,534.3558349609375,357.17431640625,566.63232421875,349.2483215332031,600.1580200195312,345.19207763671875,631.3679809570312,358.8460388183594,647.2407836914062,369.53948974609375,0
5593,214.56976318359375,148.60130310058594,493.0320129394531,149.4892120361328,491.9652404785156,367.82415771484375,534.5159301757812,382.9081726074219,535.1885375976562,345.5925598144531,522.515869140625,362.1828918457031,537.7796630859375,362.8276672363281,566.8101196289062,350.17291259765625,600.4579467773438,345.0233459472656,631.1959838867188,357.4746398925781,646.7318115234375,368.0987548828125,0
5594,214.4911346435547,148.4651336669922,493.0940856933594,149.60105895996094,489.8506164550781,371.21844482421875,533.0852661132812,385.197021484375,533.1926879882812,348.543701171875,521.1705322265625,365.5292663574219,536.2894287109375,365.1418151855469,565.2589721679688,350.6766357421875,600.3973388671875,345.146484375,631.5032958984375,357.411865234375,647.70068359375,368.4324035644531,0
5595,214.4893035888672,148.48458862304688,493.0960388183594,149.5981903076172,489.84906005859375,371.2141418457031,533.0894165039062,385.1953125,533.1730346679688,348.5335388183594,521.15673828125,365.51776123046875,536.2908325195312,365.1289978027344,565.3042602539062,350.6850280761719,600.3366088867188,345.1538391113281,631.4566040039062,357.39471435546875,647.6990356445312,368.4532775878906,0
5596,214.46389770507812,148.43423461914062,493.1920471191406,149.40480041503906,488.1177673339844,370.9765625,532.2850341796875,384.7594909667969,530.5640258789062,348.1288757324219,519.0599975585938,365.2139892578125,533.9449462890625,364.57232666015625,565.1326904296875,350.402099609375,600.5055541992188,344.8565979003906,631.0720825195312,357.1558532714844,647.8043212890625,368.4375,0
5597,214.46148681640625,148.44607543945312,493.1915588378906,149.5767822265625,489.0098571777344,371.892578125,533.1376953125,384.9869384765625,530.9652709960938,348.65216064453125,520.0382690429688,365.73828125,534.6537475585938,364.7361755371094,565.3294677734375,349.6895751953125,600.4463500976562,344.1638488769531,630.3851318359375,355.1974182128906,648.5838623046875,367.09619140625,0
5598,214.4505157470703,148.42108154296875,493.285400390625,149.48500061035156,488.7149963378906,368.959716796875,532.6087036132812,385.2191467285156,532.0139770507812,348.7780456542969,520.2701416015625,365.1597900390625,534.8096923828125,365.3622131347656,565.060546875,350.0576477050781,600.2404174804688,344.19964599609375,630.457275390625,355.5513000488281,648.696533203125,366.9580078125,0
5599,214.14505004882812,148.6234130859375,493.2532653808594,149.51559448242188,490.8981628417969,370.74725341796875,533.9990234375,385.5154724121094,533.8868408203125,347.4928283691406,522.039306640625,365.23333740234375,536.9031372070312,364.9236755371094,565.201904296875,350.3789367675781,599.6917724609375,343.7951965332031,630.0789184570312,355.2435607910156,648.85009765625,366.99102783203125,0
5600,214.1448516845703,148.6243438720703,493.2572326660156,149.51934814453125,490.8583068847656,370.7239074707031,533.9947509765625,385.4888000488281,533.81298828125,347.2666931152344,521.9531860351562,365.17822265625,536.8231201171875,364.875,565.222412109375,350.251708984375,599.741455078125,343.76922607421875,630.0404052734375,355.2607116699219,648.846435546875,366.9861755371094,0
5601,214.37994384765625,148.6992950439453,493.27996826171875,149.49244689941406,489.6086730957031,368.41351318359375,534.1944580078125,385.39837646484375,533.3461303710938,346.4354248046875,520.966552734375,364.43988037109375,536.7854614257812,364.414306640625,565.3106079101562,350.26812744140625,599.8328857421875,343.9884338378906,629.5431518554688,355.0631103515625,647.1566162109375,366.60516357421875,0
5602,214.3444366455078,148.45892333984375,493.2156677246094,149.57713317871094,488.6866455078125,367.98345947265625,533.5989990234375,382.04705810546875,530.4666748046875,346.8277587890625,518.7423095703125,362.947998046875,533.9508056640625,362.19384765625,565.081298828125,348.6810302734375,600.1276245117188,344.04022216796875,630.0753784179688,355.53900146484375,648.6994018554688,366.7552795410156,0
5603,214.45654296875,148.57638549804688,493.2050476074219,149.51788330078125,490.7279052734375,378.2906188964844,536.3423461914062,381.6045227050781,526.9745483398438,346.822021484375,518.6707153320312,367.2581481933594,532.850341796875,362.0645751953125,564.4749755859375,347.4022216796875,599.8873291015625,343.7480773925781,630.0052490234375,355.7027282714844,647.3279418945312,366.5799865722656,0
5604,214.45697021484375,148.54405212402344,493.23345947265625,149.62738037109375,490.5022888183594,383.76617431640625,538.1909790039062,382.665283203125,526.8460083007812,349.41693115234375,519.07080078125,370.667236328125,534.212646484375,364.1509704589844,563.8834228515625,347.16973876953125,599.9198608398438,342.5893859863281,630.1212158203125,353.5304260253906,647.48876953125,364.388916015625,0
5605,214.47499084472656,148.53842163085938,493.2054443359375,149.6217803955078,490.4981689453125,383.7644348144531,538.190185546875,382.6805114746094,526.841552734375,349.4019470214844,519.0768432617188,370.66265869140625,534.2161254882812,364.146240234375,563.8948974609375,347.21856689453125,599.9092407226562,342.603515625,630.1204833984375,353.5321350097656,647.5338134765625,364.40411376953125,0
5606,214.36618041992188,148.45401000976562,493.1767883300781,149.64974975585938,494.5789489746094,391.41094970703125,541.3724365234375,387.251708984375,528.5509033203125,354.66644287109375,518.7127075195312,375.3038024902344,534.080322265625,369.7485046386719,564.385009765625,348.9198913574219,599.5977172851562,342.4532775878906,629.7797241210938,353.4052429199219,647.3781127929688,361.2371520996094,0
5607,214.33795166015625,148.45681762695312,493.23931884765625,149.58197021484375,497.1629943847656,394.7254638671875,543.8826293945312,386.35888671875,527.5975341796875,355.3348693847656,519.5792846679688,376.5403747558594,534.7341918945312,370.1261291503906,564.3549194335938,348.11151123046875,599.030517578125,341.7127380371094,629.5350341796875,352.9873352050781,647.374755859375,361.306884765625,0
5608,214.37551879882812,148.49464416503906,493.2776794433594,149.6273651123047,497.98980712890625,396.00775146484375,544.9970092773438,387.451904296875,527.794189453125,356.04364013671875,520.5635375976562,378.1451110839844,535.9841918945312,370.9602966308594,564.9192504882812,348.3372497558594,598.9284057617188,341.56561279296875,629.3660888671875,352.7612609863281,647.3526611328125,360.90191650390625,0
5609,214.4047393798828,148.5899200439453,493.3740539550781,149.70785522460938,490.7375793457031,388.17987060546875,540.3031616210938,389.3497009277344,530.0396728515625,354.5283203125,519.2596435546875,375.2884826660156,533.8115844726562,369.7843933105469,564.0755004882812,349.3370666503906,598.8035278320312,341.3890075683594,629.5531616210938,352.64215087890625,647.9166259765625,360.7411804199219,0
5610,214.40093994140625,148.5967254638672,493.3772277832031,149.7076416015625,490.7255859375,388.1795349121094,540.3126831054688,389.36663818359375,530.0283813476562,354.53460693359375,519.2730712890625,375.2831726074219,533.8177490234375,369.77935791015625,564.0978393554688,349.2901611328125,598.8798828125,341.3722839355469,629.56298828125,352.6712646484375,647.9237670898438,360.7403259277344,0
5611,214.42706298828125,148.62449645996094,493.2467956542969,149.83193969726562,489.9170227050781,387.9472351074219,540.3775634765625,388.2626953125,529.0008544921875,354.7675476074219,518.8204345703125,375.01324462890625,534.9312744140625,369.81268310546875,564.3314819335938,349.6916809082031,599.3607177734375,341.9663391113281,629.1890869140625,353.1979064941406,647.2105102539062,361.0234069824219,0
5612,214.3638916015625,148.48199462890625,493.218017578125,149.8679962158203,491.1588439941406,381.9046936035156,539.249267578125,386.31475830078125,529.8624267578125,352.18603515625,519.135498046875,372.3330078125,534.8068237304688,367.6466979980469,564.18212890625,349.3866882324219,599.3048706054688,341.5040588378906,629.1901245117188,352.459716796875,647.5509643554688,360.4068298339844,0
5613,214.32545471191406,148.50535583496094,493.20123291015625,149.7696990966797,489.47515869140625,380.1766052246094,537.9951171875,385.5944519042969,528.2551879882812,349.4290466308594,518.314453125,371.1733703613281,534.5171508789062,366.0978698730469,564.1741333007812,349.30938720703125,599.454833984375,341.9122314453125,628.6336669921875,352.78253173828125,646.959716796875,360.7120056152344,0
5614,214.34364318847656,148.5574493408203,493.28680419921875,149.82659912109375,492.1159973144531,355.54107666015625,527.4467163085938,382.2337951660156,532.6015014648438,347.07666015625,517.0106201171875,361.51861572265625,532.8252563476562,364.1085510253906,565.5784912109375,352.9620666503906,601.650390625,342.8473205566406,630.3628540039062,353.4739990234375,647.7528076171875,362.0477600097656,0
5615,214.36610412597656,148.5685272216797,493.0943603515625,149.66880798339844,487.25067138671875,337.03564453125,522.0750732421875,376.09954833984375,534.599365234375,342.2221374511719,515.3578491210938,350.953125,531.2635498046875,358.9362487792969,567.2135009765625,354.490234375,603.2919311523438,343.43255615234375,632.3047485351562,354.026611328125,650.2747192382812,364.255126953125,0
5616,214.3513946533203,148.67050170898438,493.1570739746094,149.84010314941406,488.2521057128906,329.73443603515625,522.0433349609375,370.90130615234375,535.7265625,336.5500793457031,515.6199951171875,346.02587890625,532.324462890625,353.42498779296875,568.0314331054688,353.4857177734375,603.08349609375,344.9834899902344,633.167236328125,357.266357421875,649.0390625,368.281494140625,0
5617,214.3993377685547,148.6422119140625,493.1045837402344,149.76766967773438,487.804931640625,328.5177001953125,519.3369140625,365.6148986816406,532.3201293945312,333.4065856933594,512.9842529296875,344.4696960449219,530.279052734375,351.98931884765625,564.6978149414062,351.9969177246094,603.556640625,345.2962951660156,632.2380981445312,357.4836730957031,648.9114379882812,370.06805419921875,0
5618,214.3978729248047,148.64073181152344,493.0867919921875,149.8023223876953,487.8265686035156,328.4764404296875,519.360595703125,365.6308898925781,532.2998657226562,333.4053039550781,513.0255126953125,344.504150390625,530.272705078125,352.0298156738281,564.6878662109375,352.0151062011719,603.5369262695312,345.3018493652344,632.2199096679688,357.4781188964844,648.9041748046875,370.0619812011719,0
5619,214.410888671875,148.58535766601562,493.08734130859375,149.8173065185547,487.5963134765625,327.6806945800781,518.1965942382812,364.75909423828125,531.2994384765625,332.5091247558594,512.4523315429688,343.8385314941406,529.6740112304688,350.724609375,564.3440551757812,351.6290588378906,604.1859130859375,346.7763366699219,633.0592041015625,358.7314147949219,648.6826171875,371.528076171875,0
5620,214.4207763671875,148.59861755371094,493.1209716796875,149.8470001220703,487.62725830078125,327.673095703125,518.195556640625,364.743896484375,531.2826538085938,332.5009460449219,512.4578857421875,343.82257080078125,529.6552124023438,350.69097900390625,564.390625,351.6046142578125,604.2220458984375,346.76153564453125,633.0447998046875,358.73431396484375,648.6766357421875,371.5268249511719,0
5621,214.38470458984375,148.58433532714844,493.0976867675781,149.67254638671875,487.8152160644531,328.15069580078125,519.44775390625,365.4097900390625,530.4707641601562,333.02630615234375,512.6342163085938,344.32952880859375,529.5099487304688,350.5527648925781,564.298828125,351.2223205566406,604.2644653320312,347.6374206542969,633.6521606445312,359.7659606933594,649.1819458007812,373.24310302734375,0
5622,214.4716339111328,148.6868133544922,493.1875,149.67657470703125,493.95452880859375,330.930419921875,525.9328002929688,370.213134765625,539.4656372070312,335.0048828125,521.0364990234375,344.58197021484375,536.3359375,353.62322998046875,569.6554565429688,354.45330810546875,604.1824951171875,347.35467529296875,633.4273681640625,359.26287841796875,648.733154296875,373.1220397949219,0
5623,214.4899139404297,148.63421630859375,493.1982116699219,149.70738220214844,494.8272399902344,330.9479675292969,527.9990234375,370.5724182128906,542.4144897460938,335.8617858886719,523.1231689453125,346.0381774902344,538.8168334960938,353.9083557128906,570.844482421875,355.1976013183594,603.574462890625,347.9014587402344,631.5106201171875,360.5892028808594,648.0360107421875,373.6376037597656,0
5624,214.47373962402344,148.71755981445312,493.2277526855469,149.9095001220703,499.1803894042969,330.475830078125,530.2655029296875,371.3293151855469,544.8265991210938,338.8766174316406,526.2565307617188,347.2759704589844,541.3904418945312,355.8464660644531,571.6067504882812,357.93115234375,602.0908813476562,347.6991882324219,630.4972534179688,360.4422607421875,647.8748779296875,374.544921875,0
5625,214.47384643554688,148.7210235595703,493.2460632324219,149.8884735107422,499.1787109375,330.4773254394531,530.2572021484375,371.345458984375,544.80517578125,338.8799133300781,526.2476806640625,347.2741394042969,541.3790893554688,355.8663024902344,571.5924072265625,357.9190673828125,602.117919921875,347.6763610839844,630.5084228515625,360.4732360839844,647.5912475585938,375.0008239746094,0
5626,214.4788055419922,148.5660858154297,493.2067565917969,149.80593872070312,499.5954284667969,329.9905700683594,530.0662841796875,371.3606872558594,545.5921630859375,338.2936096191406,526.7091064453125,346.8379821777344,541.6566162109375,355.53082275390625,571.4942626953125,357.31378173828125,601.9678955078125,347.06719970703125,630.9581298828125,360.61834716796875,647.8634033203125,375.6902160644531,0
5627,214.57545471191406,148.73687744140625,493.199462890625,149.71023559570312,497.024169921875,329.15264892578125,529.4803466796875,367.25128173828125,544.2616577148438,335.2294616699219,524.0546264648438,344.5420837402344,540.9594116210938,353.157958984375,570.6818237304688,356.0449523925781,600.8304443359375,347.3931579589844,630.3453979492188,360.70904541015625,648.2012939453125,376.53076171875,0
5628,214.52130126953125,148.6121368408203,493.2508544921875,149.68748474121094,501.8156433105469,326.63153076171875,528.6122436523438,366.8731384277344,545.9216918945312,335.433837890625,525.6469116210938,344.5384826660156,541.0296630859375,352.8033752441406,570.3862915039062,355.9023742675781,600.922607421875,346.571044921875,630.5390625,360.3160705566406,650.1998291015625,376.2127685546875,0
5629,214.44036865234375,148.7454071044922,493.1991271972656,149.7407989501953,506.0659484863281,318.001953125,528.8883666992188,362.3899841308594,551.1809692382812,332.64654541015625,526.7637939453125,339.6060485839844,543.4411010742188,351.545654296875,570.7155151367188,356.0651550292969,600.1304931640625,346.8638610839844,630.3490600585938,361.47552490234375,648.14599609375,378.06866455078125,0
5630,214.4359588623047,148.66282653808594,493.2320861816406,149.7302703857422,509.7152404785156,313.66253662109375,527.5914306640625,360.81109619140625,554.3172607421875,332.7001037597656,529.32568359375,337.7988586425781,542.9178466796875,352.0841064453125,570.7227783203125,356.8370056152344,600.85498046875,345.388671875,630.6583862304688,360.6123046875,650.3629760742188,378.534912109375,0
5631,214.417724609375,148.6585235595703,493.2280578613281,149.72854614257812,509.7530517578125,313.68426513671875,527.6052856445312,360.7028503417969,554.3070678710938,332.6607666015625,529.369384765625,337.68060302734375,542.9685668945312,351.9793701171875,570.797119140625,356.86187744140625,600.4638671875,345.3456726074219,630.3231811523438,360.4079284667969,650.334716796875,378.4908447265625,0
5632,214.4918670654297,148.60694885253906,493.14056396484375,149.60888671875,511.766845703125,310.9482116699219,527.9387817382812,357.4497375488281,554.206298828125,330.6129455566406,529.1373901367188,335.11737060546875,543.046875,349.3573913574219,570.633544921875,356.130126953125,600.1901245117188,344.9743957519531,630.171875,360.1540222167969,650.6475830078125,378.79815673828125,0
5633,214.46099853515625,148.6644287109375,493.1942138671875,149.6349639892578,514.524169921875,306.33184814453125,527.5452880859375,354.6626281738281,553.8677368164062,329.054931640625,529.8910522460938,332.3501892089844,544.009033203125,346.2099304199219,570.4181518554688,355.4905090332031,599.9686889648438,345.020751953125,629.9835205078125,360.207275390625,650.4503784179688,379.2131652832031,0
5634,214.46713256835938,148.7521209716797,493.2915344238281,149.61427307128906,513.5501708984375,310.5931091308594,531.7485961914062,355.4236755371094,555.1298217773438,324.3069763183594,532.6017456054688,331.8255310058594,546.2614135742188,343.3855895996094,571.5020751953125,352.6669006347656,598.9363403320312,346.5505676269531,629.67626953125,363.2346496582031,650.0205078125,381.68194580078125,0
5635,214.4671630859375,148.75135803222656,493.287841796875,149.65814208984375,513.54931640625,310.5920104980469,531.750732421875,355.41943359375,555.1295776367188,324.3083190917969,532.6016235351562,331.8235168457031,546.2595825195312,343.3832702636719,571.5226440429688,352.6562805175781,598.9373779296875,346.5415344238281,629.6809692382812,363.2431945800781,650.0025024414062,381.6541748046875,0
5636,214.42913818359375,148.8103485107422,493.25445556640625,149.5348663330078,512.317626953125,311.058349609375,531.583740234375,355.77880859375,555.029541015625,324.61187744140625,532.0810546875,332.342041015625,546.10009765625,343.86834716796875,570.79296875,352.66650390625,599.0046997070312,346.7597961425781,629.6896362304688,363.6714172363281,649.9714965820312,381.79718017578125,0
5637,214.40773010253906,148.80166625976562,493.2947692871094,149.56040954589844,508.4909973144531,313.21759033203125,530.31005859375,356.660888671875,552.5659790039062,324.2570495605469,530.6153564453125,333.1914367675781,545.24365234375,344.4625244140625,569.851806640625,352.02734375,598.8021240234375,347.6521301269531,629.665283203125,364.3616027832031,649.9454956054688,382.1712951660156,0
5638,214.33045959472656,148.61578369140625,493.31219482421875,149.5157928466797,507.96368408203125,317.0271301269531,530.7880859375,358.79730224609375,551.9857788085938,325.94989013671875,530.559814453125,335.4909362792969,543.9285278320312,346.3122863769531,569.3275146484375,351.6523132324219,598.04052734375,347.0455322265625,629.7876586914062,363.5098571777344,650.0211181640625,381.9860534667969,0
5639,214.29110717773438,148.8368377685547,493.1773986816406,149.65673828125,508.0015869140625,323.5475769042969,531.4114379882812,361.21368408203125,551.8496704101562,329.044921875,530.228759765625,339.5919189453125,544.3416748046875,348.9041442871094,569.3868408203125,351.7489929199219,597.6641845703125,346.95672607421875,629.4356079101562,363.8935241699219,649.9197998046875,382.23553466796875,0
5640,214.2897186279297,148.83815002441406,493.1800231933594,149.69447326660156,507.99493408203125,323.5602111816406,531.4083862304688,361.20452880859375,551.827392578125,329.0566101074219,530.196533203125,339.5846252441406,544.3115234375,348.9102783203125,569.4035034179688,351.76239013671875,597.6891479492188,346.94952392578125,629.4437866210938,363.9252624511719,649.9244995117188,382.2425842285156,0
5641,214.1886444091797,148.6314239501953,493.32098388671875,149.49508666992188,506.2607421875,322.8520812988281,531.566650390625,361.7330017089844,551.7891235351562,327.6820373535156,529.1395263671875,339.6040954589844,544.0020141601562,349.0631103515625,569.45654296875,351.50030517578125,597.86962890625,346.2832946777344,629.8662109375,363.3370666503906,651.2133178710938,382.1180114746094,0
5642,214.36875915527344,148.84716796875,493.2943420410156,149.58323669433594,505.01202392578125,329.9671630859375,531.5400390625,363.4342041015625,548.896728515625,328.2087707519531,527.3847045898438,342.35650634765625,545.0855102539062,349.80902099609375,569.51123046875,351.166259765625,597.567626953125,346.8377685546875,629.8109130859375,363.37969970703125,651.1268310546875,382.1973571777344,0
5643,214.38037109375,148.80650329589844,493.315673828125,149.5370330810547,506.4430236816406,333.8448181152344,532.2693481445312,365.24884033203125,548.871337890625,330.1391296386719,528.6881103515625,345.5382385253906,546.0494384765625,350.478759765625,568.9226684570312,350.7176513671875,597.3955078125,346.6604309082031,629.8099975585938,362.92266845703125,650.8847045898438,382.2179870605469,0
5644,214.44740295410156,148.66436767578125,493.2233581542969,149.8260040283203,508.82159423828125,342.7677001953125,533.70849609375,370.343017578125,550.0325927734375,332.8626403808594,531.8814086914062,347.7194519042969,544.26220703125,352.7863464355469,568.0574340820312,351.744873046875,597.3412475585938,346.3738708496094,629.7149047851562,362.64764404296875,651.0014038085938,381.57379150390625,0
5645,214.4411163330078,148.64212036132812,493.2319641113281,149.7952117919922,508.8188171386719,342.7677307128906,533.7068481445312,370.3492431640625,550.0447387695312,332.8827819824219,531.8827514648438,347.7238464355469,544.261962890625,352.7890625,568.0697631835938,351.73406982421875,597.35107421875,346.35784912109375,629.7240600585938,362.6413879394531,651.0162353515625,381.56536865234375,0
5646,214.45103454589844,148.6905059814453,493.4744567871094,149.7242889404297,509.3245849609375,345.683837890625,534.8099975585938,371.8170471191406,551.138671875,338.2915344238281,532.1904907226562,349.0177307128906,542.563232421875,353.3362121582031,568.6250610351562,351.3525695800781,597.1875610351562,346.181884765625,629.8557739257812,362.4564514160156,650.9090576171875,381.9638366699219,0
5647,214.31871032714844,148.615966796875,493.49493408203125,149.74937438964844,508.1082763671875,348.984619140625,535.114501953125,376.1322937011719,549.5035400390625,340.6539611816406,530.0637817382812,354.7438049316406,543.2789916992188,357.2917785644531,569.3846435546875,352.3060302734375,596.7908325195312,344.90509033203125,629.5674438476562,360.962646484375,650.959716796875,381.48468017578125,0
5648,214.19058227539062,148.76815795898438,493.5457458496094,149.71847534179688,504.86383056640625,345.89581298828125,533.952880859375,376.158935546875,547.175048828125,340.1492614746094,527.6688842773438,354.16461181640625,543.1722412109375,358.0434875488281,568.7903442382812,352.1829833984375,597.0685424804688,345.2622985839844,629.7107543945312,361.4545593261719,651.1018676757812,381.2193603515625,0
5649,214.22821044921875,148.76016235351562,493.4819030761719,149.4016876220703,502.0986022949219,342.0692443847656,531.9652099609375,374.8743896484375,545.8416748046875,338.370361328125,528.1994018554688,350.67529296875,541.59619140625,357.0184020996094,568.246337890625,352.8244323730469,597.4913330078125,345.8900451660156,629.9799194335938,361.8370666503906,650.7579345703125,381.62542724609375,0
5650,214.2277069091797,148.76341247558594,493.4833679199219,149.40185546875,502.0829162597656,342.0811462402344,532.010986328125,374.91583251953125,545.6929321289062,338.3701171875,528.1283569335938,350.6873474121094,541.5098876953125,357.0623779296875,568.14306640625,352.8231201171875,597.4820556640625,345.8847351074219,629.9857177734375,361.8553771972656,650.7584228515625,381.6247863769531,0
5651,214.27479553222656,148.7606964111328,493.4248962402344,149.37429809570312,501.2832336425781,341.559814453125,531.9512329101562,374.7872314453125,545.5488891601562,338.46075439453125,527.9553833007812,350.5318603515625,541.3489990234375,357.0147705078125,568.106201171875,353.04571533203125,597.8656005859375,345.82574462890625,630.0226440429688,362.2578430175781,650.8257446289062,381.8514404296875,0
5652,214.28518676757812,148.75491333007812,493.47308349609375,149.50865173339844,494.4680480957031,337.7777099609375,527.3915405273438,372.25274658203125,543.6275024414062,335.9220275878906,524.0355224609375,348.1402587890625,538.8504028320312,354.904296875,567.0146484375,353.1373596191406,597.481689453125,345.9185485839844,629.8663330078125,362.080810546875,650.9096069335938,381.4844665527344,0
5653,214.2395782470703,148.8114776611328,493.330810546875,149.5222930908203,494.30499267578125,337.56011962890625,527.3253784179688,371.32550048828125,542.2051391601562,335.4285583496094,522.9024658203125,347.34783935546875,537.1685791015625,353.95404052734375,568.3480224609375,352.45654296875,597.4451293945312,346.611572265625,629.9925537109375,362.65362548828125,650.8206787109375,381.7895812988281,0
5654,214.2528533935547,148.69691467285156,493.4161682128906,149.4117431640625,492.7481689453125,337.6642150878906,525.352783203125,371.0616455078125,539.7884521484375,335.3875427246094,521.3721313476562,346.9679870605469,536.0359497070312,353.7068786621094,568.0859985351562,352.3785400390625,597.6632690429688,346.66583251953125,630.3837890625,362.2545471191406,651.2499389648438,381.43426513671875,0
5655,214.2493133544922,148.744384765625,493.4248046875,149.42367553710938,492.7935485839844,337.72503662109375,525.363037109375,371.06817626953125,539.7940673828125,335.4206237792969,521.4186401367188,347.0156555175781,536.0523071289062,353.7242431640625,568.0899658203125,352.3880615234375,597.6725463867188,346.70404052734375,630.3856811523438,362.2889709472656,651.2548828125,381.43511962890625,0
5656,214.24221801757812,148.72145080566406,493.3628845214844,149.49703979492188,491.8489990234375,336.8313903808594,524.7269287109375,371.92279052734375,540.0693969726562,336.3569030761719,521.0736694335938,347.6271667480469,535.7571411132812,355.0882263183594,568.27294921875,352.4874267578125,597.6109008789062,346.7735900878906,630.2738647460938,361.8571472167969,651.4130249023438,380.79443359375,0
5657,214.38592529296875,148.84178161621094,493.3301086425781,149.62274169921875,486.0950622558594,334.6202392578125,519.1971435546875,373.32855224609375,537.0927124023438,337.5602722167969,515.418701171875,348.7962341308594,530.521240234375,355.5483703613281,565.5610961914062,353.4337158203125,597.6963500976562,347.7731628417969,630.5692749023438,362.6451721191406,652.0791015625,380.9455261230469,0
5658,214.20745849609375,148.75221252441406,493.3287353515625,149.57618713378906,483.29791259765625,330.9762878417969,518.5017700195312,370.9241638183594,535.955322265625,335.1598815917969,513.4519653320312,346.9425964355469,529.8956298828125,353.819091796875,565.3811645507812,352.7546691894531,599.274169921875,349.5560302734375,631.5046997070312,364.020263671875,652.1117553710938,381.5948486328125,0
5659,214.3165283203125,148.70547485351562,493.3162841796875,149.57839965820312,474.7355041503906,318.3858337402344,510.4290466308594,361.3822937011719,529.5057983398438,326.61895751953125,504.47381591796875,337.31695556640625,522.933349609375,345.6968078613281,563.35205078125,351.4372253417969,603.0560302734375,352.6763916015625,634.076171875,366.3721008300781,652.375244140625,382.8603820800781,0
5660,214.3061065673828,148.6759033203125,493.3836364746094,149.63609313964844,472.83648681640625,310.0743103027344,503.23583984375,353.7792663574219,521.6692504882812,320.82147216796875,499.35345458984375,329.58428955078125,516.7979125976562,339.4217529296875,559.2844848632812,351.2848205566406,605.8358764648438,353.8036804199219,636.0917358398438,368.6049499511719,652.1455688476562,383.1816711425781,0
5661,214.3557891845703,148.66152954101562,493.36114501953125,149.6697540283203,472.791748046875,310.0796813964844,503.3872985839844,353.7511901855469,521.7340087890625,320.7486877441406,499.4532470703125,329.5454406738281,516.9849853515625,339.3733825683594,559.4152221679688,351.2749938964844,605.7916259765625,353.7898864746094,636.10986328125,368.5555725097656,652.2313232421875,383.1390380859375,0
5662,214.15512084960938,148.60342407226562,493.2069091796875,149.7323455810547,471.212158203125,302.0761413574219,497.2458190917969,344.6038818359375,515.7105712890625,316.42474365234375,494.92730712890625,321.944580078125,511.5464172363281,333.0524597167969,554.3219604492188,346.8993225097656,607.2777099609375,354.43450927734375,637.6714477539062,369.78045654296875,652.7543334960938,383.17462158203125,0
5663,214.17153930664062,148.67726135253906,493.1310729980469,149.69033813476562,472.45306396484375,293.4772033691406,492.8769226074219,337.567626953125,512.7936401367188,310.6072082519531,493.1776428222656,313.7847900390625,506.80859375,326.0110778808594,553.4050903320312,344.3085021972656,608.1722412109375,354.8321228027344,638.3486938476562,370.306640625,652.7542724609375,382.9503173828125,0
5664,214.1854705810547,148.71896362304688,493.2393493652344,149.68212890625,467.4526062011719,280.45025634765625,480.4161071777344,320.3697204589844,500.44317626953125,296.4057312011719,483.16864013671875,300.42218017578125,495.3488464355469,312.99176025390625,544.0818481445312,338.5926818847656,606.8057250976562,356.5074462890625,632.6503295898438,375.45111083984375,635.0263671875,389.788330078125,0
5665,214.18690490722656,148.7197265625,493.2423095703125,149.69284057617188,467.4484558105469,280.4534606933594,480.4233703613281,320.39776611328125,500.4745178222656,296.4052429199219,483.16986083984375,300.4266662597656,495.3770446777344,313.0071716308594,544.2940063476562,338.706298828125,606.80078125,356.5098876953125,632.6491088867188,375.4469299316406,635.0336303710938,389.7923583984375,0
5666,214.3653106689453,148.81735229492188,493.0589904785156,149.63412475585938,463.4248352050781,274.7896423339844,476.2759094238281,315.07330322265625,496.6601867675781,293.7779846191406,478.184814453125,296.1102600097656,490.2591552734375,307.87164306640625,537.7073974609375,335.130615234375,603.9229736328125,357.9969177246094,627.593017578125,374.40338134765625,630.2333984375,393.7347717285156,0
5667,214.2627716064453,148.86463928222656,493.0899963378906,149.71388244628906,464.35223388671875,266.4713134765625,471.70166015625,305.9369812011719,494.8199462890625,283.6995849609375,478.98797607421875,286.18365478515625,488.2571716308594,299.981689453125,532.3046875,330.778076171875,595.0407104492188,362.98175048828125,618.4786987304688,382.2124938964844,618.0852661132812,402.7011413574219,0
5668,214.1230926513672,148.82293701171875,493.06890869140625,149.6132049560547,461.5364074707031,264.7578125,470.6044921875,302.3511657714844,494.4432067871094,281.97186279296875,477.2359619140625,281.85906982421875,487.4362487792969,296.12310791015625,531.6712036132812,330.0308837890625,593.518798828125,365.1918640136719,615.7969970703125,385.829345703125,613.21484375,406.7027893066406,0
5669,214.2727813720703,148.8023681640625,493.1169128417969,149.59957885742188,460.3530578613281,265.2773742675781,470.6994934082031,303.899169921875,494.4278259277344,281.19940185546875,477.151123046875,283.40948486328125,487.61114501953125,297.36993408203125,531.62646484375,329.36871337890625,592.2362060546875,365.4815673828125,614.760009765625,386.3158264160156,612.9520263671875,406.9852294921875,0
5670,214.29640197753906,148.8385467529297,493.1949462890625,149.53997802734375,459.85504150390625,265.7222595214844,472.73828125,307.90118408203125,496.8721008300781,284.49725341796875,478.1335754394531,286.5448913574219,489.5127258300781,300.48583984375,532.6968383789062,330.1063537597656,591.9324951171875,365.220947265625,614.2623291015625,385.2991027832031,615.18359375,404.2005920410156,0
5671,214.29641723632812,148.82684326171875,493.2035217285156,149.4891815185547,459.843505859375,265.7666931152344,472.7391052246094,307.9062805175781,496.8471374511719,284.4871520996094,478.1352844238281,286.5446472167969,489.5226745605469,300.479736328125,532.8250122070312,330.065673828125,591.9063720703125,365.22357177734375,614.2837524414062,385.3148193359375,615.1639404296875,404.20147705078125,0
5672,214.36692810058594,148.90673828125,493.22119140625,149.46279907226562,459.6338806152344,267.3954162597656,475.8143615722656,310.0307312011719,499.229736328125,287.4557189941406,478.8153991699219,288.6622009277344,491.82366943359375,302.3216247558594,533.4501342773438,330.543701171875,590.7001342773438,364.62396240234375,611.511474609375,384.4322204589844,615.9522094726562,403.0115661621094,0
5673,214.39564514160156,148.69464111328125,493.251708984375,149.55076599121094,464.8880615234375,269.9611511230469,481.1553649902344,314.26812744140625,504.5741271972656,290.9091796875,483.2734680175781,293.232177734375,495.9651794433594,306.1536865234375,535.800048828125,332.2437438964844,589.2421875,363.40966796875,611.0689697265625,383.9717102050781,615.4344482421875,404.4756164550781,0
5674,214.25979614257812,148.58993530273438,493.2991638183594,149.53897094726562,478.66937255859375,271.009521484375,489.0852966308594,318.75555419921875,517.7493286132812,297.0793762207031,493.8793029785156,297.0466003417969,504.9806213378906,311.2377014160156,540.3298950195312,334.8953857421875,589.503662109375,361.1878662109375,610.9683227539062,381.53765869140625,619.551025390625,403.03790283203125,0
5675,214.2991180419922,148.68113708496094,493.122802734375,149.5294952392578,479.3216857910156,273.6504821777344,489.74359130859375,322.2189636230469,519.4009399414062,298.5523681640625,495.28070068359375,297.4781494140625,506.9366149902344,313.24560546875,540.84130859375,334.97943115234375,589.162353515625,360.0421142578125,612.5469970703125,381.29693603515625,622.8157348632812,402.29425048828125,0
5676,214.39794921875,148.63800048828125,493.2194519042969,149.50967407226562,476.56817626953125,275.82733154296875,491.5078430175781,323.1388854980469,518.6439819335938,298.26275634765625,494.8631896972656,299.1949462890625,507.9877014160156,313.7353820800781,541.8358764648438,334.83782958984375,587.8787231445312,359.25677490234375,612.0882568359375,380.5951843261719,625.1276245117188,402.03314208984375,0
5677,214.39773559570312,148.63783264160156,493.20977783203125,149.51358032226562,476.589599609375,275.82196044921875,491.47882080078125,323.1509094238281,518.623046875,298.2862243652344,494.80670166015625,299.1999206542969,507.951904296875,313.7383728027344,541.8633422851562,334.8681335449219,587.9876708984375,359.3034362792969,612.12744140625,380.63714599609375,625.1276245117188,402.0328369140625,0
5678,214.31463623046875,148.55859375,493.1659240722656,149.57972717285156,474.6946716308594,276.41949462890625,490.3336486816406,324.1213684082031,517.3859252929688,298.46173095703125,495.4405212402344,300.732421875,506.94927978515625,314.3903503417969,541.82568359375,334.8216247558594,588.498779296875,359.4061584472656,613.3878784179688,381.45281982421875,625.7828979492188,403.3914489746094,0
5679,214.3417510986328,148.5852508544922,493.158935546875,149.46981811523438,470.3628234863281,292.0439758300781,494.6629638671875,330.68408203125,514.6821899414062,302.6984558105469,494.0123291015625,308.8087158203125,509.6841125488281,319.5466613769531,542.5322875976562,336.7742614746094,585.4226684570312,359.661376953125,608.1232299804688,385.7270812988281,623.4295043945312,408.1959533691406,0
5680,214.4267120361328,148.56211853027344,493.1262512207031,149.55125427246094,468.4942626953125,299.6518859863281,497.0547180175781,337.8973693847656,515.946533203125,307.68597412109375,495.1370544433594,315.4382629394531,510.3036804199219,324.86279296875,544.9730224609375,338.9429016113281,586.8284912109375,360.4434814453125,608.9251708984375,388.6149597167969,618.6910400390625,414.5289001464844,0
5681,214.2064666748047,148.53421020507812,493.66650390625,149.63832092285156,471.51458740234375,319.72039794921875,504.70086669921875,352.32550048828125,516.2501220703125,318.2029113769531,499.1680908203125,329.84393310546875,515.5513305664062,337.18865966796875,551.4353637695312,342.7610778808594,588.640380859375,358.65087890625,616.172607421875,383.53045654296875,627.9428100585938,409.3250732421875,0
5682,214.11764526367188,148.4748077392578,493.63824462890625,149.60435485839844,475.1719665527344,323.0063781738281,508.2071838378906,356.99993896484375,521.0966796875,321.3999328613281,503.4339294433594,332.7411804199219,518.6804809570312,340.0149841308594,551.6175537109375,344.70196533203125,589.1482543945312,356.9056396484375,617.7437744140625,380.3437194824219,632.2198486328125,407.1368103027344,0
5683,214.19715881347656,148.3274383544922,493.5602722167969,149.68426513671875,477.501220703125,324.2355651855469,511.03033447265625,357.9499816894531,524.480712890625,321.53607177734375,506.77947998046875,335.1380310058594,521.4263916015625,340.8258972167969,554.3445434570312,345.9899597167969,591.8558349609375,356.336669921875,622.3021850585938,379.30682373046875,636.8231201171875,405.90142822265625,0
5684,214.24749755859375,148.34828186035156,493.4920349121094,149.72265625,483.5762023925781,327.2304992675781,516.7216186523438,358.9293518066406,528.7744750976562,323.38037109375,512.78173828125,337.2967224121094,526.513427734375,343.5155944824219,558.6019287109375,347.004638671875,593.5872192382812,355.3493957519531,627.8265991210938,380.8939208984375,644.7469482421875,411.7430114746094,0
5685,214.24777221679688,148.3334503173828,493.5019836425781,149.7383575439453,483.5513610839844,327.23651123046875,516.7288818359375,358.938720703125,528.7855834960938,323.40570068359375,512.7940063476562,337.30615234375,526.5529174804688,343.5472412109375,558.6233520507812,347.0147399902344,593.5940551757812,355.37567138671875,627.836669921875,380.931884765625,644.7210083007812,411.7808837890625,0
5686,214.3079833984375,148.45382690429688,493.5375061035156,149.82489013671875,484.9310607910156,325.8935852050781,517.5254516601562,358.55926513671875,530.3067626953125,323.2699279785156,510.7545471191406,336.66400146484375,526.8261108398438,343.6114807128906,560.100830078125,347.5671081542969,594.7616577148438,356.7098388671875,628.0132446289062,382.2855224609375,644.4478149414062,412.5696105957031,0
5687,214.3463897705078,148.47329711914062,493.5380859375,149.8241424560547,484.9658508300781,325.94171142578125,517.5611572265625,358.60003662109375,530.1701049804688,323.3122253417969,510.7279052734375,336.66748046875,526.7459106445312,343.5856018066406,559.9608154296875,347.4533996582031,594.8107299804688,356.7138977050781,628.0503540039062,382.3045349121094,644.4146728515625,412.5924377441406,0
5688,214.35951232910156,148.4735870361328,493.5102844238281,149.69541931152344,487.5654296875,322.7489929199219,518.7057495117188,358.8896179199219,533.2484741210938,324.168701171875,514.6039428710938,335.50775146484375,529.5497436523438,343.55474853515625,562.7388305664062,347.83648681640625,594.8661499023438,355.6372375488281,628.6528930664062,382.1561279296875,643.104248046875,412.3332214355469,0
5689,214.37623596191406,148.58554077148438,493.4644470214844,149.65805053710938,491.6329650878906,320.8764953613281,522.9692993164062,359.33721923828125,538.3441162109375,323.867919921875,520.23095703125,334.3511962890625,534.5891723632812,344.4253234863281,565.3067016601562,348.4414978027344,593.3887939453125,355.4143371582031,629.4576416015625,383.1949157714844,650.5762939453125,409.96978759765625,0
5690,214.27748107910156,148.61019897460938,493.45953369140625,149.57435607910156,496.5775451660156,321.8946228027344,524.7741088867188,359.51153564453125,540.3908081054688,324.052490234375,522.703857421875,335.4378356933594,536.5780029296875,345.1470031738281,565.3626098632812,349.099853515625,593.341552734375,355.33758544921875,629.0596923828125,383.141845703125,649.8184814453125,410.5840759277344,0
5691,214.2276153564453,148.75050354003906,493.54705810546875,149.57919311523438,497.7559509277344,323.5075378417969,526.4749755859375,360.62933349609375,542.3572387695312,325.66033935546875,522.5994873046875,337.3187561035156,537.2882080078125,345.37884521484375,565.6132202148438,349.3786926269531,592.581787109375,354.8730163574219,628.7489013671875,382.2033386230469,650.3875122070312,406.5188293457031,0
5692,214.2288055419922,148.74176025390625,493.5924987792969,149.51449584960938,497.75372314453125,323.50616455078125,526.486083984375,360.6296691894531,542.3522338867188,325.6515808105469,522.5833740234375,337.3263854980469,537.3012084960938,345.38055419921875,565.6041259765625,349.4620056152344,592.5797729492188,354.872314453125,628.75048828125,382.1971740722656,650.3576049804688,406.4876708984375,0
5693,214.3858184814453,148.71145629882812,493.5174560546875,149.54486083984375,500.4197998046875,317.90740966796875,524.6796264648438,360.29473876953125,543.8359985351562,328.17877197265625,524.7122192382812,336.1365661621094,537.736328125,346.1322326660156,565.331298828125,351.19854736328125,591.1099243164062,354.0235595703125,627.8131713867188,381.1211242675781,650.4503173828125,406.717529296875,0
5694,214.4182586669922,148.52471923828125,493.5350341796875,149.41693115234375,502.7643127441406,313.9103698730469,522.994384765625,359.4313049316406,546.2946166992188,328.9862365722656,524.9563598632812,334.65771484375,537.3773803710938,346.309326171875,564.3155517578125,353.3050842285156,590.353759765625,354.3776550292969,626.6984252929688,380.61358642578125,648.7617797851562,406.5774841308594,0
5695,214.54820251464844,148.6363525390625,493.5008239746094,149.5524139404297,500.3338623046875,314.6128234863281,522.9437255859375,358.6316223144531,545.119384765625,327.7706604003906,524.5108032226562,334.32177734375,536.9750366210938,345.7587890625,563.009521484375,353.21063232421875,589.8211059570312,355.2050476074219,625.3851928710938,381.39251708984375,647.2117309570312,409.3638000488281,0
5696,214.55735778808594,148.65794372558594,493.5530090332031,149.52996826171875,500.3528137207031,314.6137390136719,522.877685546875,358.7348937988281,545.0628051757812,327.861328125,524.3888549804688,334.4117431640625,536.8883666992188,345.8656311035156,563.0170288085938,353.2026672363281,589.768798828125,355.1676330566406,625.4359130859375,381.4642639160156,647.180908203125,409.3711242675781,0
5697,214.48214721679688,148.68136596679688,493.5754089355469,149.4812774658203,498.7545471191406,317.5676574707031,524.51318359375,359.71051025390625,544.0535278320312,327.489013671875,524.5471801757812,335.7377624511719,538.297607421875,345.8266906738281,563.9259033203125,352.2947692871094,589.7728881835938,355.17138671875,626.0753173828125,382.4250793457031,647.4403686523438,409.03265380859375,0
5698,214.4156951904297,148.62191772460938,493.6024475097656,149.4047393798828,500.0867004394531,319.52606201171875,525.52490234375,360.519287109375,544.0478515625,327.005859375,523.7097778320312,336.404296875,538.5091552734375,346.0461730957031,563.8485717773438,351.9663391113281,589.7401733398438,354.95745849609375,625.7838745117188,381.95892333984375,647.4290771484375,407.6240234375,0
5699,214.46827697753906,148.60116577148438,493.64666748046875,149.38565063476562,497.44525146484375,319.5894775390625,524.8899536132812,360.3864440917969,542.8427124023438,326.7648010253906,523.5789794921875,336.1676330566406,537.8465576171875,345.72442626953125,564.112060546875,351.24664306640625,589.3518676757812,354.62457275390625,624.5216064453125,381.8786926269531,647.4122924804688,408.87835693359375,0
5700,214.50604248046875,148.5555419921875,493.5782775878906,149.45619201660156,496.67327880859375,318.83551025390625,523.3594360351562,360.0909118652344,542.6385498046875,325.8209228515625,522.6581420898438,335.7071533203125,536.5068359375,346.35498046875,563.080810546875,351.4753723144531,589.606201171875,355.0432434082031,624.7429809570312,382.27191162109375,647.4351196289062,409.8674011230469,0
5701,214.48696899414062,148.5658416748047,493.51116943359375,149.4842987060547,496.69097900390625,318.75762939453125,523.3890991210938,360.10943603515625,542.6979370117188,325.9613952636719,522.6563720703125,335.7548828125,536.47802734375,346.40130615234375,563.0760498046875,351.53387451171875,589.6357421875,355.0802917480469,624.7449951171875,382.3468017578125,647.3969116210938,409.7863464355469,0
5702,214.3870849609375,148.6102294921875,493.51275634765625,149.43516540527344,496.50537109375,318.4223937988281,522.7054443359375,359.96844482421875,542.328369140625,325.9227600097656,522.436767578125,335.5984802246094,536.112548828125,346.40972900390625,563.237060546875,351.2756652832031,589.5501708984375,354.7003173828125,624.1017456054688,381.4336853027344,646.6116943359375,409.09759521484375,0
5703,214.54095458984375,148.6809539794922,493.54656982421875,149.33566284179688,495.7130432128906,317.54931640625,521.7230224609375,359.5645751953125,541.4461059570312,325.632080078125,521.3729858398438,334.9227600097656,535.1892700195312,346.0350341796875,562.30419921875,351.3982238769531,589.582275390625,355.01324462890625,624.0828857421875,381.60235595703125,646.5261840820312,409.2646789550781,0
5704,214.54803466796875,148.64891052246094,493.45672607421875,149.3511962890625,495.19561767578125,312.56842041015625,519.6012573242188,356.20074462890625,541.045654296875,324.0101013183594,519.6432495117188,331.4925231933594,533.7575073242188,344.3175964355469,562.2803344726562,350.8421325683594,589.4213256835938,354.72650146484375,623.98046875,381.4747619628906,646.4562377929688,409.3205871582031,0
5705,214.55386352539062,148.65248107910156,493.4469909667969,149.3972930908203,495.1958312988281,312.58575439453125,519.6278076171875,356.2016296386719,541.0844116210938,324.0504150390625,519.67236328125,331.53729248046875,533.8161010742188,344.3946533203125,562.3367309570312,350.9018859863281,589.4238891601562,354.7264099121094,624.0126953125,381.5162048339844,646.4922485351562,409.3554992675781,0
5706,214.4332733154297,148.5956268310547,493.4634094238281,149.3645477294922,495.56756591796875,311.1954650878906,519.5325317382812,355.87432861328125,541.451904296875,323.28643798828125,519.976806640625,330.4543151855469,534.0249633789062,343.4264831542969,561.7583618164062,351.3334045410156,589.2847290039062,354.6918640136719,623.8634643554688,381.58612060546875,646.4718627929688,410.0804138183594,0
5707,214.4125213623047,148.5327606201172,493.5947570800781,149.36170959472656,496.44769287109375,311.933837890625,520.2402954101562,355.39971923828125,541.8182373046875,322.87408447265625,520.7123413085938,330.091552734375,534.7562866210938,342.9642333984375,562.23828125,351.0711669921875,589.2390747070312,354.53302001953125,623.8352661132812,381.67138671875,646.4617919921875,410.0105895996094,0
5708,214.40176391601562,148.6905975341797,493.618896484375,149.32156372070312,497.1041564941406,313.4706115722656,520.6082153320312,355.8807373046875,542.08349609375,323.1728210449219,521.1923828125,330.8778076171875,535.0322875976562,343.4666442871094,561.9559326171875,351.30718994140625,589.3795776367188,354.5741882324219,623.8648071289062,381.52557373046875,646.4196166992188,409.09124755859375,0
5709,214.47415161132812,148.734130859375,493.58526611328125,149.4559783935547,497.3777770996094,313.5990905761719,520.6844482421875,355.9012145996094,542.1820068359375,323.5599670410156,521.4197387695312,331.4957275390625,535.197509765625,343.7007141113281,561.8964233398438,351.1150207519531,589.3189697265625,354.71441650390625,624.04736328125,381.3006286621094,646.4449462890625,408.6214599609375,0
5710,214.27951049804688,148.58302307128906,493.5162353515625,149.49354553222656,497.01629638671875,313.9036865234375,520.2859497070312,355.58343505859375,541.788818359375,322.850830078125,520.9275512695312,330.5664367675781,534.6744995117188,343.01824951171875,561.6923217773438,350.9068603515625,589.196533203125,354.7935485839844,624.092529296875,381.7584533691406,646.690673828125,409.0276794433594,0
5711,214.19866943359375,148.62525939941406,493.5609130859375,149.3680877685547,495.475830078125,312.02740478515625,519.9432983398438,354.65240478515625,541.390380859375,322.3460693359375,520.19482421875,329.5480041503906,534.22607421875,341.9688415527344,561.4607543945312,350.48455810546875,588.958984375,354.59564208984375,623.9778442382812,381.2611389160156,646.3040771484375,408.7339172363281,0
5712,214.19508361816406,148.62454223632812,493.5499267578125,149.36590576171875,495.47113037109375,312.0144958496094,519.904296875,354.6960754394531,541.412353515625,322.33648681640625,520.209716796875,329.53021240234375,534.2399291992188,341.95050048828125,561.4699096679688,350.4693908691406,588.9353637695312,354.60430908203125,623.97509765625,381.2512512207031,646.30419921875,408.7326354980469,0
5713,214.23573303222656,148.77438354492188,493.50238037109375,149.32107543945312,495.5140075683594,313.0733337402344,519.7465209960938,354.7968444824219,541.0545043945312,322.3351135253906,520.1780395507812,329.7909240722656,533.9207763671875,341.9373779296875,561.1639404296875,350.6073303222656,588.8735961914062,354.73895263671875,623.7962646484375,381.093017578125,646.3931884765625,408.80035400390625,0
5714,214.33724975585938,148.760498046875,493.5693664550781,149.29360961914062,495.7486877441406,312.8026123046875,519.8765258789062,354.82598876953125,541.2852783203125,322.42755126953125,520.4658813476562,329.9189147949219,533.961181640625,342.25872802734375,561.2783813476562,350.82391357421875,588.9893798828125,354.7292175292969,623.8079833984375,381.4084777832031,646.4642333984375,409.01361083984375,0
5715,214.32322692871094,148.81320190429688,493.50604248046875,149.34751892089844,496.58599853515625,313.4499816894531,519.6915893554688,355.0238952636719,541.0957641601562,322.4373779296875,520.6531372070312,330.0385437011719,533.932861328125,342.25006103515625,561.0045166015625,350.8052062988281,588.9814453125,354.6570129394531,623.8319702148438,381.26519775390625,646.2553100585938,408.6542053222656,0
5716,214.14390563964844,148.99224853515625,493.50579833984375,149.38426208496094,495.6961669921875,312.9152526855469,519.7042846679688,354.984619140625,541.2391967773438,322.5765380859375,520.5646362304688,330.2530517578125,534.029296875,342.2803039550781,561.1472778320312,350.6896667480469,589.04541015625,354.7424621582031,623.917236328125,381.0315856933594,646.1263427734375,407.8912353515625,0
5717,214.14796447753906,148.99143981933594,493.4920349121094,149.39112854003906,495.6880187988281,312.9248962402344,519.70068359375,354.9674377441406,541.2019653320312,322.5965881347656,520.5336303710938,330.250244140625,534.0208129882812,342.2955627441406,561.1640625,350.61688232421875,589.1240234375,354.77496337890625,623.9126586914062,381.03668212890625,646.1327514648438,407.88067626953125,0
5718,214.14544677734375,148.75584411621094,493.3974304199219,149.48980712890625,495.18505859375,312.969482421875,520.1050415039062,355.33624267578125,541.3065185546875,322.360107421875,520.696044921875,330.5209045410156,534.2973022460938,342.3509521484375,561.0863647460938,350.5693664550781,589.1682739257812,354.66461181640625,623.912841796875,381.1015930175781,646.2199096679688,407.9810485839844,0
5719,214.10415649414062,148.6933135986328,493.3976135253906,149.5366668701172,495.8506774902344,313.88824462890625,520.2990112304688,355.6325378417969,541.1412353515625,322.45074462890625,521.1893310546875,331.27587890625,534.3787231445312,342.81500244140625,561.1498413085938,350.7695007324219,589.1712646484375,354.64031982421875,624.1768798828125,381.3834533691406,646.861083984375,408.4646911621094,0
5720,214.1904754638672,148.76861572265625,493.4903869628906,149.40911865234375,497.44525146484375,315.7430419921875,520.4238891601562,356.2078857421875,540.8981323242188,323.2718505859375,521.54248046875,332.5836181640625,534.2833251953125,343.8039855957031,561.0579833984375,350.9452819824219,589.0386352539062,354.65167236328125,623.8947143554688,381.3973083496094,646.426513671875,408.8316650390625,0
5721,214.0832977294922,148.70025634765625,493.50634765625,149.3760528564453,496.6702575683594,323.6496887207031,524.8077392578125,360.2496643066406,541.675537109375,325.72314453125,521.5059814453125,337.4556579589844,536.2274780273438,345.94476318359375,563.0972900390625,350.4266662597656,589.3908081054688,354.3237609863281,624.4379272460938,379.13922119140625,646.630859375,403.93896484375,0
5722,214.10935974121094,148.71055603027344,493.464599609375,149.47120666503906,496.67022705078125,323.64862060546875,524.811279296875,360.24554443359375,541.6732177734375,325.71685791015625,521.5057983398438,337.45111083984375,536.2359619140625,345.9379577636719,563.1053466796875,350.43206787109375,589.39697265625,354.3270263671875,624.439697265625,379.1434020996094,646.6284790039062,403.93853759765625,0
5723,214.43792724609375,148.6302947998047,493.59161376953125,149.5333709716797,494.8493347167969,330.04058837890625,526.1915893554688,363.8756103515625,539.7592163085938,326.1167907714844,520.2052001953125,340.6736145019531,537.4825439453125,345.880615234375,563.2214965820312,350.40057373046875,590.29443359375,354.65264892578125,625.7985229492188,380.0774841308594,647.6810302734375,404.2108154296875,0
5724,214.23031616210938,148.68902587890625,493.627197265625,149.5608673095703,492.02581787109375,338.8909912109375,526.396240234375,369.1070251464844,538.612548828125,331.1363525390625,520.6651000976562,344.74151611328125,536.8306274414062,351.49700927734375,563.8125610351562,351.8923034667969,589.7647094726562,353.29339599609375,626.1998901367188,378.65142822265625,648.6793823242188,403.8818359375,0
5725,214.30813598632812,148.7460479736328,493.6017150878906,149.5364532470703,490.00384521484375,342.9273376464844,526.9080200195312,370.85137939453125,536.5469970703125,333.88623046875,519.0946655273438,347.083984375,535.4063720703125,352.354248046875,563.1952514648438,351.69671630859375,589.457763671875,353.3083190917969,625.6658935546875,378.90606689453125,648.3742065429688,404.5456848144531,0
5726,214.1775360107422,148.78916931152344,493.5798645019531,149.5584716796875,488.75933837890625,345.6404113769531,526.9667358398438,371.7412414550781,534.7492065429688,332.858154296875,518.2935180664062,349.10797119140625,533.336181640625,352.3670349121094,562.8738403320312,351.38043212890625,589.3180541992188,353.2103576660156,625.8734741210938,379.33074951171875,648.0819091796875,405.1837158203125,0
5727,214.18377685546875,148.7859344482422,493.5777587890625,149.55490112304688,488.7630920410156,345.6359558105469,526.9561157226562,371.72064208984375,534.7600708007812,332.8482971191406,518.3104858398438,349.0875549316406,533.3612060546875,352.3457336425781,562.8414306640625,351.3951721191406,589.317626953125,353.21142578125,625.8720092773438,379.33355712890625,648.0818481445312,405.18292236328125,0
5728,214.24765014648438,148.73146057128906,493.4097900390625,149.54139709472656,487.86944580078125,344.1215515136719,525.55615234375,372.44952392578125,536.0445556640625,336.2996826171875,517.826416015625,349.1568603515625,532.3300170898438,352.664794921875,562.9370727539062,351.6470031738281,590.1278686523438,352.812744140625,626.8585205078125,379.8363342285156,648.9448852539062,406.03253173828125,0
5729,214.36651611328125,148.83609008789062,493.48443603515625,149.5653533935547,482.9345397949219,335.4551696777344,520.0776977539062,368.4340515136719,532.1815185546875,330.8195495605469,513.950927734375,345.9515686035156,530.067626953125,351.6842041015625,562.5663452148438,350.65655517578125,590.4491577148438,353.07330322265625,628.1563110351562,381.2603454589844,650.1904296875,408.29302978515625,0
5730,214.31121826171875,148.88156127929688,493.40594482421875,149.57150268554688,483.63946533203125,333.40771484375,520.5498046875,366.83831787109375,532.441162109375,330.291748046875,513.4673461914062,346.0700988769531,530.513671875,350.5559387207031,561.6530151367188,349.51177978515625,590.960205078125,352.846435546875,627.9888305664062,380.2785339355469,649.5756225585938,406.2438049316406,0
5731,214.29608154296875,148.7599334716797,493.4579772949219,149.4988250732422,486.9487609863281,334.771240234375,523.9611206054688,366.3947448730469,534.8660888671875,329.76611328125,516.669677734375,345.7213134765625,533.3284301757812,349.4814758300781,562.7655029296875,349.5365905761719,590.6131591796875,353.63104248046875,626.9578247070312,380.8365478515625,648.9100952148438,406.4053649902344,0
5732,214.2765655517578,148.75347900390625,493.4569091796875,149.4971466064453,486.9605407714844,334.7488098144531,523.9561157226562,366.3709411621094,534.862548828125,329.68914794921875,516.6754760742188,345.7072448730469,533.3352661132812,349.45245361328125,562.7503051757812,349.5087585449219,590.6129760742188,353.63177490234375,627.0134887695312,380.8706359863281,648.88916015625,406.49273681640625,0
5733,214.38739013671875,148.70077514648438,493.4034729003906,149.4912872314453,487.72235107421875,337.38958740234375,522.3282470703125,367.47393798828125,534.2323608398438,330.4520263671875,516.8095092773438,346.52630615234375,533.1396484375,350.0823974609375,562.8434448242188,349.3719177246094,590.442138671875,352.9703369140625,627.0610961914062,380.4989929199219,649.1981201171875,406.6958923339844,0
5734,214.31069946289062,148.5095977783203,493.4233093261719,149.57315063476562,483.3453674316406,330.9387512207031,520.2722778320312,365.4481506347656,532.4812622070312,330.5404968261719,512.735595703125,344.98345947265625,530.3660278320312,350.35784912109375,561.9248657226562,349.56146240234375,591.3921508789062,353.6099853515625,627.895263671875,381.1768493652344,649.50732421875,407.01324462890625,0
5735,214.23666381835938,148.5029754638672,493.46307373046875,149.61648559570312,486.56658935546875,327.000732421875,518.325439453125,363.4596862792969,531.8096313476562,330.5658874511719,511.8743591308594,341.9682922363281,528.835205078125,349.17919921875,562.1183471679688,350.6551818847656,594.5211181640625,355.1470947265625,632.8875732421875,382.9676208496094,652.7217407226562,410.4526672363281,0
5736,214.22976684570312,148.5590057373047,493.6753234863281,149.4533233642578,491.7225036621094,318.57373046875,517.1753540039062,358.3423156738281,535.55517578125,329.6341857910156,514.5390014648438,337.27655029296875,530.26806640625,347.97149658203125,564.9451293945312,353.30047607421875,597.827880859375,357.63238525390625,632.5137329101562,384.66461181640625,652.6732788085938,413.6527099609375,0
5737,214.2338409423828,148.5752410888672,493.6121826171875,149.5328826904297,491.71563720703125,318.54864501953125,517.2228393554688,358.508544921875,535.5518188476562,329.7132568359375,514.576904296875,337.3858337402344,530.3269653320312,348.0997619628906,564.9805908203125,353.2998962402344,597.8241577148438,357.63177490234375,632.5083618164062,384.65887451171875,652.6825561523438,413.6534423828125,0
5738,214.2352752685547,148.54119873046875,493.57147216796875,149.44924926757812,494.4332275390625,316.1170654296875,515.8763427734375,358.18133544921875,535.3811645507812,330.1898193359375,514.89013671875,336.8537902832031,529.7490234375,348.58819580078125,564.438232421875,356.1239013671875,598.3338012695312,358.4186096191406,632.4611206054688,385.7175598144531,651.9777221679688,415.8316650390625,0
5739,214.19935607910156,148.5904083251953,493.5509033203125,149.32290649414062,501.9311218261719,313.2483215332031,513.637451171875,356.09613037109375,535.754150390625,332.1181945800781,515.6630859375,335.4335632324219,528.3305053710938,348.8740234375,563.3228149414062,359.99444580078125,599.7305908203125,360.9750061035156,633.7188110351562,388.261962890625,650.3400268554688,419.5140075683594,0
5740,214.25222778320312,148.7060089111328,493.5722961425781,149.29879760742188,502.77142333984375,312.9075927734375,513.570556640625,354.71343994140625,535.2241821289062,331.7402648925781,515.2545166015625,334.58233642578125,527.8074951171875,347.4761047363281,563.1173706054688,359.58221435546875,599.6747436523438,361.3624267578125,633.75,388.8576965332031,650.2141723632812,420.18017578125,0
5741,214.1906280517578,148.62173461914062,493.56158447265625,149.31700134277344,499.9528503417969,310.34234619140625,512.0914306640625,353.0820007324219,533.8387451171875,329.8291015625,513.8400268554688,332.2969665527344,527.041015625,346.04949951171875,562.2892456054688,357.6848449707031,600.6749267578125,361.8316345214844,634.2459716796875,389.9500732421875,650.3926391601562,421.51544189453125,0
5742,214.1225128173828,148.65818786621094,493.54510498046875,149.27610778808594,499.94537353515625,310.35162353515625,512.1353149414062,353.0875549316406,533.7605590820312,329.7647399902344,513.8314819335938,332.284912109375,527.0391845703125,346.0190124511719,562.2572021484375,357.49005126953125,600.7161254882812,361.78631591796875,634.2562255859375,389.9662780761719,650.3740844726562,421.5438537597656,0
5743,214.2548065185547,148.49655151367188,493.623291015625,149.2330322265625,498.673583984375,309.776611328125,512.3328857421875,352.1639709472656,534.7064208984375,328.10711669921875,513.9695434570312,331.3432312011719,527.62646484375,344.4884948730469,562.5216674804688,356.5874938964844,600.6809692382812,362.2301940917969,634.2298583984375,390.3327331542969,650.8853759765625,422.3901672363281,0
5744,214.15325927734375,148.44590759277344,493.6747131347656,149.26551818847656,494.48077392578125,308.6564025878906,513.3178100585938,350.05950927734375,535.2991943359375,324.9394836425781,512.8502197265625,329.516357421875,527.5180053710938,341.0789794921875,562.6066284179688,354.7335510253906,600.3831176757812,363.2031555175781,633.2800903320312,391.8642883300781,650.2258911132812,424.76300048828125,0
5745,214.306396484375,148.55224609375,493.522216796875,149.32073974609375,494.71429443359375,310.31732177734375,512.6539916992188,349.5523681640625,535.3378295898438,324.736572265625,513.8410034179688,329.0005798339844,527.4373779296875,340.79937744140625,562.1343383789062,354.5283508300781,599.6804809570312,363.33575439453125,632.8052978515625,392.3731384277344,650.5252685546875,425.116455078125,0
5746,214.32081604003906,148.5261688232422,493.43890380859375,149.37672424316406,494.6688537597656,312.0099182128906,513.31494140625,350.9994201660156,535.528564453125,325.1475830078125,514.103759765625,330.1190490722656,528.1533203125,341.5970458984375,562.6846313476562,354.60101318359375,599.5291137695312,362.8522033691406,632.69677734375,391.8598327636719,650.2062377929688,424.842529296875,0
5747,214.29202270507812,148.6212921142578,493.3973388671875,149.35174560546875,491.1648254394531,315.012451171875,515.4444580078125,354.2713317871094,534.882568359375,325.0361633300781,514.0086059570312,332.3110656738281,528.9073486328125,342.2696533203125,563.92578125,353.6858215332031,599.1763916015625,362.67572021484375,632.350830078125,392.139892578125,649.7216796875,424.5130310058594,0
5748,214.31251525878906,148.6767578125,493.42510986328125,149.35867309570312,489.072265625,325.55859375,520.5368041992188,358.06915283203125,533.3161010742188,325.31280517578125,515.3917236328125,335.2536315917969,531.1273193359375,343.3184509277344,564.0342407226562,351.9029235839844,598.6884765625,359.80609130859375,632.5346069335938,390.9539794921875,649.80615234375,423.9869384765625,0
5749,214.26902770996094,148.4903106689453,493.3857421875,149.42529296875,488.46722412109375,329.20233154296875,522.6070556640625,360.2768859863281,532.4237060546875,326.2774658203125,514.500244140625,339.4714660644531,530.6796875,344.5107116699219,564.509765625,350.07891845703125,597.6118774414062,358.05517578125,632.9444580078125,388.87017822265625,650.3193969726562,423.10797119140625,0
5750,214.3544921875,148.38851928710938,493.47216796875,149.46498107910156,488.3591003417969,339.1184997558594,526.7442626953125,364.9463195800781,530.5194702148438,330.84686279296875,515.408203125,345.484375,533.005859375,347.8406066894531,565.33935546875,349.3319396972656,597.4108276367188,356.7322082519531,632.729248046875,385.7496032714844,650.204345703125,419.5072937011719,0
5751,214.3524932861328,148.38941955566406,493.4794006347656,149.45494079589844,488.35845947265625,339.1191101074219,526.7442016601562,364.9446716308594,530.5188598632812,330.8468017578125,515.4078369140625,345.4836120605469,533.0057373046875,347.8399658203125,565.3400268554688,349.3327331542969,597.4105224609375,356.7313232421875,632.7069091796875,385.7138977050781,650.1934814453125,419.4571228027344,0
5752,214.32994079589844,148.44805908203125,493.4996032714844,149.40428161621094,486.54638671875,339.7807922363281,526.0485229492188,366.6841735839844,530.1209106445312,332.7052917480469,516.2392578125,345.546630859375,532.285400390625,349.86492919921875,565.160888671875,349.3035583496094,596.691650390625,355.0624694824219,632.1887817382812,382.81390380859375,651.2018432617188,415.4930419921875,0
5753,214.34132385253906,148.46128845214844,493.3487854003906,149.33572387695312,487.3957824707031,340.47381591796875,524.37353515625,369.22100830078125,529.376953125,334.5463562011719,514.8715209960938,347.3485107421875,531.024658203125,351.8243408203125,564.6358032226562,350.49285888671875,596.541259765625,354.0587158203125,632.883544921875,382.5823974609375,651.06005859375,415.60009765625,0
5754,214.2793731689453,148.41944885253906,493.3169250488281,149.38169860839844,486.74053955078125,342.8106384277344,524.0009155273438,370.26129150390625,529.2551879882812,334.4808044433594,514.7391967773438,348.22821044921875,530.9371337890625,352.45123291015625,564.3234252929688,350.7900695800781,595.7684936523438,354.3319396972656,630.9871215820312,381.6081237792969,649.0066528320312,412.7298583984375,0
5755,214.3648223876953,148.53968811035156,493.3576354980469,149.2871856689453,486.76556396484375,337.4921569824219,522.9190673828125,369.7978210449219,530.3721313476562,334.58294677734375,514.5430908203125,347.1349792480469,531.205810546875,352.5961608886719,565.6798095703125,351.0728454589844,595.8374633789062,354.1202087402344,632.055908203125,380.88580322265625,648.7877197265625,411.85614013671875,0
5756,214.2538299560547,148.50112915039062,493.35760498046875,149.21127319335938,487.5530700683594,336.621826171875,523.0409545898438,369.9199523925781,530.9903564453125,334.41815185546875,515.0881958007812,346.6900939941406,531.6660766601562,352.53350830078125,565.642578125,351.3772888183594,595.9189453125,354.5301208496094,632.0123901367188,381.91217041015625,650.3636474609375,415.07861328125,0
5757,214.4045867919922,148.67633056640625,493.44622802734375,149.314697265625,487.5369873046875,335.5662841796875,523.7703247070312,369.3824157714844,532.0088500976562,334.2240905761719,516.0987548828125,345.97552490234375,532.5821533203125,352.5135192871094,566.2686157226562,351.3668212890625,596.03759765625,354.666259765625,631.8677978515625,382.56292724609375,648.721435546875,417.90557861328125,0
5758,214.2424774169922,148.60093688964844,493.47186279296875,149.3482666015625,487.4821472167969,334.6746520996094,523.913330078125,369.1141052246094,533.3908081054688,333.5620422363281,516.5422973632812,345.3015441894531,533.138671875,352.1261901855469,566.4091796875,351.3930358886719,595.9517211914062,355.0177001953125,631.988037109375,383.2765197753906,648.7562255859375,418.50244140625,0
5759,214.34744262695312,148.7244110107422,493.48663330078125,149.37966918945312,488.43206787109375,331.4503173828125,525.1557006835938,366.5923767089844,534.6854858398438,332.93145751953125,516.844970703125,345.57440185546875,534.2123413085938,350.9051513671875,567.1384887695312,351.1805725097656,595.9073486328125,355.06622314453125,632.4053955078125,383.57818603515625,649.314697265625,418.5670166015625,0
5760,214.35191345214844,148.7161102294922,493.5075378417969,149.36935424804688,488.4324035644531,331.4505310058594,525.1564331054688,366.59210205078125,534.6849975585938,332.931640625,516.8449096679688,345.5741882324219,534.2125854492188,350.9051208496094,567.1382446289062,351.1802673339844,595.9056396484375,355.0656433105469,632.3768920898438,383.5469665527344,649.2715454101562,418.53424072265625,0
5761,214.25743103027344,148.595703125,493.40179443359375,149.303466796875,488.44683837890625,331.092041015625,525.1199340820312,365.9052734375,534.7493896484375,332.3501281738281,516.7327270507812,345.03076171875,533.99560546875,350.1731262207031,565.3241577148438,350.5739440917969,595.8589477539062,355.0643005371094,631.434326171875,382.8172302246094,648.8861694335938,417.2145690917969,0
5762,214.26828002929688,148.64718627929688,493.44549560546875,149.24903869628906,487.87188720703125,330.6929626464844,524.3179321289062,365.2139587402344,533.2075805664062,331.4635009765625,515.9108276367188,344.4617614746094,532.9354858398438,349.41265869140625,564.7544555664062,350.09844970703125,595.5787353515625,355.11322021484375,631.5484619140625,382.68414306640625,649.82763671875,417.7954406738281,0
5763,214.25877380371094,148.686767578125,493.38348388671875,149.3813934326172,487.1222229003906,331.35247802734375,524.5450439453125,365.3963928222656,533.1123046875,331.53179931640625,515.7257690429688,344.5763244628906,532.9951782226562,349.6098327636719,564.6405639648438,350.0291442871094,595.5768432617188,355.2154846191406,631.3014526367188,383.11041259765625,648.2371215820312,417.5604248046875,0
5764,214.34439086914062,148.678466796875,493.4139709472656,149.42391967773438,486.84832763671875,332.0232849121094,524.500244140625,365.9212646484375,532.8898315429688,331.5267333984375,515.6516723632812,344.8447570800781,532.9368286132812,349.72235107421875,564.5990600585938,350.1351013183594,595.5228881835938,355.28717041015625,631.225830078125,383.155517578125,648.390625,417.8977966308594,0
5765,214.34112548828125,148.67652893066406,493.40521240234375,149.42263793945312,486.85101318359375,332.02154541015625,524.5181274414062,365.91864013671875,532.9098510742188,331.51116943359375,515.6605834960938,344.8433837890625,532.957275390625,349.7173156738281,564.561767578125,350.14007568359375,595.511962890625,355.27459716796875,631.2268676757812,383.1584167480469,648.3893432617188,417.9067687988281,0
5766,214.33946228027344,148.54989624023438,493.32916259765625,149.46182250976562,487.2552185058594,332.7366638183594,524.4634399414062,365.8516540527344,532.7594604492188,331.536865234375,515.69775390625,344.891357421875,532.8560791015625,349.66217041015625,564.4470825195312,350.04937744140625,595.956298828125,355.1873779296875,631.2330932617188,382.7149658203125,650.1242065429688,415.82269287109375,0
5767,214.22207641601562,148.63401794433594,493.3509826660156,149.47996520996094,487.3176574707031,332.956787109375,524.8995361328125,365.6521301269531,532.7852172851562,331.12554931640625,515.57421875,344.8388977050781,533.1475830078125,349.3762512207031,564.6453247070312,349.8373718261719,595.687255859375,355.5087890625,632.71484375,383.37054443359375,649.8893432617188,415.7551574707031,0
5768,214.25228881835938,148.6554718017578,493.40289306640625,149.48704528808594,487.375,332.9248352050781,524.6611938476562,365.1721496582031,532.2196044921875,330.63092041015625,515.565185546875,344.44091796875,532.9447631835938,348.7011413574219,564.731201171875,349.9091491699219,595.7318115234375,355.5846862792969,632.2760009765625,382.9927673339844,649.9530029296875,415.3161926269531,0
5769,214.34918212890625,148.59642028808594,493.4745788574219,149.38038635253906,487.1826477050781,332.79443359375,524.830810546875,365.0341491699219,532.4804077148438,330.63018798828125,515.5883178710938,344.44549560546875,533.1201782226562,348.6971130371094,564.8033447265625,349.7600402832031,595.7465209960938,355.5220947265625,632.88916015625,383.499755859375,648.1699829101562,416.92901611328125,0
5770,214.41941833496094,148.5852813720703,493.4559631347656,149.44021606445312,487.99798583984375,331.8709716796875,524.8388061523438,364.9173278808594,532.7671508789062,330.4288635253906,515.9064331054688,344.2652587890625,533.3279418945312,348.43585205078125,564.8221435546875,349.64923095703125,595.756103515625,355.6124267578125,632.815673828125,383.4266662597656,649.8594970703125,415.9180908203125,0
5771,214.46066284179688,148.44810485839844,493.4951477050781,149.47161865234375,487.5119323730469,332.43695068359375,524.898193359375,364.6875,532.9154663085938,329.9525451660156,515.8952026367188,344.09893798828125,533.4750366210938,348.0700378417969,564.8814697265625,349.46502685546875,595.755126953125,355.7178649902344,632.7523193359375,383.83917236328125,648.3392333984375,417.0233154296875,0
5772,214.43411254882812,148.45663452148438,493.47259521484375,149.39422607421875,487.51007080078125,332.434814453125,524.8949584960938,364.6852722167969,532.9061279296875,329.94097900390625,515.877197265625,344.08453369140625,533.4656982421875,348.0550537109375,564.8741455078125,349.4659423828125,595.7940063476562,355.6878967285156,632.75927734375,383.8564758300781,648.3446655273438,417.0509948730469,0
5773,214.38116455078125,148.5491943359375,493.3870849609375,149.4296875,487.4066467285156,332.3307800292969,524.311279296875,364.9780578613281,532.3908081054688,330.3063049316406,515.3984985351562,344.2142028808594,532.8985595703125,348.5072937011719,564.696533203125,349.72503662109375,595.81787109375,355.59832763671875,632.697021484375,383.75140380859375,648.3853759765625,416.7535705566406,0
5774,214.37835693359375,148.5763702392578,493.4017639160156,149.38978576660156,487.3340759277344,332.906494140625,524.0463256835938,365.1946716308594,532.2344970703125,330.6929016113281,515.3915405273438,344.42694091796875,532.7443237304688,348.74993896484375,564.5640258789062,349.6995849609375,595.9468994140625,355.63446044921875,631.3419799804688,383.17657470703125,648.52734375,417.4377746582031,0
5775,214.32894897460938,148.72927856445312,493.3636779785156,149.4984130859375,487.1670837402344,332.3521728515625,524.5122680664062,365.2093811035156,532.7870483398438,331.06256103515625,515.546630859375,344.4428405761719,532.98681640625,348.89892578125,564.7135620117188,349.5661926269531,595.9409790039062,355.5703430175781,631.5873413085938,383.5391540527344,648.8460693359375,418.0191345214844,0
5776,214.21409606933594,148.66844177246094,493.2305908203125,149.37513732910156,486.98779296875,330.39373779296875,523.320556640625,364.6282043457031,533.3831176757812,329.6444396972656,515.3480834960938,343.5394287109375,533.0957641601562,348.5603332519531,564.6370239257812,349.89410400390625,595.8660278320312,355.56549072265625,631.2701416015625,382.89349365234375,648.4469604492188,416.9487609863281,0
5777,214.19351196289062,148.66281127929688,493.2538146972656,149.42079162597656,486.95318603515625,330.39422607421875,523.3209838867188,364.62640380859375,533.4130859375,329.61700439453125,515.3659057617188,343.5377502441406,533.1507568359375,348.5970153808594,564.8062744140625,349.7725830078125,595.8325805664062,355.5657958984375,631.2691650390625,382.9078369140625,648.4440307617188,416.9666748046875,0
5778,214.1410675048828,148.60452270507812,493.15478515625,149.451171875,488.4727478027344,329.0850524902344,523.375244140625,364.7100524902344,534.0917358398438,329.8218078613281,515.8641357421875,343.4124450683594,533.5280151367188,348.79949951171875,564.2252807617188,350.6290588378906,595.4512939453125,355.3555908203125,631.0687866210938,382.9915466308594,648.2630004882812,417.64935302734375,0
5779,214.19155883789062,148.673583984375,493.1645812988281,149.35711669921875,488.9930114746094,326.0400085449219,521.4246826171875,364.2027282714844,536.2291259765625,330.0743408203125,516.4027099609375,342.2071533203125,533.9833984375,349.2113342285156,565.567626953125,351.5893859863281,594.0956420898438,354.82574462890625,631.3304443359375,383.29315185546875,648.0408935546875,418.00506591796875,0
5780,214.29603576660156,148.6334686279297,493.2139892578125,149.4613037109375,488.5950012207031,326.0621643066406,520.6270141601562,364.1996765136719,536.4049682617188,330.3994140625,516.014892578125,342.48291015625,533.6199340820312,349.7628479003906,565.1043090820312,351.3544921875,593.6932983398438,354.1307373046875,630.6260986328125,382.87493896484375,647.3065185546875,417.4337463378906,0
5781,214.30564880371094,148.6779022216797,493.37188720703125,149.55467224121094,487.71148681640625,324.2474060058594,519.2567138671875,363.26666259765625,536.2962646484375,330.3990478515625,515.27685546875,341.5254211425781,532.3177490234375,349.9486083984375,563.8101806640625,352.94232177734375,592.7625122070312,354.6679382324219,629.3914794921875,383.8019104003906,647.320068359375,418.24884033203125,0
5782,214.304443359375,148.67410278320312,493.32464599609375,149.56854248046875,487.68194580078125,324.25396728515625,519.2523193359375,363.2694091796875,536.2706298828125,330.41973876953125,515.2637329101562,341.52783203125,532.3035278320312,349.9456787109375,563.778076171875,352.9366455078125,592.7640380859375,354.6566162109375,629.4044799804688,383.82000732421875,647.3294067382812,418.2706298828125,0
5783,214.31414794921875,148.67453002929688,493.3633728027344,149.43190002441406,488.35205078125,324.1363525390625,520.4635009765625,363.4215393066406,537.3690795898438,329.2949523925781,516.6638793945312,341.090576171875,533.7828979492188,349.1168518066406,564.8350219726562,351.82958984375,593.0844116210938,355.3482971191406,629.8756103515625,383.6519470214844,647.0186767578125,418.2591247558594,0
5784,214.44229125976562,148.72332763671875,493.3267822265625,149.44158935546875,488.6072692871094,324.7159423828125,521.7042236328125,363.5757141113281,537.762451171875,329.1129150390625,516.8483276367188,340.1018371582031,534.5411376953125,348.7471008300781,565.2462158203125,350.8489990234375,593.37890625,355.2515869140625,630.6266479492188,385.0080871582031,647.8870849609375,421.0250549316406,0
5785,214.42605590820312,148.67774963378906,493.39129638671875,149.23699951171875,488.69378662109375,325.4853515625,521.8851318359375,364.0918884277344,538.7250366210938,329.0118713378906,517.1925659179688,340.8480529785156,534.8377685546875,349.19989013671875,565.5859985351562,351.2219543457031,593.3781127929688,355.1725769042969,630.556396484375,385.25634765625,647.8267822265625,421.27703857421875,0
5786,214.40367126464844,148.83018493652344,493.5710144042969,149.445068359375,488.04339599609375,333.30609130859375,524.7387084960938,366.90985107421875,535.8115234375,331.2499694824219,518.6895141601562,343.3966979980469,535.1661376953125,350.54583740234375,565.6690673828125,351.0516662597656,593.0279541015625,354.9775695800781,631.0325927734375,385.5906066894531,648.3026123046875,421.92919921875,0
5787,214.41648864746094,148.811767578125,493.5587463378906,149.44708251953125,488.044677734375,333.31524658203125,524.718994140625,366.92169189453125,535.8035888671875,331.2572937011719,518.6968383789062,343.3992919921875,535.18505859375,350.5749816894531,565.6847534179688,351.0650329589844,593.0166015625,354.9732360839844,630.9400634765625,385.4495544433594,648.2630004882812,421.77105712890625,0
5788,214.234130859375,148.7845001220703,493.56121826171875,149.3979034423828,487.5051574707031,336.6132507324219,523.7916259765625,369.7895812988281,535.4596557617188,333.2372741699219,518.1357421875,345.5625915527344,534.6204833984375,352.6199951171875,565.3261108398438,351.6564025878906,592.94921875,354.32379150390625,631.42529296875,383.70574951171875,648.5942993164062,420.2889404296875,0
5789,214.3137969970703,148.908447265625,493.5323486328125,149.44131469726562,487.6867370605469,346.2608947753906,528.598388671875,373.5392150878906,533.1248168945312,336.7489013671875,518.5877685546875,351.11016845703125,533.6727905273438,352.8500061035156,565.8264770507812,351.126708984375,592.9752807617188,354.5931701660156,631.7536010742188,384.9177551269531,648.2742309570312,421.55780029296875,0
5790,214.3797149658203,149.0288848876953,493.45867919921875,149.44778442382812,489.2268981933594,353.17352294921875,530.3367919921875,376.3116455078125,530.4655151367188,339.7818603515625,517.6823120117188,356.1832275390625,531.8330688476562,355.64471435546875,565.2509155273438,350.3186340332031,593.586669921875,353.603759765625,632.42041015625,383.109619140625,648.7326049804688,419.3348693847656,0
5791,214.26344299316406,148.8162841796875,493.30523681640625,149.5738525390625,490.8010559082031,354.39630126953125,526.71337890625,378.9853820800781,527.354248046875,344.416015625,515.11669921875,358.81475830078125,530.4060668945312,359.29913330078125,564.994384765625,351.8623352050781,596.0165405273438,352.5225524902344,632.864013671875,382.9457702636719,648.669677734375,420.25146484375,0
5792,214.25067138671875,148.81265258789062,493.30535888671875,149.57289123535156,490.8020324707031,354.3966369628906,526.7133178710938,378.9827575683594,527.3546142578125,344.4164123535156,515.116943359375,358.8146667480469,530.4055786132812,359.2991638183594,564.992431640625,351.8623352050781,596.0197143554688,352.5221252441406,632.8807983398438,382.9738464355469,648.6849975585938,420.222412109375,0
5793,214.42813110351562,148.683837890625,493.1804504394531,149.38267517089844,491.55657958984375,355.36322021484375,524.951904296875,379.6865539550781,523.6517333984375,345.7581787109375,513.7841186523438,359.3359375,528.9596557617188,359.3559265136719,563.8818969726562,352.3531188964844,596.2640991210938,353.1103210449219,632.52392578125,382.23736572265625,648.3450317382812,419.4299621582031,0
5794,214.47962951660156,148.66912841796875,493.3534851074219,149.3563232421875,492.77679443359375,353.4065246582031,520.4513549804688,376.9461975097656,515.9603881835938,343.6991882324219,510.23675537109375,355.2762756347656,522.0451049804688,356.7160339355469,557.0029296875,349.43927001953125,597.7188720703125,352.2841491699219,633.495849609375,383.3315124511719,648.4082641601562,420.9440002441406,0
5795,214.3289031982422,148.6705322265625,493.4057922363281,149.27833557128906,492.3497314453125,350.4701232910156,516.0918579101562,374.5124816894531,512.513671875,341.3018798828125,505.83331298828125,353.8890686035156,517.7731323242188,354.6402282714844,555.550048828125,347.9723205566406,598.3841552734375,351.9846496582031,633.3218994140625,382.6357421875,648.6138916015625,420.3657531738281,0
5796,214.3258819580078,148.76507568359375,493.46905517578125,149.39962768554688,491.9080505371094,343.2192077636719,510.1307373046875,369.66888427734375,509.4607849121094,335.0281677246094,503.6568603515625,348.862060546875,514.241455078125,350.8131408691406,553.662109375,346.5407409667969,601.8012084960938,354.26513671875,635.1340942382812,384.6147155761719,648.6961669921875,421.7935485839844,0
5797,214.3207550048828,148.76019287109375,493.4836120605469,149.36582946777344,491.9212646484375,343.1905822753906,510.1471252441406,369.66094970703125,509.4693298339844,335.0218811035156,503.681884765625,348.8539733886719,514.2828979492188,350.7949523925781,553.6578369140625,346.67327880859375,601.7456665039062,354.28173828125,635.1112670898438,384.60400390625,648.700927734375,421.7763671875,0
5798,214.29649353027344,148.74850463867188,493.5816345214844,149.2911834716797,488.4499816894531,343.2661437988281,510.0776672363281,369.4273376464844,509.2237548828125,335.16839599609375,502.6995849609375,347.7391052246094,514.0328369140625,351.0721435546875,553.8489379882812,346.2518005371094,603.1858520507812,355.1994934082031,637.0811157226562,386.29705810546875,650.002197265625,425.2615661621094,0
5799,214.23915100097656,148.7032928466797,493.5696105957031,149.2802734375,483.47760009765625,346.8773498535156,508.6103210449219,370.31329345703125,508.3929443359375,336.2060546875,500.73046875,349.2421875,512.8576049804688,351.1656188964844,552.9070434570312,346.3269958496094,603.13427734375,354.4858703613281,637.4229125976562,385.5588073730469,650.2128295898438,425.7942810058594,0
5800,214.2892608642578,148.6729278564453,493.5189514160156,149.46810913085938,481.5813903808594,347.5100402832031,508.9736633300781,370.6182861328125,508.6972961425781,336.05023193359375,500.3061218261719,349.186279296875,512.9210815429688,351.10699462890625,553.6119995117188,346.19061279296875,603.2716064453125,354.2322692871094,637.60205078125,386.81280517578125,650.4739990234375,427.4779357910156,0
5801,214.3044891357422,148.64825439453125,493.5176696777344,149.4516143798828,481.5931396484375,347.5019836425781,508.9732360839844,370.6263732910156,508.68572998046875,336.0640563964844,500.3061218261719,349.202880859375,512.9138793945312,351.1156921386719,553.5374755859375,346.1610412597656,603.26318359375,354.2164001464844,637.62158203125,386.7989196777344,650.4685668945312,427.51104736328125,0
5802,214.22738647460938,148.6707000732422,493.4184265136719,149.4820556640625,481.08984375,345.77923583984375,509.30224609375,371.3858947753906,509.7633056640625,336.68939208984375,501.32611083984375,349.44549560546875,513.79248046875,352.2257995605469,553.31591796875,345.77801513671875,603.57666015625,353.3750305175781,638.0157470703125,386.13763427734375,650.744873046875,428.0740966796875,0
5803,214.256103515625,148.63975524902344,493.3726806640625,149.4368438720703,481.19769287109375,344.3883972167969,507.9456787109375,371.55548095703125,511.2693786621094,337.1771240234375,501.4622802734375,348.6097717285156,514.141357421875,352.3743896484375,553.8008422851562,346.5618896484375,603.8051147460938,353.3365173339844,637.682373046875,384.81689453125,650.85498046875,425.96612548828125,0
5804,214.28660583496094,148.58895874023438,493.35986328125,149.51712036132812,487.01544189453125,326.9827880859375,511.74298095703125,363.42022705078125,524.5769653320312,333.4075927734375,507.90802001953125,341.0747985839844,523.1148071289062,348.57318115234375,559.6456298828125,351.8400573730469,601.819580078125,356.6053466796875,634.4928588867188,388.6390686035156,648.8682250976562,429.44879150390625,0
5805,214.29212951660156,148.57847595214844,493.43341064453125,149.47718811035156,487.0128479003906,326.982666015625,511.7357482910156,363.3951110839844,524.5755615234375,333.39593505859375,507.9000244140625,341.0776062011719,523.11767578125,348.5830993652344,559.6348876953125,351.90374755859375,601.8267822265625,356.6054382324219,634.5133056640625,388.6450500488281,648.8994140625,429.4566955566406,0
5806,214.22145080566406,148.5700225830078,493.4422302246094,149.4889373779297,488.1989440917969,324.520751953125,513.7666015625,362.18072509765625,527.3507690429688,332.2942810058594,509.4606628417969,339.822509765625,525.3544921875,348.2473449707031,562.4407958984375,352.2830505371094,600.3423461914062,357.1285705566406,633.5098876953125,389.8330993652344,648.0502319335938,431.759033203125,0
5807,214.1304931640625,148.76031494140625,493.46563720703125,149.54888916015625,487.0043029785156,323.1612548828125,513.83837890625,360.389404296875,528.79541015625,329.3871154785156,509.4071350097656,338.9731140136719,525.7941284179688,346.7093200683594,562.5541381835938,351.7231750488281,599.4137573242188,358.22015380859375,630.9222412109375,391.9579162597656,645.2615966796875,433.29864501953125,0
5808,214.204833984375,148.78814697265625,493.5037536621094,149.38023376464844,487.2908020019531,322.0469055175781,512.9833374023438,359.7967529296875,528.7742919921875,330.22869873046875,509.7094421386719,338.1087646484375,525.2752685546875,346.9169616699219,562.2623291015625,352.4417724609375,599.041015625,357.9847717285156,630.9332275390625,391.7257385253906,645.3662719726562,432.9362487792969,0
5809,214.40621948242188,148.98199462890625,493.5098876953125,149.3387908935547,490.8487548828125,313.95794677734375,509.0578308105469,358.5846862792969,529.4232788085938,330.8954772949219,510.50299072265625,334.476806640625,523.6383666992188,346.93817138671875,560.1998291015625,354.18853759765625,598.4895629882812,359.38250732421875,630.00244140625,392.889892578125,644.8052368164062,435.3036804199219,0
5810,214.4067840576172,148.98382568359375,493.5108642578125,149.33950805664062,490.8463134765625,313.9695129394531,509.0373840332031,358.56756591796875,529.3251953125,330.8123779296875,510.4228210449219,334.41455078125,523.5112915039062,346.7912902832031,559.8939819335938,353.94366455078125,598.4940185546875,359.3770751953125,630.0047607421875,392.89178466796875,644.8023071289062,435.3056335449219,0
5811,214.49484252929688,148.7933349609375,493.5071105957031,149.36181640625,496.82440185546875,307.17547607421875,507.77191162109375,354.9216003417969,533.3839721679688,330.8381652832031,510.6101989746094,331.8026123046875,523.4699096679688,347.07623291015625,559.051513671875,355.6928405761719,598.6360473632812,359.31207275390625,630.5855712890625,393.1862487792969,644.1390380859375,436.5603942871094,0
5812,214.51564025878906,148.89979553222656,493.45697021484375,149.53909301757812,502.7239990234375,298.9067077636719,511.274169921875,345.8756408691406,536.4005126953125,326.17596435546875,515.5313110351562,325.7652282714844,527.58154296875,340.6643981933594,558.0032348632812,354.7027893066406,598.34375,361.80755615234375,629.2222290039062,396.0447082519531,642.8504028320312,439.34832763671875,0
5813,214.4890899658203,148.7675018310547,493.4806823730469,149.55630493164062,504.28216552734375,297.00958251953125,512.61328125,345.6377868652344,538.3130493164062,324.40057373046875,516.9872436523438,324.8151550292969,527.8748779296875,339.2567138671875,558.6341552734375,354.1726989746094,598.4397583007812,361.49676513671875,629.32373046875,395.9815368652344,643.8287963867188,439.6158142089844,0
5814,214.3260955810547,148.71755981445312,493.4472351074219,149.57708740234375,503.68731689453125,297.0621337890625,512.9033813476562,345.6806945800781,539.6361083984375,324.9588317871094,516.9939575195312,325.01287841796875,528.5528564453125,339.3407287597656,560.8063354492188,354.0580139160156,598.2693481445312,361.951904296875,630.0152587890625,395.8837585449219,644.617431640625,438.3671569824219,0
5815,214.3421173095703,148.71377563476562,493.49847412109375,149.550537109375,503.6970520019531,297.0438232421875,512.8499755859375,345.6374206542969,539.5676879882812,324.9247131347656,517.041748046875,324.9635009765625,528.5123901367188,339.27032470703125,560.6784057617188,354.11309814453125,598.2779541015625,361.9591064453125,630.0151977539062,395.89111328125,644.617919921875,438.3669738769531,0
5816,214.4051513671875,148.84158325195312,493.3461608886719,149.48419189453125,503.81976318359375,295.9029846191406,512.1845092773438,345.1668701171875,539.4338989257812,324.8148498535156,517.0970458984375,324.4401550292969,528.1862182617188,338.9069519042969,559.7649536132812,354.1952209472656,597.1160888671875,362.2000427246094,628.3544921875,396.7913818359375,642.5470581054688,441.1022033691406,0
5817,214.38111877441406,148.7692108154297,493.4678955078125,149.42449951171875,503.7153015136719,296.7900695800781,511.1823425292969,345.4933166503906,538.5464477539062,324.57513427734375,516.6089477539062,324.35858154296875,527.5571899414062,338.9476013183594,558.1793212890625,354.1720886230469,597.1028442382812,362.5244140625,628.2744140625,397.3129577636719,642.1812133789062,441.84124755859375,0
5818,214.36883544921875,148.785888671875,493.5310974121094,149.3466339111328,502.8664855957031,297.39483642578125,511.3768005371094,345.33551025390625,538.9700317382812,325.3416748046875,516.5192260742188,324.9677734375,527.63525390625,339.7203063964844,559.5589599609375,354.1228332519531,597.0696411132812,362.5476379394531,628.367919921875,396.9394226074219,642.2720336914062,441.57177734375,0
5819,214.38775634765625,148.88670349121094,493.43585205078125,149.32498168945312,502.44000244140625,296.8550109863281,510.791748046875,345.7475280761719,538.40966796875,325.0437927246094,516.2450561523438,324.5936279296875,527.3439331054688,339.4001770019531,558.2914428710938,354.4961853027344,596.9778442382812,362.31744384765625,627.9227294921875,397.38916015625,641.234619140625,442.76263427734375,0
5820,214.3492431640625,148.85731506347656,493.4971618652344,149.30917358398438,502.7779846191406,296.6925354003906,510.4598083496094,345.3101501464844,537.9551391601562,324.41796875,516.1328735351562,324.138916015625,527.06689453125,339.0086364746094,558.1340942382812,354.66644287109375,596.8656616210938,362.66650390625,627.8720092773438,397.8494873046875,641.68408203125,443.4984130859375,0
5821,214.26034545898438,148.8175506591797,493.5454406738281,149.28890991210938,502.9338073730469,297.4055480957031,510.13909912109375,345.84832763671875,537.2421264648438,324.9554748535156,515.6165771484375,324.6014099121094,527.5938720703125,339.96826171875,557.544677734375,354.6808166503906,596.8814697265625,362.5083312988281,627.871826171875,397.0218505859375,641.13623046875,442.52001953125,0
5822,214.25900268554688,148.8219451904297,493.5423278808594,149.27378845214844,502.9344177246094,297.3996276855469,510.1396179199219,345.85302734375,537.243896484375,324.9671325683594,515.6123046875,324.60235595703125,527.59765625,339.9730529785156,557.528076171875,354.6589660644531,596.879150390625,362.46185302734375,627.8676147460938,397.0116882324219,641.1420288085938,442.5503845214844,0
5823,214.2038116455078,148.83966064453125,493.43426513671875,149.45433044433594,502.54718017578125,297.4241638183594,509.5689392089844,345.57269287109375,536.7447509765625,324.6403503417969,515.2996215820312,324.53485107421875,526.8348388671875,339.786865234375,557.0213623046875,354.3070068359375,597.2598266601562,362.61968994140625,628.1695556640625,397.58013916015625,641.641357421875,443.25225830078125,0
5824,214.24630737304688,148.86923217773438,493.4213562011719,149.54205322265625,502.8101501464844,296.01531982421875,508.3985595703125,343.2632751464844,535.8136596679688,322.2795715332031,515.0285034179688,322.6460266113281,526.0234985351562,338.0019226074219,556.4424438476562,353.3153381347656,597.0692138671875,362.6300964355469,628.0355224609375,398.2353210449219,640.982177734375,444.0990295410156,0
5825,214.24722290039062,148.91778564453125,493.2890625,149.5904083251953,502.76458740234375,295.5871887207031,507.1973571777344,341.9500732421875,536.9227905273438,323.0359802246094,514.4852294921875,321.5953674316406,524.9376831054688,337.053955078125,555.883544921875,352.5369873046875,597.11328125,362.5941467285156,627.9681396484375,398.0246276855469,641.0691528320312,443.51953125,0
5826,214.2449188232422,148.86065673828125,493.3848571777344,149.64437866210938,503.18231201171875,295.79083251953125,505.9733581542969,340.4776611328125,535.5423583984375,321.7220764160156,513.71728515625,320.238037109375,524.9629516601562,335.554443359375,554.9091796875,351.76019287109375,596.9761962890625,362.7748718261719,628.009521484375,397.8183898925781,640.7343139648438,443.98504638671875,0
5827,214.24703979492188,148.85716247558594,493.3624267578125,149.62596130371094,503.2125549316406,295.8001403808594,505.96759033203125,340.4732971191406,535.4469604492188,321.68023681640625,513.6951904296875,320.2492980957031,524.885986328125,335.4654235839844,554.91650390625,351.8464660644531,597.0067749023438,362.8071594238281,628.0072021484375,397.85369873046875,640.741943359375,443.96588134765625,0
5828,214.26683044433594,148.80154418945312,493.3811340332031,149.64700317382812,502.32769775390625,295.9355773925781,505.6522216796875,340.18499755859375,534.6344604492188,321.2038269042969,513.16162109375,320.0321350097656,524.095458984375,334.9795227050781,554.5750122070312,351.7096862792969,597.017333984375,362.9008483886719,628.0701293945312,398.0692138671875,640.5947265625,444.0130615234375,0
5829,214.23023986816406,148.66021728515625,493.3340148925781,149.599365234375,501.5995788574219,296.3046569824219,505.6507263183594,340.3891906738281,534.897216796875,320.9879455566406,512.5183715820312,320.2237854003906,524.226318359375,334.8177795410156,554.5438842773438,351.6481018066406,596.9188232421875,362.8713073730469,627.982421875,398.3839416503906,640.2391967773438,444.0404357910156,0
5830,214.22792053222656,148.7209930419922,493.2288513183594,149.60726928710938,501.5763854980469,296.2020263671875,505.521484375,340.39764404296875,534.703857421875,320.94482421875,512.8587646484375,320.1377258300781,524.0823974609375,334.9344482421875,554.291259765625,351.7460632324219,596.9423217773438,362.7568054199219,627.9522705078125,398.2712707519531,640.39599609375,444.9113464355469,0
5831,214.2257537841797,148.73641967773438,493.3608093261719,149.5750732421875,501.72784423828125,295.9476013183594,505.22930908203125,340.14544677734375,534.3817749023438,320.94061279296875,512.6917114257812,320.10223388671875,523.6829223632812,334.91229248046875,554.08251953125,352.1935729980469,596.8323974609375,362.7510681152344,627.6109008789062,397.82318115234375,640.4397583007812,443.76715087890625,0
5832,214.21665954589844,148.7368927001953,493.3514404296875,149.55587768554688,501.7275390625,295.9537048339844,505.2259216308594,340.1509704589844,534.4012451171875,320.9587097167969,512.6990966796875,320.11236572265625,523.7080688476562,334.9340515136719,554.0723876953125,352.1695251464844,596.8294677734375,362.724609375,627.6084594726562,397.8299865722656,640.4395751953125,443.7673034667969,0
5833,214.23272705078125,148.6829071044922,493.3593444824219,149.61416625976562,501.86627197265625,295.62567138671875,505.4384765625,340.2298583984375,534.9443969726562,321.541748046875,512.843505859375,320.1339416503906,523.986328125,335.0561218261719,554.1663208007812,352.0299377441406,596.9866943359375,362.8645324707031,627.6470947265625,397.8765563964844,640.177978515625,443.7218017578125,0
5834,214.18638610839844,148.64886474609375,493.4151916503906,149.66395568847656,500.43890380859375,294.45623779296875,505.9804382324219,340.8310546875,534.9959106445312,321.50543212890625,512.7102661132812,320.27825927734375,524.1825561523438,335.031982421875,554.3373413085938,351.90069580078125,596.9473876953125,363.05902099609375,627.5987548828125,398.5950012207031,639.6554565429688,444.1679992675781,0
5835,214.2329559326172,148.63916015625,493.34661865234375,149.66944885253906,500.0306091308594,293.8475646972656,505.90313720703125,340.6178894042969,535.336181640625,321.3473205566406,512.2305908203125,320.0668029785156,524.3528442382812,334.9389343261719,554.336181640625,352.0121154785156,596.7923583984375,363.1631164550781,627.5325927734375,398.49481201171875,639.4137573242188,443.60748291015625,0
5836,214.24261474609375,148.7209930419922,493.3707580566406,149.6448974609375,500.25360107421875,294.6583557128906,505.8865051269531,340.7183532714844,535.3054809570312,321.12646484375,512.7711181640625,320.15966796875,524.456298828125,334.80938720703125,554.3536376953125,351.9195861816406,596.8037109375,363.1707763671875,627.3273315429688,398.3145446777344,639.4509887695312,443.6860656738281,0
5837,214.24343872070312,148.72048950195312,493.3688659667969,149.671875,500.1369323730469,294.5210876464844,505.87445068359375,340.72955322265625,535.3270874023438,321.1075744628906,512.7664794921875,320.1507263183594,524.4594116210938,334.80877685546875,554.3596801757812,351.8978576660156,596.828125,363.1578369140625,627.28271484375,398.3539733886719,639.4461059570312,443.6912841796875,0
5838,214.29544067382812,148.55459594726562,493.2624206542969,149.73597717285156,499.1298522949219,297.1422119140625,506.0658874511719,340.97406005859375,535.1696166992188,320.6665344238281,512.7393798828125,320.9015197753906,524.600830078125,334.78228759765625,554.4398193359375,351.6065979003906,596.8295288085938,363.1110534667969,627.448486328125,398.6439208984375,639.3731079101562,444.294189453125,0
5839,214.23338317871094,148.7276153564453,493.3155822753906,149.73887634277344,488.92242431640625,309.90130615234375,508.943603515625,346.3039855957031,528.5181274414062,319.6318054199219,509.2202453613281,325.7145690917969,523.9639892578125,335.4700927734375,555.78662109375,349.5777282714844,597.4801635742188,361.94207763671875,628.6114501953125,396.0847473144531,640.8794555664062,438.1819152832031,0
5840,214.24951171875,148.72927856445312,493.23516845703125,149.788818359375,482.8157958984375,322.13336181640625,510.9080505371094,354.6943359375,523.1145629882812,322.04522705078125,508.3774719238281,332.2049865722656,522.2499389648438,338.8905029296875,556.6795043945312,347.9610900878906,598.3397216796875,360.2673034667969,629.7000122070312,394.7715148925781,644.921630859375,437.74652099609375,0
5841,214.1275634765625,148.54603576660156,493.2773742675781,149.79637145996094,477.99310302734375,338.678955078125,514.3809204101562,364.7154541015625,519.2274169921875,332.031982421875,505.183837890625,344.14093017578125,521.5750732421875,346.34454345703125,556.4826049804688,346.92437744140625,599.0917358398438,355.5776672363281,635.5125122070312,390.27880859375,649.9087524414062,433.7336120605469,0
5842,214.12841796875,148.54425048828125,493.2931213378906,149.7977752685547,477.9915466308594,338.6773986816406,514.4000854492188,364.70257568359375,519.1883544921875,332.0086975097656,505.17095947265625,344.1331481933594,521.5426025390625,346.3408203125,556.3811645507812,347.1695251464844,599.0606079101562,355.5520935058594,635.502685546875,390.3100891113281,649.9567260742188,433.7413330078125,0
5843,214.1168212890625,148.61180114746094,493.2694091796875,149.72763061523438,479.23162841796875,346.6936950683594,514.9022216796875,369.7864074707031,516.3215942382812,334.6871032714844,506.66986083984375,347.12860107421875,520.5889282226562,350.52130126953125,555.9232788085938,346.425537109375,597.9710083007812,353.94415283203125,634.8193359375,388.3859558105469,649.1207275390625,429.9013671875,0
5844,214.1381378173828,148.49081420898438,493.18194580078125,149.702880859375,482.70623779296875,354.28875732421875,512.4415893554688,375.9440612792969,510.3336486816406,341.6798400878906,501.6992492675781,356.22882080078125,515.1624145507812,355.7041320800781,552.3124389648438,347.5389404296875,599.5419921875,352.18609619140625,635.60302734375,387.1791076660156,648.3361206054688,428.89422607421875,0
5845,214.0659637451172,148.41184997558594,493.2236022949219,149.70297241210938,478.2260437011719,353.17828369140625,506.6614074707031,377.6358642578125,505.389404296875,343.67938232421875,496.7090148925781,356.73785400390625,511.4620361328125,357.2724914550781,550.9793090820312,348.81121826171875,600.0797119140625,352.21466064453125,635.8098754882812,386.4996032714844,647.9351196289062,428.5448913574219,0
5846,214.3398895263672,148.6232452392578,493.2467346191406,149.741943359375,459.84588623046875,355.7875671386719,490.0536804199219,378.241943359375,488.70904541015625,347.94940185546875,479.39190673828125,359.3130187988281,494.43707275390625,360.8587646484375,540.24609375,351.3681640625,598.0074462890625,353.47991943359375,633.9523315429688,385.6529235839844,643.5618896484375,426.24005126953125,0
5847,214.30880737304688,148.7069854736328,493.3062744140625,149.60653686523438,441.6787414550781,358.50689697265625,474.2105407714844,378.965576171875,472.22357177734375,349.79949951171875,463.631591796875,361.0309143066406,479.4721374511719,362.4084777832031,532.5711669921875,352.0054626464844,593.5025634765625,353.85723876953125,629.8561401367188,385.6139221191406,636.479248046875,423.7283020019531,0
5848,214.4519805908203,148.57513427734375,493.32073974609375,149.58428955078125,419.7394714355469,359.6800842285156,452.4986877441406,379.0647888183594,451.2428894042969,351.9486389160156,443.86285400390625,360.9858093261719,458.72607421875,364.17584228515625,513.8402709960938,353.4087829589844,582.7783813476562,352.96331787109375,617.6304321289062,385.688720703125,627.2744750976562,431.20758056640625,0
5849,214.3712158203125,148.44114685058594,492.9186706542969,149.6887664794922,396.3913269042969,356.9884033203125,429.78955078125,379.9275817871094,429.8600158691406,351.7458801269531,419.5771179199219,361.8454895019531,436.0370788574219,365.47674560546875,490.6695251464844,357.550537109375,567.2080078125,353.4413146972656,604.4598999023438,388.1707763671875,605.0574340820312,430.1663513183594,0
5850,214.3623504638672,148.48085021972656,492.9458312988281,149.64752197265625,396.3808898925781,356.9811096191406,429.7862243652344,379.95953369140625,429.858154296875,351.739990234375,419.5707092285156,361.8504638671875,436.0202941894531,365.48907470703125,490.70233154296875,357.5749816894531,567.205810546875,353.4388122558594,604.464599609375,388.1760559082031,605.0654296875,430.153564453125,0
5851,214.26107788085938,148.50425720214844,493.06353759765625,149.63143920898438,360.7077331542969,353.3716735839844,389.3762512207031,379.0624694824219,392.20257568359375,347.45916748046875,380.9499206542969,359.1690979003906,397.5673522949219,362.5488586425781,453.2286682128906,361.74224853515625,523.7752075195312,352.0609436035156,564.8067626953125,376.36004638671875,575.4190673828125,413.391845703125,0
5852,214.258544921875,148.508544921875,493.07275390625,149.6451416015625,360.7473449707031,353.3869934082031,389.2908630371094,378.9240417480469,392.11395263671875,347.57379150390625,380.917724609375,359.14501953125,397.5041809082031,362.4585266113281,453.1156921386719,361.5146789550781,523.7877197265625,352.08502197265625,564.8245239257812,376.4268798828125,575.4259643554688,413.4112548828125,0
5853,214.315185546875,148.51670837402344,492.95379638671875,149.51072692871094,343.35028076171875,355.7750549316406,370.7870788574219,378.6797790527344,371.1056213378906,349.8839111328125,362.0866394042969,360.14013671875,377.4247741699219,363.2868347167969,433.81060791015625,359.0606384277344,507.6111755371094,352.7965393066406,550.5482177734375,381.6471862792969,560.552490234375,422.5890197753906,0
5854,214.2705841064453,148.45155334472656,492.8545837402344,149.60374450683594,285.8712463378906,361.3140869140625,312.2982177734375,389.8058166503906,313.3961486816406,360.11029052734375,304.6308288574219,370.7920837402344,319.8591003417969,375.1994934082031,375.2745361328125,371.95556640625,447.2511291503906,373.6849365234375,487.96588134765625,397.40631103515625,507.06768798828125,423.2775573730469,0
5855,214.2781219482422,148.4842071533203,492.8528137207031,149.67127990722656,266.5762634277344,358.5240478515625,291.2059326171875,387.5314636230469,296.1376037597656,357.8596496582031,286.24267578125,367.6678466796875,301.3645935058594,374.3242492675781,357.69158935546875,376.1747131347656,427.73236083984375,372.42120361328125,468.0056457519531,394.7449645996094,489.1667785644531,422.3564758300781,0
5856,214.29708862304688,148.43634033203125,492.8533935546875,149.6961212158203,250.57473754882812,359.6324462890625,272.9765930175781,388.0851745605469,279.5315246582031,357.2206115722656,268.78277587890625,367.77435302734375,284.3182067871094,374.3652038574219,338.65252685546875,377.49444580078125,415.8894958496094,376.04156494140625,454.5353698730469,402.01727294921875,469.26080322265625,435.629150390625,0
5857,214.2648468017578,148.502685546875,492.981689453125,149.74871826171875,234.85154724121094,361.2084045410156,257.2527770996094,389.0502624511719,263.1631774902344,357.63421630859375,253.0013427734375,368.5121765136719,267.6723327636719,374.64581298828125,320.67938232421875,377.73468017578125,390.50390625,375.89617919921875,426.69549560546875,399.99688720703125,446.34210205078125,422.4129943847656,0
5858,214.3302001953125,148.4275360107422,492.92352294921875,149.68809509277344,211.42156982421875,364.0103454589844,233.31069946289062,394.00860595703125,236.74688720703125,362.5975036621094,227.3623504638672,373.4098815917969,241.91908264160156,377.98773193359375,297.1978759765625,377.4123229980469,367.28460693359375,379.8358154296875,412.4476318359375,409.7854309082031,431.48101806640625,449.5808410644531,0
5859,214.3400421142578,148.381103515625,492.88739013671875,149.6807098388672,199.46728515625,365.8682861328125,224.37606811523438,396.5536804199219,227.7531280517578,366.2272644042969,217.43934631347656,375.8315124511719,232.621337890625,380.3912353515625,289.6123962402344,380.7070007324219,357.7627258300781,383.7049255371094,403.9779357910156,413.2791748046875,425.6753845214844,452.80181884765625,0
5860,214.1790771484375,148.49136352539062,492.9628601074219,149.7501678466797,200.48239135742188,357.88739013671875,207.72048950195312,397.502197265625,219.00440979003906,367.4169616699219,207.32562255859375,376.20050048828125,219.8648681640625,385.2887878417969,273.369140625,389.8279724121094,340.3853759765625,389.9169006347656,388.6521911621094,420.1922607421875,412.8529052734375,456.4021301269531,0
5861,214.18919372558594,148.49652099609375,492.9595031738281,149.73731994628906,200.50389099121094,357.87322998046875,207.67967224121094,397.54736328125,219.0581512451172,367.2814636230469,207.33279418945312,376.15374755859375,219.84352111816406,385.2845153808594,273.3326110839844,390.2314758300781,340.4031982421875,389.91845703125,388.69000244140625,420.1916198730469,412.8519287109375,456.4058532714844,0
5862,214.2091827392578,148.59088134765625,493.02459716796875,149.54473876953125,203.02603149414062,345.7716369628906,204.15602111816406,392.4591064453125,219.37277221679688,364.6646728515625,206.43667602539062,369.0125732421875,216.77822875976562,383.010009765625,266.96307373046875,391.44549560546875,334.867919921875,387.0976867675781,383.77838134765625,415.2713928222656,407.7880554199219,454.37322998046875,0
5863,214.13697814941406,148.61705017089844,493.15380859375,149.52169799804688,195.5733642578125,351.0067138671875,205.46035766601562,389.07806396484375,215.89784240722656,359.7512512207031,204.8216552734375,366.6548156738281,216.14691162109375,377.9222412109375,266.10247802734375,384.56768798828125,332.5107727050781,377.3606262207031,381.9266357421875,397.8334655761719,412.614501953125,427.0439453125,0
5864,214.32142639160156,148.6758270263672,493.10748291015625,149.43605041503906,192.18214416503906,352.3388671875,203.34451293945312,390.140869140625,214.11912536621094,359.10882568359375,202.09442138671875,367.1373596191406,213.98350524902344,377.0762634277344,266.7939453125,382.0539245605469,332.3184814453125,373.6319885253906,384.08770751953125,389.8985900878906,417.6925964355469,416.11798095703125,0
5865,214.3684844970703,148.7516326904297,493.2008361816406,149.44541931152344,181.0748748779297,363.7333679199219,197.426513671875,392.9669189453125,202.29405212402344,361.5089416503906,192.86062622070312,372.78369140625,206.11448669433594,378.7970886230469,261.17559814453125,381.0649108886719,329.5836486816406,373.537841796875,386.24932861328125,391.17388916015625,427.05792236328125,420.9277648925781,0
5866,214.359130859375,148.752685546875,493.20159912109375,149.46865844726562,181.08905029296875,363.7208557128906,197.4419708251953,392.96630859375,202.3319854736328,361.56060791015625,192.87051391601562,372.8002014160156,206.1328582763672,378.83453369140625,261.18414306640625,381.07373046875,329.5829162597656,373.535888671875,386.2519226074219,391.17822265625,427.04986572265625,420.92694091796875,0
5867,214.39291381835938,148.8153076171875,493.1421813964844,149.48126220703125,176.89100646972656,365.1080322265625,193.02052307128906,394.6327819824219,198.3035430908203,361.7165222167969,188.8404998779297,373.5635986328125,201.65228271484375,378.8273620605469,255.24649047851562,379.8524475097656,326.9964294433594,374.8290710449219,383.9210205078125,392.3628234863281,425.92669677734375,422.2159729003906,0
5868,214.3753204345703,148.7324676513672,493.08294677734375,149.61676025390625,169.95957946777344,356.5334167480469,180.86172485351562,390.361083984375,191.43910217285156,360.6246337890625,180.0791778564453,369.6397399902344,192.17124938964844,377.8785095214844,244.7643585205078,379.3160400390625,318.0715637207031,374.5264892578125,373.3834228515625,389.7563781738281,411.6778869628906,418.3471984863281,0
5869,214.45819091796875,148.8460693359375,493.1214294433594,149.6257781982422,168.89959716796875,350.57537841796875,176.07183837890625,388.45477294921875,188.18136596679688,358.6552734375,177.1473388671875,367.9161682128906,188.2713623046875,376.7425537109375,241.0082244873047,380.5276794433594,313.3481750488281,378.44635009765625,369.599365234375,393.2012939453125,407.8844909667969,419.6924133300781,0
5870,214.32412719726562,148.8859405517578,493.1254577636719,149.64601135253906,166.6136474609375,345.8931884765625,172.7048797607422,384.9469299316406,185.86358642578125,354.9382629394531,174.9967041015625,361.50457763671875,184.5124969482422,372.7781982421875,234.66407775878906,381.4572448730469,307.7644348144531,380.60675048828125,362.629638671875,396.7859191894531,405.29168701171875,421.4320983886719,0
5871,214.3223876953125,148.88623046875,493.1055908203125,149.66806030273438,166.66807556152344,345.8868103027344,172.7271270751953,384.94586181640625,185.79930114746094,354.8441162109375,174.97584533691406,361.5267028808594,184.5403594970703,372.89630126953125,236.02386474609375,381.20843505859375,307.8569030761719,380.3738098144531,362.7733154296875,396.8233947753906,405.29290771484375,421.43914794921875,0
5872,214.32444763183594,148.80101013183594,493.031982421875,149.64138793945312,162.89610290527344,342.01983642578125,167.63397216796875,379.7740783691406,182.77938842773438,351.9723205566406,168.744873046875,357.6834411621094,179.4839324951172,369.0845642089844,232.2404022216797,378.6490783691406,301.33673095703125,381.69512939453125,351.32623291015625,400.6819763183594,388.5816345214844,419.3929748535156,0
5873,214.27684020996094,148.68093872070312,492.93408203125,149.83721923828125,142.14988708496094,352.468017578125,156.91937255859375,378.50909423828125,163.08303833007812,344.8478698730469,153.2972869873047,358.36004638671875,165.091796875,363.2300109863281,217.18374633789062,367.3092956542969,283.9000244140625,374.34686279296875,333.9104309082031,399.6336975097656,370.8377990722656,425.40283203125,0
5874,214.27276611328125,148.71339416503906,493.0630187988281,149.80018615722656,135.28939819335938,358.0977783203125,153.6530303955078,380.43505859375,155.66018676757812,346.48016357421875,146.6907958984375,361.2039489746094,159.24801635742188,364.2590026855469,213.62509155273438,365.6503601074219,278.7229919433594,378.1505432128906,322.95184326171875,403.0516357421875,356.1035461425781,421.67315673828125,0
5875,214.36135864257812,148.7009735107422,493.0926208496094,149.80801391601562,125.56043243408203,366.54290771484375,145.20631408691406,385.7623596191406,145.2075653076172,352.76116943359375,135.94618225097656,367.8283996582031,148.95263671875,368.6160888671875,202.06214904785156,363.462646484375,266.7710876464844,379.8211669921875,300.0534362792969,407.3044738769531,324.0978088378906,428.4846496582031,0
5876,214.38397216796875,148.70530700683594,493.0477600097656,149.8203125,125.56917572021484,366.45111083984375,145.1650390625,385.8565368652344,145.1833953857422,352.843994140625,135.87899780273438,367.8547668457031,148.78932189941406,368.73614501953125,202.1151123046875,363.4306640625,266.7580871582031,379.759521484375,300.0614318847656,407.31634521484375,324.058349609375,428.4612731933594,0
5877,214.39317321777344,148.6420135498047,493.00372314453125,149.75401306152344,129.09925842285156,374.5944519042969,145.59547424316406,393.00634765625,139.75987243652344,357.697998046875,135.060546875,377.26007080078125,146.3637237548828,374.9432678222656,199.7210693359375,366.29571533203125,261.422119140625,378.9002685546875,298.6565856933594,405.836181640625,323.285888671875,429.5804443359375,0
5878,214.3357696533203,148.52630615234375,493.03216552734375,149.8188018798828,133.88279724121094,383.48016357421875,149.731201171875,406.13092041015625,141.72250366210938,370.1982727050781,138.5531768798828,384.95489501953125,149.20668029785156,385.88055419921875,198.7606964111328,374.207275390625,259.9152526855469,379.10089111328125,300.26275634765625,406.6917419433594,327.88848876953125,427.84539794921875,0
5879,214.3280792236328,148.64683532714844,493.0037841796875,149.62734985351562,137.80075073242188,388.7211608886719,154.89178466796875,407.7940673828125,144.47010803222656,373.710205078125,141.69839477539062,389.2208557128906,152.61502075195312,389.0937805175781,199.5344696044922,374.6535339355469,261.3077087402344,377.41900634765625,303.07672119140625,404.6903076171875,340.4079895019531,428.47821044921875,0
5880,214.4307098388672,148.627197265625,493.0682678222656,149.76119995117188,144.64453125,385.7149963378906,163.3311004638672,405.9453125,146.74717712402344,375.39642333984375,148.04974365234375,388.0483703613281,159.3811492919922,386.6936950683594,202.3873291015625,368.2113952636719,266.2563171386719,362.0590515136719,304.66729736328125,380.0497131347656,329.4960021972656,395.5488586425781,0
5881,214.43252563476562,148.582763671875,493.12091064453125,149.69308471679688,146.72630310058594,386.5456237792969,166.92581176757812,406.9710388183594,149.39132690429688,375.9687194824219,151.2500457763672,388.6314392089844,161.83270263671875,386.3747863769531,204.9033203125,366.1827392578125,267.7433776855469,358.79193115234375,313.0881042480469,374.2333984375,352.8040466308594,382.5013122558594,0
5882,214.4292755126953,148.5384521484375,493.1647644042969,149.82298278808594,150.85963439941406,388.7697448730469,170.6194610595703,406.3137512207031,153.59933471679688,376.77276611328125,157.0029754638672,390.029541015625,165.3050079345703,387.6533508300781,207.75750732421875,366.36334228515625,269.97186279296875,358.6266174316406,319.41229248046875,374.3383483886719,366.11944580078125,382.0311584472656,0
5883,214.4101104736328,148.5546417236328,493.1286315917969,149.6412811279297,153.0920867919922,386.2745056152344,171.05938720703125,405.697265625,157.427734375,373.7402038574219,159.11827087402344,386.77105712890625,165.9488525390625,386.4883728027344,209.03469848632812,367.5531005859375,270.8427734375,360.5347900390625,317.07177734375,378.1824645996094,358.39349365234375,392.0148620605469,0
5884,214.4677276611328,148.56358337402344,493.2182922363281,149.7069549560547,152.8617401123047,380.31512451171875,170.15452575683594,401.59991455078125,159.80667114257812,368.4080810546875,157.8483123779297,381.6139221191406,167.9397735595703,381.9213562011719,211.71395874023438,367.8315124511719,271.9007263183594,365.66937255859375,325.10906982421875,393.2772521972656,374.8401184082031,416.0318298339844,0
5885,214.4651641845703,148.55929565429688,493.21240234375,149.72328186035156,152.89463806152344,380.38739013671875,170.1593780517578,401.59857177734375,159.800537109375,368.3871765136719,157.87477111816406,381.58642578125,167.94590759277344,381.8905029296875,211.7552947998047,367.8497314453125,271.8991394042969,365.6712341308594,325.10986328125,393.27740478515625,374.8414306640625,416.0323791503906,0
5886,214.2344512939453,148.50572204589844,493.1266784667969,149.7878875732422,151.812744140625,380.8238830566406,171.033935546875,402.0625,158.97047424316406,369.5238037109375,158.36720275878906,382.2067565917969,168.00845336914062,382.3286437988281,211.1824951171875,367.8298034667969,271.5628662109375,365.84234619140625,324.0903015136719,395.8326110839844,375.6467590332031,423.3941345214844,0
5887,214.28379821777344,148.45362854003906,493.1456604003906,149.77935791015625,153.07643127441406,383.0696105957031,172.9175262451172,401.42962646484375,158.542724609375,370.04461669921875,159.73497009277344,381.98199462890625,169.6531524658203,381.4161376953125,211.1787872314453,366.4944763183594,271.7186279296875,364.6431579589844,324.13433837890625,393.7630615234375,373.3296203613281,418.7944641113281,0
5888,214.1790008544922,148.6160430908203,493.22760009765625,149.7753143310547,155.93577575683594,382.67877197265625,173.67796325683594,401.3528137207031,158.4114990234375,371.3229064941406,160.35287475585938,382.8076477050781,169.81591796875,382.112060546875,210.79266357421875,365.6364440917969,271.40252685546875,364.8768615722656,324.1907043457031,393.43402099609375,383.1551818847656,418.7886047363281,0
5889,214.10751342773438,148.66366577148438,493.2821960449219,149.61573791503906,152.75997924804688,393.5719909667969,173.95448303222656,406.19281005859375,154.0378875732422,379.1506652832031,157.1519317626953,392.5219421386719,167.1656494140625,388.8026123046875,209.04638671875,367.4789123535156,270.1495666503906,364.8178405761719,320.35693359375,395.5179443359375,376.2741394042969,424.4501037597656,0
5890,214.10076904296875,148.6677703857422,493.2901611328125,149.61683654785156,152.7716827392578,393.5450744628906,173.9389190673828,406.18402099609375,154.03904724121094,379.11053466796875,157.1621856689453,392.5073547363281,167.14169311523438,388.8321228027344,208.97677612304688,367.6576843261719,270.190673828125,364.8446044921875,320.4111328125,395.5393371582031,376.2698059082031,424.4631652832031,0
5891,214.15846252441406,148.61343383789062,493.218994140625,149.6060791015625,153.13742065429688,404.0397033691406,171.80014038085938,409.1248474121094,151.25965881347656,384.4537048339844,155.71861267089844,398.7578125,164.80770874023438,392.14251708984375,206.7949981689453,369.28466796875,268.5132751464844,364.7593688964844,317.7295837402344,395.11431884765625,374.1093444824219,423.06768798828125,0
5892,214.2401580810547,148.54469299316406,493.27044677734375,149.6544189453125,148.68736267089844,417.23614501953125,168.9129638671875,417.709228515625,144.53526306152344,396.52740478515625,152.16073608398438,411.85626220703125,159.37852478027344,402.4722595214844,200.50540161132812,372.94451904296875,261.0673522949219,361.8825378417969,308.1207275390625,390.8951721191406,361.2310791015625,418.33099365234375,0
5893,214.21929931640625,148.45797729492188,493.299072265625,149.59573364257812,147.45318603515625,426.9005126953125,168.7333221435547,418.3241882324219,141.9152069091797,403.38385009765625,152.46044921875,416.3429260253906,158.10183715820312,406.43408203125,196.5370330810547,375.207763671875,256.42547607421875,359.8621826171875,299.16546630859375,386.47259521484375,352.47784423828125,413.1878662109375,0
5894,214.19235229492188,148.45506286621094,493.29461669921875,149.5762939453125,144.4150848388672,436.9905700683594,166.62384033203125,426.1304626464844,139.013671875,410.5158386230469,147.8754425048828,424.6905517578125,156.33346557617188,413.4152526855469,191.0601348876953,380.04693603515625,249.55189514160156,355.67999267578125,289.18927001953125,370.8874206542969,325.8501281738281,391.1800537109375,0
5895,214.1938934326172,148.45521545410156,493.2816467285156,149.6279754638672,144.41317749023438,436.9870910644531,166.45980834960938,426.1383361816406,139.05642700195312,410.5004577636719,147.8732452392578,424.6359558105469,156.36386108398438,413.3758544921875,191.08026123046875,380.01177978515625,249.541748046875,355.6587829589844,289.1643371582031,370.8692321777344,325.8022766113281,391.1751403808594,0
5896,214.33978271484375,148.71212768554688,493.0467529296875,149.69691467285156,139.31565856933594,441.2026062011719,165.1742706298828,426.1798400878906,138.76309204101562,410.20465087890625,146.30404663085938,425.8321533203125,155.02301025390625,414.1498107910156,190.82467651367188,381.5184631347656,247.1851043701172,354.5546569824219,287.9978942871094,367.88616943359375,330.20806884765625,385.7237243652344,0
5897,214.2125701904297,148.68760681152344,493.13775634765625,149.75042724609375,127.57257843017578,444.2932434082031,164.3290557861328,425.32244873046875,138.9112091064453,405.0592956542969,141.7487335205078,425.6579284667969,154.30154418945312,412.16156005859375,189.82589721679688,379.9855651855469,243.52566528320312,350.273681640625,285.67987060546875,363.7835693359375,327.3804016113281,387.3287658691406,0
5898,214.3126220703125,148.65000915527344,493.0845947265625,149.8216552734375,125.18672943115234,444.3279724121094,163.36932373046875,424.12457275390625,139.2042694091797,401.6595458984375,140.93626403808594,423.38525390625,153.1280059814453,410.64910888671875,189.14291381835938,378.0128479003906,242.2241973876953,344.3352355957031,286.52667236328125,360.9700927734375,325.28790283203125,386.196044921875,0
5899,214.27471923828125,148.52993774414062,493.1217346191406,149.8289337158203,125.19781494140625,436.8945617675781,165.82814025878906,415.6437683105469,142.24981689453125,391.57537841796875,144.047119140625,415.072265625,156.18260192871094,401.11248779296875,191.77743530273438,368.6138916015625,240.12904357910156,334.9305419921875,282.2545166015625,339.63458251953125,318.11181640625,364.4494934082031,0
5900,214.22320556640625,148.59649658203125,493.1488342285156,149.8194580078125,125.21338653564453,436.8957214355469,165.87562561035156,415.672119140625,142.24249267578125,391.5820617675781,144.12461853027344,415.08233642578125,156.2465362548828,401.0890808105469,191.66448974609375,368.38592529296875,240.15011596679688,334.9200744628906,282.26043701171875,339.6451416015625,318.1179504394531,364.4483947753906,0
5901,214.27053833007812,148.62168884277344,493.0428161621094,149.84844970703125,124.83775329589844,432.1015930175781,166.20697021484375,411.9249267578125,143.67005920410156,387.24188232421875,143.92787170410156,410.4967346191406,157.52427673339844,396.352294921875,191.64125061035156,366.86773681640625,240.23580932617188,334.4236755371094,279.6100769042969,336.2651062011719,311.0915222167969,359.6538391113281,0
5902,214.22828674316406,148.68441772460938,493.1331481933594,149.70733642578125,122.23765563964844,422.6698913574219,167.56822204589844,407.2969055175781,148.670166015625,379.377685546875,143.99537658691406,403.3494567871094,159.67343139648438,391.3668212890625,194.37216186523438,364.0467834472656,241.95419311523438,333.54754638671875,275.8685302734375,335.9517822265625,288.5534973144531,363.70977783203125,0
5903,214.16468811035156,148.6901397705078,493.249267578125,149.59683227539062,121.1309585571289,418.5395812988281,168.9197998046875,406.34814453125,152.71197509765625,376.1095275878906,146.23020935058594,399.4010925292969,162.05795288085938,388.83056640625,196.59555053710938,365.6655578613281,241.89208984375,333.5076599121094,281.8305358886719,342.9943542480469,293.46533203125,399.63067626953125,0
5904,214.15325927734375,148.6664581298828,493.32763671875,149.57432556152344,120.38187408447266,419.94293212890625,168.8020477294922,406.9847106933594,152.55078125,375.9782409667969,145.74481201171875,399.7126770019531,161.4449462890625,389.3548583984375,197.15965270996094,366.09552001953125,240.35055541992188,334.40484619140625,281.2004699707031,332.93731689453125,296.9495849609375,387.2080078125,0
5905,214.16632080078125,148.65953063964844,493.3281555175781,149.5751190185547,120.38346862792969,419.9431457519531,168.77996826171875,407.00775146484375,152.5197296142578,375.9996032714844,145.74658203125,399.7184753417969,161.40098571777344,389.3718566894531,196.93978881835938,366.1754150390625,240.3446807861328,334.3882141113281,281.20184326171875,332.9378662109375,296.94512939453125,387.2075500488281,0
5906,214.16896057128906,148.69491577148438,493.2706298828125,149.5410919189453,117.1025390625,423.72088623046875,166.16993713378906,409.4408874511719,148.44651794433594,378.5451354980469,141.38043212890625,403.1303405761719,158.5826873779297,391.7515869140625,195.46920776367188,367.11151123046875,239.23721313476562,335.5596008300781,289.23138427734375,319.03955078125,310.55242919921875,364.716064453125,0
5907,214.04852294921875,148.708251953125,493.2690124511719,149.56483459472656,105.1624984741211,423.9375,156.31005859375,414.4436950683594,141.16220092773438,381.4440612792969,133.0446319580078,404.7184143066406,150.5678253173828,395.8072204589844,187.83973693847656,366.34832763671875,237.77406311035156,337.3167419433594,280.19451904296875,318.5958251953125,314.6336364746094,307.8019714355469,0
5908,214.2733612060547,148.6523895263672,493.28021240234375,149.74853515625,98.33114624023438,429.2519836425781,151.54684448242188,418.1851501464844,135.45022583007812,388.0490417480469,128.03187561035156,411.5335693359375,145.16751098632812,401.5994567871094,184.8861541748047,372.0211486816406,236.05812072753906,340.35162353515625,288.4718933105469,318.464599609375,347.3909606933594,305.98907470703125,0
5909,214.04811096191406,148.74725341796875,493.22711181640625,149.73016357421875,90.02930450439453,439.5645751953125,142.2606658935547,429.6474914550781,126.4632797241211,398.07354736328125,118.03343963623047,420.96124267578125,135.3697967529297,412.65142822265625,178.3284149169922,383.05035400390625,237.2950439453125,345.665283203125,288.5074768066406,337.5399169921875,329.7984619140625,331.3702697753906,0
5910,214.12832641601562,148.7791748046875,493.1702575683594,149.77847290039062,88.03921508789062,437.5135803222656,137.319091796875,429.9964294433594,121.78211975097656,399.4816589355469,113.52272033691406,420.9451599121094,132.10691833496094,413.5061950683594,177.1141357421875,382.668212890625,238.69143676757812,345.4953918457031,301.83843994140625,341.9601745605469,352.93084716796875,349.6421203613281,0
5911,214.2360382080078,148.74073791503906,493.012451171875,149.55482482910156,86.07088470458984,434.23797607421875,134.6342315673828,427.8376159667969,121.09526824951172,396.2706604003906,111.0667953491211,419.1810607910156,128.7742156982422,412.0340270996094,175.48040771484375,380.56878662109375,237.82962036132812,343.6480712890625,303.4488525390625,342.92742919921875,358.51123046875,351.5191955566406,0
5912,214.2318572998047,148.74232482910156,493.0100402832031,149.55279541015625,86.0514144897461,434.22698974609375,134.61798095703125,427.8133239746094,121.0079345703125,396.2641906738281,111.05380249023438,419.1674499511719,128.69253540039062,411.9801940917969,175.65472412109375,380.46337890625,237.83421325683594,343.6414794921875,303.4711608886719,342.91888427734375,358.4888610839844,351.5415954589844,0
5913,214.2177276611328,148.69107055664062,493.0460205078125,149.6411590576172,85.80780792236328,432.5450439453125,133.88577270507812,426.54144287109375,118.77864837646484,396.5905456542969,110.02777862548828,418.8326721191406,128.58331298828125,410.6003723144531,172.5362548828125,378.6979064941406,237.085205078125,340.2548522949219,293.3724365234375,334.95208740234375,347.2364196777344,344.60369873046875,0
5914,214.14935302734375,148.5777130126953,493.0928649902344,149.79623413085938,84.05841827392578,429.146728515625,129.5015869140625,424.6495361328125,115.9490966796875,394.85601806640625,108.42884063720703,416.0060729980469,123.21495056152344,409.1675720214844,172.06051635742188,377.385498046875,236.70947265625,338.44757080078125,294.8316345214844,323.8441467285156,354.01934814453125,316.15673828125,0
5915,214.19960021972656,148.55540466308594,493.0196228027344,149.5667266845703,81.63131713867188,425.9815673828125,125.90870666503906,424.1457214355469,113.6444091796875,394.1533508300781,106.09712982177734,414.12249755859375,120.17643737792969,409.0978088378906,169.5625457763672,377.7879638671875,235.2925567626953,338.8991394042969,292.4083251953125,324.1124572753906,353.35552978515625,315.0846862792969,0
5916,214.2688751220703,148.5780792236328,492.9695739746094,149.5109100341797,71.36284637451172,428.1573791503906,118.90052032470703,425.4850769042969,107.06663513183594,395.4408874511719,96.43345642089844,415.78076171875,113.47074890136719,410.7242431640625,164.220703125,382.49169921875,229.52020263671875,346.325439453125,283.9212646484375,338.7028503417969,335.4535827636719,332.0453796386719,0
5917,214.26527404785156,148.54739379882812,492.9689636230469,149.51071166992188,71.36756896972656,428.1564025878906,118.89386749267578,425.4853820800781,107.02688598632812,395.4524841308594,96.67626190185547,416.6446533203125,113.44512939453125,410.7256164550781,164.0935516357422,382.6085510253906,229.5211639404297,346.32513427734375,283.9177551269531,338.71484375,335.4826965332031,331.9920349121094,0
5918,214.3656005859375,148.5615692138672,493.0146179199219,149.45314025878906,68.43983459472656,429.50958251953125,117.99462127685547,425.8351135253906,105.0084228515625,394.5802001953125,94.68569946289062,417.22802734375,112.01252746582031,410.7056884765625,161.62681579589844,383.3500061035156,223.41348266601562,349.656005859375,275.5911560058594,346.4622802734375,321.59844970703125,344.29534912109375,0
5919,214.43756103515625,148.63320922851562,493.10894775390625,149.4856719970703,63.27500915527344,439.2164306640625,116.37175750732422,432.2425231933594,101.66197967529297,401.4951171875,92.22990417480469,424.0178527832031,107.95985412597656,416.2834777832031,154.40045166015625,384.415283203125,213.59107971191406,354.0006408691406,272.63287353515625,354.2453918457031,327.139404296875,363.99932861328125,0
5920,214.4547119140625,148.5956573486328,492.9646911621094,149.63604736328125,62.60140609741211,443.9224548339844,113.4774169921875,437.5838928222656,99.03010559082031,405.7574462890625,91.52333068847656,427.2125244140625,106.56155395507812,421.303466796875,151.78030395507812,393.2174377441406,206.6792449951172,360.99261474609375,265.48431396484375,355.5607604980469,321.1451721191406,359.1111755371094,0
5921,214.3856201171875,148.58433532714844,493.01171875,149.514404296875,57.188297271728516,453.93280029296875,110.246337890625,447.7435302734375,97.40547943115234,415.079345703125,86.57305145263672,437.22528076171875,101.852294921875,432.1776123046875,144.2940673828125,405.1786193847656,197.5860137939453,367.27197265625,256.5855407714844,363.435302734375,308.5048522949219,361.3621826171875,0
5922,214.4582061767578,148.5863800048828,493.2224426269531,149.60568237304688,54.761173248291016,455.26580810546875,106.3615493774414,446.6778564453125,92.96023559570312,413.8445129394531,82.43679809570312,436.85986328125,98.92469024658203,430.6080322265625,138.39346313476562,401.2821044921875,189.56829833984375,361.9859313964844,248.6405029296875,358.56121826171875,304.4234924316406,360.3987731933594,0
5923,214.45132446289062,148.5911865234375,493.2321472167969,149.63021850585938,54.73716354370117,455.2738342285156,106.68814849853516,446.7418518066406,92.9933853149414,413.86370849609375,82.60125732421875,436.8934326171875,99.02782440185547,430.5294189453125,138.39224243164062,401.14898681640625,189.5489959716797,362.01544189453125,248.6453094482422,358.56072998046875,304.37554931640625,360.4131164550781,0
5924,214.3800811767578,148.7494659423828,493.1858215332031,149.75830078125,49.3878059387207,462.7935485839844,103.80680084228516,447.3589172363281,86.09620666503906,417.6186218261719,78.20569610595703,441.62188720703125,94.62580108642578,431.12347412109375,132.4235076904297,398.2198181152344,178.7034454345703,357.7548828125,229.91259765625,327.009521484375,290.17236328125,308.48883056640625,0
5925,214.01597595214844,148.53025817871094,493.0965881347656,149.67897033691406,45.03173065185547,472.35595703125,101.319091796875,455.47601318359375,80.11965942382812,423.3529968261719,73.74952697753906,448.89422607421875,89.24846649169922,437.78485107421875,129.12474060058594,401.5773010253906,176.84375,359.7462463378906,228.3092041015625,328.5325927734375,288.69903564453125,309.46759033203125,0
5926,214.05136108398438,148.5732879638672,493.1704406738281,149.6693878173828,44.314579010009766,485.6288757324219,99.45025634765625,462.8244934082031,76.06723022460938,434.6678466796875,72.54286193847656,458.6156005859375,86.50779724121094,447.94024658203125,122.54157257080078,409.4897766113281,170.6728515625,366.9926452636719,224.77169799804688,335.60662841796875,280.53485107421875,313.75042724609375,0
5927,214.0531005859375,148.5718994140625,493.1286926269531,149.64527893066406,44.31597137451172,485.63092041015625,99.48065948486328,462.83990478515625,76.06309509277344,434.65008544921875,72.5212173461914,458.606201171875,86.4717025756836,447.9853515625,122.58489990234375,409.60577392578125,170.6654815673828,366.9919128417969,224.7465057373047,335.6224365234375,280.5330505371094,313.7501220703125,0
5928,214.03912353515625,148.65660095214844,493.09857177734375,149.57281494140625,42.80894470214844,492.9616394042969,100.14813995361328,471.6085510253906,74.46590423583984,440.4549865722656,70.64875030517578,467.7292785644531,85.23844909667969,455.56353759765625,120.0475082397461,412.6220397949219,168.2515411376953,370.524169921875,221.0062255859375,338.90142822265625,278.4012756347656,316.0249328613281,0
5929,214.13748168945312,148.6669921875,493.2543029785156,149.64889526367188,43.06767654418945,505.1926574707031,96.82552337646484,477.7857360839844,71.45067596435547,450.1503601074219,68.68890380859375,476.7565002441406,83.18157958984375,461.69073486328125,119.40384674072266,420.57794189453125,163.1703338623047,377.3580627441406,215.1537628173828,343.52880859375,273.79107666015625,319.9582214355469,0
5930,214.15737915039062,148.52127075195312,493.30560302734375,149.7741241455078,41.836341857910156,504.5103759765625,98.24666595458984,478.5715637207031,72.76918029785156,450.2744140625,68.92613220214844,477.10455322265625,84.24413299560547,462.7223205566406,119.96720123291016,422.2823181152344,162.3867950439453,380.20452880859375,214.2229766845703,344.40570068359375,272.3627624511719,317.2742614746094,0
5931,214.11878967285156,148.48919677734375,493.24578857421875,149.74386596679688,44.203529357910156,500.886474609375,100.86421966552734,475.0544128417969,73.60015869140625,447.0357360839844,71.20718383789062,472.75518798828125,86.12340545654297,459.7835388183594,120.86511993408203,422.44842529296875,161.7925262451172,387.0166931152344,215.09942626953125,355.6955261230469,269.5831298828125,333.0953063964844,0
5932,214.05914306640625,148.55670166015625,493.2452087402344,149.74342346191406,44.20561981201172,500.88360595703125,100.83870697021484,475.0694274902344,73.61329650878906,447.0478210449219,71.18731689453125,472.7553405761719,86.10824584960938,459.8551025390625,120.7083740234375,422.5701599121094,161.8134307861328,387.0653381347656,215.10902404785156,355.6901550292969,269.5853271484375,333.0919189453125,0
5933,214.12680053710938,148.6208953857422,493.2999267578125,149.6495819091797,50.535484313964844,504.2610168457031,103.1634750366211,474.2464294433594,73.14392852783203,447.59674072265625,75.33345031738281,471.2021484375,85.5176010131836,460.510986328125,120.0375747680664,423.2325134277344,159.04432678222656,388.7373046875,212.67544555664062,359.4247131347656,271.9860534667969,335.9450988769531,0
5934,214.11045837402344,148.3683319091797,493.1771545410156,149.5062255859375,63.3031120300293,516.3464965820312,104.43733215332031,470.5473327636719,72.83081817626953,453.5088195800781,77.68858337402344,478.3793640136719,86.59693908691406,466.2713317871094,118.42125701904297,423.15277099609375,157.5746612548828,387.6148376464844,211.59788513183594,358.06976318359375,276.1313781738281,340.3771057128906,0
5935,213.98997497558594,148.46524047851562,493.2392272949219,149.62437438964844,69.62654876708984,517.1860961914062,106.82022857666016,469.669677734375,73.82344055175781,455.0057067871094,80.45494842529297,480.5175476074219,86.71414947509766,466.20489501953125,117.50105285644531,424.5237731933594,156.759765625,389.257568359375,210.3994140625,360.9944152832031,274.28863525390625,342.88250732421875,0
5936,214.09739685058594,148.58641052246094,493.650390625,149.4998321533203,83.97440338134766,518.5088500976562,114.48530578613281,467.3143005371094,76.31478118896484,456.8760070800781,91.67422485351562,480.0775451660156,93.09537506103516,461.76629638671875,118.82600402832031,424.43902587890625,153.01107788085938,390.51177978515625,201.60145568847656,358.08489990234375,260.45306396484375,345.6341857910156,0
5937,214.0994873046875,148.46710205078125,493.52716064453125,149.48214721679688,87.95584869384766,518.56298828125,120.97157287597656,468.0409240722656,80.80975341796875,459.43206787109375,94.91812133789062,479.8416442871094,98.36945343017578,462.37445068359375,118.99346923828125,424.9366149902344,151.12486267089844,388.25384521484375,197.3959197998047,353.6656799316406,254.77357482910156,346.94207763671875,0
5938,214.15567016601562,148.56564331054688,493.4527282714844,149.5048370361328,91.67215728759766,520.0281372070312,125.05660247802734,469.43634033203125,86.65792846679688,459.3500061035156,100.44486999511719,481.9567565917969,103.08978271484375,462.5331726074219,122.27494812011719,423.65679931640625,152.27899169921875,385.93505859375,187.96694946289062,353.49169921875,247.2545166015625,334.9619140625,0
5939,214.08819580078125,148.53164672851562,493.3692626953125,149.53382873535156,97.8994369506836,518.1961059570312,131.9069366455078,468.9449157714844,92.53678894042969,458.67010498046875,106.9418716430664,479.6706848144531,109.47661590576172,461.29437255859375,124.98078155517578,422.68402099609375,154.8314208984375,384.8683166503906,196.64877319335938,344.6759033203125,234.39064025878906,306.36676025390625,0
5940,214.08998107910156,148.68141174316406,493.3365173339844,149.50180053710938,119.73989868164062,513.1871337890625,142.0785369873047,460.73748779296875,103.84088897705078,461.9779357910156,120.22447204589844,477.9831237792969,119.84618377685547,462.1739807128906,132.71209716796875,419.5953369140625,159.0078125,379.122802734375,207.14874267578125,334.37078857421875,252.976318359375,290.4425354003906,0
5941,214.11972045898438,148.6826629638672,493.39105224609375,149.54721069335938,119.74335479736328,513.190185546875,142.07305908203125,460.7525329589844,103.84539794921875,461.9713439941406,120.2169418334961,477.9897766113281,119.86460876464844,462.17242431640625,132.76651000976562,419.5818176269531,159.0145263671875,379.11181640625,207.17739868164062,334.3539123535156,253.0709686279297,290.3500671386719,0
5942,214.32969665527344,148.6287078857422,493.3851318359375,149.6102294921875,136.85049438476562,515.5018310546875,150.01150512695312,456.8421936035156,111.23345947265625,464.62823486328125,129.8189697265625,478.47021484375,129.1739044189453,461.4418640136719,135.3853302001953,419.00103759765625,158.7624969482422,377.2549743652344,199.13092041015625,333.04547119140625,250.8965606689453,292.2862548828125,0
5943,214.2562713623047,148.6190948486328,493.45697021484375,149.61480712890625,156.52996826171875,512.967041015625,129.70884704589844,461.1061706542969,169.0673370361328,455.0399475097656,151.39198303222656,474.37628173828125,146.0213623046875,458.2958984375,144.08895874023438,413.5357971191406,164.4956512451172,372.1899719238281,207.1345977783203,327.66156005859375,252.11517333984375,284.3068542480469,0
5944,214.21304321289062,148.7607879638672,493.2117004394531,149.53407287597656,163.89259338378906,509.4543762207031,139.3505859375,459.4436340332031,175.30003356933594,455.2389221191406,156.7791290283203,471.4137268066406,153.6299285888672,456.7171936035156,149.83529663085938,412.3664855957031,168.2486114501953,367.86834716796875,212.67794799804688,323.0369567871094,246.28155517578125,283.2561340332031,0
5945,214.1683349609375,148.4971923828125,493.26031494140625,149.68016052246094,171.57333374023438,504.7460021972656,154.11166381835938,455.4852600097656,186.67120361328125,451.8663635253906,167.5001678466797,469.09808349609375,166.13198852539062,453.7560119628906,159.01437377929688,407.5824279785156,176.63966369628906,356.9671325683594,221.70306396484375,310.13330078125,260.0493469238281,263.5415954589844,0
5946,214.2139434814453,148.4981231689453,493.2358093261719,149.62985229492188,177.10726928710938,504.622314453125,158.28587341308594,452.9385986328125,192.74655151367188,447.5966796875,173.2615509033203,467.5968933105469,170.51577758789062,452.2568359375,162.277587890625,405.1864929199219,177.88096618652344,355.44122314453125,222.86756896972656,306.4865417480469,261.13189697265625,259.58172607421875,0
5947,214.19688415527344,148.48464965820312,493.2521057128906,149.60919189453125,177.06185913085938,504.6232604980469,158.20156860351562,452.963134765625,192.7104034423828,447.5879211425781,173.3096160888672,467.54400634765625,170.446533203125,452.3104248046875,162.35250854492188,405.3282165527344,177.8798065185547,355.4277648925781,223.1865997314453,306.2127380371094,261.23052978515625,259.47442626953125,0
5948,214.18690490722656,148.5965118408203,493.310302734375,149.67332458496094,184.92498779296875,502.59027099609375,162.3810272216797,453.76092529296875,194.64012145996094,446.5330810546875,176.58155822753906,466.49530029296875,175.63587951660156,452.4550476074219,165.5508270263672,404.58612060546875,180.2332000732422,353.1091003417969,223.80224609375,303.0235290527344,262.7431945800781,256.7238464355469,0
5949,214.26748657226562,148.5474395751953,493.1675109863281,149.69239807128906,189.2704620361328,502.8406982421875,167.35150146484375,452.68603515625,199.44168090820312,445.4708557128906,185.43504333496094,466.2221374511719,180.6266326904297,452.1143798828125,168.24095153808594,404.51812744140625,180.83494567871094,353.3724670410156,224.4013671875,301.9791259765625,263.835205078125,255.68203735351562,0
5950,214.3666229248047,148.61973571777344,493.1327819824219,149.6732635498047,204.14682006835938,496.9864196777344,175.33511352539062,452.21600341796875,206.729736328125,442.7572021484375,191.72308349609375,463.0325012207031,188.37339782714844,451.6680603027344,167.51531982421875,398.5245666503906,179.18455505371094,346.13116455078125,221.69898986816406,297.3409423828125,267.9734802246094,253.85842895507812,0
5951,214.2970428466797,148.65106201171875,493.1387634277344,149.65818786621094,207.7473602294922,495.7249755859375,178.56857299804688,450.9105529785156,209.75975036621094,442.14678955078125,198.3224334716797,464.8758239746094,191.21934509277344,448.7682189941406,169.45452880859375,397.2139587402344,180.21971130371094,344.1220397949219,220.71554565429688,294.0385437011719,269.4137878417969,250.45057678222656,0
5952,214.22787475585938,148.66925048828125,493.04052734375,149.6669464111328,211.4849090576172,490.7890625,179.4912567138672,449.9888000488281,210.53265380859375,440.06988525390625,198.70362854003906,461.9796447753906,190.80482482910156,446.8887634277344,169.5369110107422,395.0816955566406,181.2057342529297,342.20574951171875,222.0759735107422,292.1011047363281,268.5584716796875,249.0819549560547,0
5953,214.21652221679688,148.80126953125,492.9883117675781,149.70791625976562,209.50318908691406,489.9396667480469,178.29945373535156,449.18499755859375,209.27902221679688,440.0561218261719,197.1646270751953,461.6080322265625,189.45018005371094,446.3812561035156,169.56106567382812,394.4054870605469,181.29502868652344,340.9949645996094,223.5341796875,291.8446960449219,269.064697265625,248.13278198242188,0
5954,214.18618774414062,148.79754638671875,493.04681396484375,149.70216369628906,218.3295440673828,481.6125183105469,180.84764099121094,445.0462341308594,210.42796325683594,427.654052734375,199.29234313964844,450.6613464355469,194.19358825683594,438.4588317871094,171.71340942382812,391.0703125,180.4263458251953,337.9525146484375,223.5555419921875,288.5829772949219,268.3945617675781,247.23509216308594,0
5955,214.18650817871094,148.7984619140625,493.1109924316406,149.6725311279297,218.3551483154297,481.61199951171875,180.84481811523438,445.03369140625,210.480712890625,427.65081787109375,199.31646728515625,450.7513732910156,194.2550811767578,438.4515686035156,171.71234130859375,391.13201904296875,180.4219207763672,337.9458923339844,223.55099487304688,288.5882568359375,268.35870361328125,247.26414489746094,0
5956,214.25845336914062,148.55030822753906,493.1556396484375,149.58993530273438,222.82278442382812,471.4065246582031,210.89341735839844,417.45135498046875,185.04513549804688,441.5111389160156,206.9401092529297,444.1658630371094,195.82891845703125,432.103515625,173.0150604248047,387.52447509765625,182.26486206054688,334.45458984375,222.2255859375,285.202392578125,269.9666442871094,243.4773406982422,0
5957,214.19664001464844,148.6927490234375,493.16510009765625,149.76605224609375,234.36422729492188,450.1451721191406,221.29710388183594,407.3821716308594,200.32960510253906,432.8214111328125,215.4165802001953,430.13031005859375,203.88975524902344,417.9979553222656,171.65794372558594,381.59912109375,184.48757934570312,326.8743591308594,226.37136840820312,279.3787536621094,274.1377868652344,238.08447265625,0
5958,214.19883728027344,148.6624298095703,493.1688232421875,149.68113708496094,237.78549194335938,445.62371826171875,224.23207092285156,405.9443359375,199.89683532714844,435.8414001464844,218.39263916015625,424.083984375,205.67201232910156,413.5274658203125,172.7900390625,380.2816467285156,182.30508422851562,325.12603759765625,226.1822052001953,278.2949523925781,274.15130615234375,238.00830078125,0
5959,214.09664916992188,148.5281982421875,493.1787109375,149.71151733398438,245.33009338378906,449.1719970703125,231.9761199951172,406.6429443359375,206.21438598632812,433.0140075683594,225.30955505371094,425.4056091308594,213.42112731933594,415.6559143066406,176.32984924316406,381.29107666015625,181.2971649169922,324.9704895019531,223.72900390625,278.1394958496094,273.41534423828125,238.3450927734375,0
5960,214.18634033203125,148.50588989257812,493.1004333496094,149.78268432617188,248.3856658935547,445.541748046875,233.31895446777344,406.9282531738281,208.12030029296875,433.8036804199219,229.2061309814453,425.9283142089844,215.2906036376953,414.9173583984375,176.8161163330078,382.5600891113281,179.3478240966797,326.0327453613281,219.44993591308594,277.3326416015625,272.5628356933594,237.77586364746094,0
5961,214.0506591796875,148.5025634765625,493.157958984375,149.75621032714844,249.29559326171875,443.18865966796875,239.03756713867188,406.94512939453125,217.10205078125,433.25,232.92568969726562,424.6470031738281,221.82159423828125,414.3685607910156,178.67738342285156,382.8550720214844,177.00343322753906,325.9085388183594,216.33441162109375,275.7571716308594,268.31884765625,237.46803283691406,0
5962,214.05014038085938,148.50274658203125,493.1380920410156,149.74420166015625,249.29299926757812,443.19073486328125,239.02821350097656,406.9425964355469,217.09877014160156,433.255615234375,232.92672729492188,424.649169921875,221.8163604736328,414.3681335449219,178.69314575195312,382.8489074707031,177.01034545898438,325.9121398925781,216.33558654785156,275.7562255859375,268.2934265136719,237.46832275390625,0
5963,214.12899780273438,148.45643615722656,493.15142822265625,149.6352081298828,255.5242156982422,436.5616149902344,241.44557189941406,405.2742614746094,224.8974609375,434.313720703125,238.10604858398438,423.3571472167969,227.27301025390625,415.33062744140625,181.16014099121094,382.3779602050781,178.1109161376953,326.8511962890625,216.34620666503906,275.7649841308594,267.3619384765625,236.4501495361328,0
5964,214.3270721435547,148.35411071777344,493.12548828125,149.68409729003906,267.13555908203125,431.1745300292969,252.65884399414062,406.723388671875,238.91592407226562,436.16888427734375,250.45555114746094,422.6919250488281,239.5602264404297,416.2572021484375,187.96160888671875,384.8103332519531,178.1958465576172,332.6751708984375,215.46170043945312,280.0393371582031,264.7537536621094,239.78477478027344,0
5965,214.1278839111328,148.4735565185547,493.12109375,149.70596313476562,276.79400634765625,432.9839782714844,257.136962890625,407.8620300292969,245.10040283203125,437.07647705078125,257.59051513671875,424.9575500488281,245.8037109375,418.804443359375,192.94866943359375,388.3075866699219,177.1589813232422,335.6977844238281,208.6561737060547,284.8296203613281,250.5271759033203,245.5775146484375,0
5966,214.2941131591797,148.56373596191406,493.1622619628906,149.71234130859375,285.5242919921875,428.8940124511719,269.80963134765625,409.8370056152344,258.0450744628906,437.8529968261719,270.10723876953125,425.3996276855469,257.6877136230469,419.77154541015625,196.87353515625,389.8599548339844,168.08949279785156,348.95166015625,182.8274688720703,298.4900817871094,216.01902770996094,259.2739562988281,0
5967,214.32916259765625,148.54544067382812,493.0953674316406,149.71087646484375,285.5299072265625,428.8946838378906,269.8088684082031,409.83929443359375,258.044677734375,437.85626220703125,270.1102294921875,425.4031677246094,257.6971435546875,419.7684326171875,196.87059020996094,389.864990234375,168.11346435546875,349.1927185058594,182.66799926757812,298.6313171386719,216.04214477539062,259.3178405761719,0
5968,214.24928283691406,148.5600128173828,493.0220642089844,149.701416015625,277.4404296875,431.5160217285156,271.03656005859375,409.27337646484375,255.66346740722656,438.56756591796875,266.83123779296875,424.445068359375,257.2003479003906,417.6825256347656,196.5270538330078,391.5691223144531,163.26388549804688,354.39459228515625,170.5908966064453,299.29364013671875,208.27378845214844,244.05755615234375,0
5969,214.12655639648438,148.58917236328125,493.07257080078125,149.6663818359375,268.7288513183594,434.5130615234375,264.8993835449219,411.6214904785156,245.42364501953125,437.3638000488281,260.0384826660156,426.64007568359375,249.35011291503906,419.185302734375,194.9842987060547,389.38165283203125,156.72203063964844,352.08465576171875,160.063720703125,293.8947448730469,188.3741912841797,230.6367645263672,0
5970,214.31690979003906,148.59901428222656,493.1100158691406,149.6173553466797,265.030029296875,440.4920349121094,261.96258544921875,412.37762451171875,243.24566650390625,436.68878173828125,256.3191223144531,427.3178405761719,248.34288024902344,419.934326171875,195.23028564453125,388.3031311035156,158.11773681640625,350.8384094238281,164.81991577148438,289.47149658203125,195.84100341796875,225.07052612304688,0
5971,214.41751098632812,148.55763244628906,493.2149353027344,149.54501342773438,265.7981262207031,440.31158447265625,261.2147216796875,413.25555419921875,242.91561889648438,438.0508728027344,255.88429260253906,428.4957275390625,247.9096221923828,420.770263671875,195.12522888183594,389.1175842285156,160.0452117919922,349.63543701171875,169.2342529296875,286.6639404296875,200.2434539794922,226.02406311035156,0
5972,214.41705322265625,148.5580596923828,493.21417236328125,149.54505920410156,265.8109130859375,440.2447814941406,261.257568359375,413.16754150390625,242.9282989501953,437.9892578125,255.91351318359375,428.4388732910156,247.90966796875,420.70257568359375,194.68161010742188,389.138427734375,160.06268310546875,349.6520690917969,169.2355499267578,286.6650695800781,200.24365234375,226.0238037109375,0
5973,214.3168487548828,148.59376525878906,493.0496520996094,149.46661376953125,264.2503356933594,438.0587158203125,261.1375427246094,412.9732971191406,243.37120056152344,437.2720642089844,255.96664428710938,427.7832336425781,248.03562927246094,420.2973937988281,195.0885772705078,388.7817687988281,160.03359985351562,349.36309814453125,169.42510986328125,286.60693359375,200.18467712402344,226.19972229003906,0
5974,214.38397216796875,148.38067626953125,493.0400085449219,149.531005859375,264.665771484375,436.40301513671875,262.1379699707031,412.57342529296875,243.58087158203125,436.95770263671875,256.5406494140625,427.1927490234375,248.49798583984375,419.8515319824219,196.23875427246094,387.6089782714844,159.7903594970703,349.559326171875,168.47802734375,285.7900695800781,200.3837127685547,225.93385314941406,0
5975,214.20945739746094,148.5547637939453,493.0655517578125,149.47377014160156,266.1585693359375,436.46295166015625,262.2837219238281,412.55853271484375,243.81118774414062,437.341796875,257.4825439453125,427.2537841796875,248.77621459960938,420.0424499511719,196.431884765625,386.7754211425781,160.25535583496094,348.6949157714844,168.2476348876953,285.87115478515625,199.6490478515625,226.33975219726562,0
5976,214.21603393554688,148.5117950439453,493.0987548828125,149.42527770996094,267.2047119140625,436.22125244140625,262.38201904296875,412.65118408203125,244.22772216796875,437.4380798339844,258.0631103515625,427.3278503417969,249.02764892578125,420.304931640625,196.7353973388672,386.6569519042969,160.49119567871094,348.404296875,168.36178588867188,285.9399719238281,199.7799072265625,226.04095458984375,0
5977,214.1943359375,148.62498474121094,493.18377685546875,149.46507263183594,267.17828369140625,436.2385559082031,262.29034423828125,412.580078125,244.2408447265625,437.4356994628906,258.01123046875,427.2987365722656,248.98912048339844,420.26470947265625,196.776611328125,386.6938171386719,160.45953369140625,348.4305419921875,168.37841796875,285.73980712890625,199.69430541992188,226.15208435058594,0
5978,214.1997833251953,148.7068328857422,493.3102111816406,149.5520477294922,268.8210144042969,435.9470520019531,262.0553894042969,412.4533386230469,244.2940216064453,437.9786682128906,258.47735595703125,427.5310974121094,248.6724090576172,420.46490478515625,196.840576171875,386.37969970703125,160.44650268554688,348.2687683105469,168.45785522460938,285.8399963378906,199.69442749023438,226.7605743408203,0
5979,214.1588134765625,148.74533081054688,493.3301086425781,149.54037475585938,284.7035217285156,431.5552062988281,261.61260986328125,407.962890625,248.20718383789062,437.0158386230469,263.9081115722656,424.3309326171875,250.72622680664062,418.52484130859375,194.83145141601562,388.63665771484375,158.66702270507812,352.18414306640625,168.38206481933594,291.263427734375,197.79684448242188,229.68161010742188,0
5980,214.31723022460938,148.54872131347656,493.24688720703125,149.52581787109375,289.0657653808594,427.4931640625,265.0281066894531,406.5982360839844,253.70819091796875,437.5896301269531,267.6152038574219,422.786865234375,253.25091552734375,418.1767272949219,194.51004028320312,391.9556579589844,158.8311004638672,356.8352355957031,166.75987243652344,296.26025390625,192.76162719726562,233.74441528320312,0
5981,214.34201049804688,148.44662475585938,493.2029724121094,149.48223876953125,306.36846923828125,423.2298278808594,275.9315185546875,405.7095947265625,269.18585205078125,437.5308837890625,281.8295593261719,421.20147705078125,267.0539245605469,419.3907470703125,205.10948181152344,397.4172668457031,165.2263946533203,366.3158874511719,159.32904052734375,308.16796875,178.42771911621094,244.52455139160156,0
5982,214.34063720703125,148.4425048828125,493.20404052734375,149.48110961914062,306.3664855957031,423.230224609375,275.9467468261719,405.7054138183594,269.1834411621094,437.5230407714844,281.8347473144531,421.1950988769531,267.05047607421875,419.3779296875,205.107421875,397.43145751953125,165.22671508789062,366.3166198730469,159.32823181152344,308.1676940917969,178.4337615966797,244.54605102539062,0
5983,214.27696228027344,148.62930297851562,493.30255126953125,149.49436950683594,312.8473205566406,422.6031494140625,284.807373046875,405.36944580078125,278.25238037109375,437.0854187011719,290.7533264160156,420.4117736816406,274.27996826171875,418.2398681640625,219.24337768554688,398.7010192871094,173.4259490966797,365.7815246582031,162.62852478027344,305.9263916015625,174.40406799316406,242.30389404296875,0
5984,214.2392120361328,148.70115661621094,493.411865234375,149.48077392578125,337.9539489746094,423.6841125488281,309.09954833984375,399.081298828125,300.97723388671875,431.9015197753906,313.5169372558594,416.0621337890625,298.45703125,411.048828125,239.66575622558594,397.9554138183594,187.30117797851562,369.5355529785156,173.8189697265625,318.0154113769531,183.28607177734375,249.16888427734375,0
5985,214.26881408691406,148.6757354736328,493.462890625,149.4115447998047,350.4747314453125,422.8439025878906,320.60919189453125,399.68212890625,313.0066223144531,431.7662048339844,324.6255187988281,416.214111328125,310.85577392578125,412.2568054199219,251.96835327148438,399.6849365234375,195.26304626464844,380.493408203125,174.3754119873047,329.90972900390625,180.20579528808594,261.1527404785156,0
5986,214.41087341308594,148.72702026367188,493.3600158691406,149.53358459472656,373.97125244140625,428.28021240234375,346.63470458984375,396.9085998535156,333.5426025390625,431.2876892089844,347.8038330078125,415.87591552734375,334.1883239746094,409.54010009765625,275.2051086425781,404.18359375,214.46177673339844,399.38946533203125,176.27769470214844,372.2138671875,152.210205078125,297.15582275390625,0
5987,214.4527587890625,148.6844024658203,493.39044189453125,149.37734985351562,385.92657470703125,427.81939697265625,357.3768615722656,396.3190002441406,344.8739929199219,429.0614013671875,359.14111328125,415.6460266113281,344.9902038574219,408.38690185546875,287.9412841796875,404.6030578613281,229.0348663330078,406.897705078125,184.9468536376953,385.2992858886719,149.8648681640625,321.3541259765625,0
5988,214.4845428466797,148.66310119628906,493.3501892089844,149.37460327148438,385.93231201171875,427.814208984375,357.36712646484375,396.31866455078125,344.8726806640625,429.05108642578125,359.14630126953125,415.639892578125,344.99139404296875,408.38153076171875,287.95782470703125,404.5487976074219,229.03407287597656,406.8864440917969,184.90562438964844,385.2705993652344,149.86036682128906,321.3013000488281,0
5989,214.39666748046875,148.65579223632812,493.2536926269531,149.492919921875,398.59466552734375,431.7677001953125,367.8101806640625,398.424072265625,356.2252502441406,430.788330078125,371.755126953125,417.67437744140625,356.30230712890625,411.6034851074219,300.36041259765625,405.1271667480469,239.52481079101562,406.2494201660156,191.7313995361328,390.2655944824219,155.43418884277344,331.5860290527344,0
5990,214.28338623046875,148.72042846679688,493.2959289550781,149.50833129882812,407.54443359375,432.3118896484375,376.291748046875,399.8813171386719,366.29833984375,431.6008605957031,379.7555236816406,418.0716857910156,365.3608093261719,411.7111511230469,311.025146484375,404.181396484375,251.21624755859375,396.2484130859375,206.91136169433594,381.8099670410156,181.11570739746094,357.34747314453125,0
5991,214.33563232421875,148.7994842529297,493.3280944824219,149.43505859375,431.4936218261719,431.58563232421875,403.4747009277344,395.7886657714844,389.6435241699219,426.4744873046875,405.5362243652344,414.4686279296875,391.1732482910156,408.9142761230469,335.80810546875,392.40753173828125,279.52685546875,374.6278381347656,247.2587432861328,350.6694641113281,221.20428466796875,327.425048828125,0
5992,214.3347625732422,148.80125427246094,493.3236999511719,149.42811584472656,431.5185852050781,431.57110595703125,403.32940673828125,395.63275146484375,389.5300598144531,426.4344482421875,405.3338928222656,414.28448486328125,390.7325439453125,408.60638427734375,335.2486877441406,392.3450927734375,279.5265197753906,374.6275634765625,247.25856018066406,350.6689758300781,221.19747924804688,327.423828125,0
5993,214.3850860595703,148.6981658935547,493.2938537597656,149.46827697753906,440.7809143066406,428.20220947265625,412.27337646484375,396.45263671875,399.0458068847656,427.9105529785156,414.2829895019531,412.8052062988281,400.302001953125,407.6958923339844,344.30963134765625,391.87261962890625,285.5510559082031,377.49700927734375,249.6682586669922,351.6528625488281,217.96112060546875,304.541015625,0
5994,214.5203094482422,148.74270629882812,493.42340087890625,149.47804260253906,460.4809265136719,439.2922058105469,437.08636474609375,401.5936584472656,418.98223876953125,432.74993896484375,436.1532897949219,421.87054443359375,422.1977844238281,413.4495544433594,366.0129089355469,397.97491455078125,305.9364013671875,393.2047119140625,267.9800109863281,380.85772705078125,234.88406372070312,354.06011962890625,0
5995,214.4349822998047,148.69606018066406,493.3139953613281,149.5389404296875,472.73175048828125,441.23809814453125,448.89300537109375,405.9299621582031,432.8045654296875,437.96209716796875,448.08746337890625,425.3111572265625,434.1793212890625,418.7869873046875,381.02972412109375,404.7783508300781,319.83831787109375,403.7669677734375,271.73089599609375,393.07098388671875,220.7943115234375,354.8889465332031,0
5996,214.40151977539062,148.70301818847656,493.326171875,149.5165252685547,497.51904296875,441.1529846191406,467.46295166015625,410.0933532714844,455.58367919921875,442.28619384765625,470.4242248535156,428.7719421386719,456.1832275390625,423.87933349609375,399.53887939453125,405.9833679199219,344.7218017578125,390.2635803222656,298.7908935546875,383.6999816894531,255.3253936767578,376.07086181640625,0
5997,214.5020751953125,148.57275390625,493.3446044921875,149.4881591796875,503.4790344238281,448.8529968261719,477.5585021972656,412.3249206542969,461.5791320800781,443.6311950683594,477.4853820800781,430.2635803222656,463.75604248046875,422.9189453125,408.67291259765625,402.091552734375,356.96112060546875,380.0119934082031,318.4814758300781,369.02276611328125,279.9657287597656,358.40460205078125,0
5998,214.46762084960938,148.65101623535156,493.4171447753906,149.4918670654297,505.03790283203125,454.9469909667969,484.9779052734375,413.1533508300781,465.383544921875,441.1955261230469,483.6636047363281,432.97662353515625,469.8912353515625,423.6573486328125,414.9897155761719,398.0389099121094,364.59246826171875,375.38909912109375,320.9513244628906,355.9258728027344,279.1778869628906,340.5495300292969,0
5999,214.3849639892578,148.7471160888672,493.35919189453125,149.42303466796875,507.1542053222656,457.7613220214844,489.1997985839844,413.5765075683594,466.5319519042969,438.5732116699219,486.85223388671875,433.7735900878906,473.7596130371094,422.1675720214844,423.45489501953125,397.4438781738281,368.7192687988281,374.7116394042969,328.0746765136719,350.6571350097656,286.3840026855469,331.7683410644531,0
6000,214.6090850830078,148.7041473388672,493.375732421875,149.42160034179688,507.7115173339844,461.0437316894531,491.7671203613281,413.1544189453125,466.1291198730469,437.01104736328125,486.50262451171875,432.622802734375,474.6358337402344,421.2776184082031,425.29522705078125,398.3450012207031,372.06500244140625,384.03961181640625,335.5040283203125,368.5690612792969,301.2799072265625,353.84326171875,0
6001,214.4690399169922,148.7226104736328,493.3863830566406,149.41085815429688,507.7185363769531,461.0314025878906,491.7698059082031,413.17376708984375,466.1124267578125,436.99957275390625,486.49957275390625,432.64190673828125,474.6614074707031,421.2820129394531,425.3502197265625,398.3673095703125,372.06463623046875,384.0387268066406,335.5347595214844,368.5984191894531,301.3017578125,353.8426513671875,0
6002,214.48333740234375,148.65963745117188,493.47015380859375,149.384521484375,507.2252502441406,459.1278991699219,491.2703552246094,412.1600341796875,465.1954650878906,435.598388671875,487.6354675292969,432.33197021484375,473.5853271484375,419.9020690917969,423.91802978515625,398.156005859375,369.9007263183594,384.4728698730469,321.4759521484375,368.759765625,273.0292053222656,358.9186096191406,0
6003,214.45761108398438,148.82675170898438,493.44268798828125,149.38999938964844,505.530517578125,454.1064453125,489.1513671875,407.8204040527344,462.900146484375,433.5177307128906,484.6472473144531,428.8194580078125,471.2524719238281,417.7505187988281,422.83807373046875,397.4480895996094,368.08001708984375,384.68524169921875,316.57061767578125,367.6938171386719,258.5136413574219,354.0223388671875,0
6004,214.55113220214844,148.8107147216797,493.3077697753906,149.4715118408203,504.5108642578125,454.19293212890625,487.0543518066406,407.8440856933594,460.0231628417969,436.1523742675781,482.54217529296875,428.71405029296875,469.41009521484375,417.92633056640625,421.02001953125,397.09185791015625,368.1150207519531,384.1257019042969,316.4361877441406,366.0188293457031,259.5334777832031,352.0268859863281,0
6005,214.67343139648438,148.5789794921875,493.3243408203125,149.71250915527344,504.04779052734375,454.1143798828125,485.0072326660156,407.8538818359375,458.237548828125,436.6236877441406,481.30743408203125,428.5447692871094,467.6828308105469,418.1567687988281,419.7293395996094,397.17022705078125,368.8443908691406,383.01361083984375,319.0351867675781,365.47943115234375,263.7140808105469,348.44415283203125,0
6006,214.67405700683594,148.5808868408203,493.3463134765625,149.63987731933594,504.0484924316406,454.114501953125,484.9804382324219,407.8538513183594,458.2771301269531,436.6302795410156,481.3240661621094,428.5711364746094,467.7684631347656,418.174560546875,419.679443359375,397.2295837402344,368.8623046875,383.03424072265625,319.0737609863281,365.4875793457031,263.8245544433594,348.4448547363281,0
6007,214.56369018554688,148.6743621826172,493.3832092285156,149.57363891601562,503.1662292480469,454.4960632324219,483.4242858886719,407.9411926269531,457.17803955078125,437.0615234375,479.923095703125,428.4566345214844,466.60009765625,418.3479919433594,419.26666259765625,397.55816650390625,368.54107666015625,382.954345703125,318.30169677734375,364.2491455078125,259.2784729003906,343.58770751953125,0
6008,214.4315643310547,148.71017456054688,493.3667297363281,149.54522705078125,503.0059509277344,457.3226318359375,481.0816650390625,410.4156188964844,455.22674560546875,438.654296875,478.5227355957031,430.85479736328125,464.43597412109375,420.7012939453125,417.4273986816406,397.3642883300781,368.0617370605469,382.2737121582031,317.80712890625,363.6230163574219,257.9564208984375,345.0181579589844,0
6009,214.36167907714844,148.67543029785156,493.3831787109375,149.5243377685547,502.70843505859375,457.3155822753906,481.2847595214844,410.71197509765625,455.3036193847656,438.6923522949219,478.54296875,431.23236083984375,464.43463134765625,420.84844970703125,418.13037109375,397.6728515625,368.1483154296875,382.25506591796875,318.1825866699219,363.71832275390625,258.6455383300781,344.872802734375,0
6010,214.337646484375,148.6183319091797,493.3523864746094,149.4984588623047,501.5389709472656,457.3879089355469,480.2668762207031,410.667236328125,454.98931884765625,438.4608459472656,477.7305908203125,431.2630920410156,463.5534973144531,420.7543029785156,417.277587890625,397.3350524902344,368.13330078125,382.2327575683594,318.062744140625,363.4364013671875,257.4383850097656,344.0440368652344,0
6011,214.44482421875,148.59153747558594,493.279052734375,149.53057861328125,501.3730163574219,457.75885009765625,480.1189270019531,410.5230407714844,454.4413146972656,438.3147888183594,477.4135437011719,431.063720703125,463.2110290527344,420.2955017089844,416.9899597167969,397.1470642089844,368.2315979003906,382.0675964355469,318.181396484375,363.2381896972656,257.85882568359375,343.77447509765625,0
6012,214.41209411621094,148.5889129638672,493.34918212890625,149.50253295898438,502.1328125,457.65185546875,480.5815124511719,410.8791198730469,455.0781555175781,439.0328674316406,477.9866027832031,431.3470458984375,463.9657897949219,420.8967590332031,417.70867919921875,397.4939270019531,368.256103515625,381.9307861328125,318.79962158203125,363.1840515136719,259.66497802734375,343.32403564453125,0
6013,214.3390350341797,148.55862426757812,493.4512634277344,149.4385528564453,501.6270751953125,457.2999267578125,480.1526184082031,410.3779602050781,454.8207702636719,438.432861328125,477.57818603515625,430.9866638183594,463.40179443359375,420.433349609375,417.90380859375,397.8011169433594,368.3603210449219,382.0615539550781,319.0744934082031,363.4758605957031,260.1996765136719,344.33734130859375,0
6014,214.25559997558594,148.76097106933594,493.41339111328125,149.56492614746094,501.3626403808594,457.2576904296875,479.9588317871094,410.6075744628906,454.54449462890625,438.31500244140625,477.3991394042969,430.91802978515625,463.1727294921875,420.38238525390625,417.33465576171875,397.2169494628906,368.23516845703125,382.11328125,318.0855407714844,363.3882751464844,258.5696716308594,344.4808044433594,0
6015,214.2649383544922,148.75624084472656,493.4129943847656,149.56597900390625,501.3604736328125,457.2619934082031,479.9570617675781,410.6253967285156,454.5416564941406,438.30743408203125,477.4030456542969,430.924072265625,463.1722106933594,420.3875732421875,417.26275634765625,397.2527160644531,368.2318420410156,382.1068115234375,318.10125732421875,363.37652587890625,258.5628967285156,344.4773254394531,0
6016,214.41671752929688,148.66651916503906,493.4117736816406,149.45916748046875,502.0721740722656,457.4225158691406,480.606201171875,410.8089599609375,454.83642578125,438.5572814941406,477.97711181640625,431.18109130859375,463.8435363769531,420.72235107421875,418.23834228515625,397.5581970214844,368.374267578125,381.98150634765625,318.61004638671875,363.29632568359375,259.25897216796875,344.3179626464844,0
6017,214.1722412109375,148.73855590820312,493.5671691894531,149.5888671875,501.9022216796875,457.372802734375,480.6618347167969,411.08758544921875,454.9510192871094,438.7891540527344,477.936767578125,431.4725341796875,464.0038146972656,420.9151611328125,418.24298095703125,397.6587219238281,368.5124206542969,382.03546142578125,318.7293701171875,363.21893310546875,259.46600341796875,344.3104248046875,0
6018,214.28785705566406,148.79464721679688,493.5317687988281,149.5078125,501.8697204589844,457.97479248046875,480.63018798828125,411.0960388183594,455.01116943359375,439.031494140625,477.9208984375,431.78582763671875,463.94244384765625,421.0416259765625,418.19622802734375,397.6508483886719,368.157470703125,381.8070373535156,318.8136901855469,363.0473937988281,258.6224365234375,343.3459777832031,0
6019,214.16879272460938,148.76039123535156,493.49237060546875,149.41685485839844,502.037841796875,455.9827880859375,479.9085388183594,410.7668762207031,455.15899658203125,439.2747497558594,477.37786865234375,430.9153137207031,463.41241455078125,420.7733459472656,418.3910827636719,398.0220031738281,368.305908203125,382.3210144042969,318.4891357421875,362.78424072265625,258.95037841796875,342.7057800292969,0
6020,214.17759704589844,148.77284240722656,493.43621826171875,149.4495849609375,502.0301208496094,455.9838562011719,479.9171447753906,410.7460632324219,455.19342041015625,439.2353210449219,477.3601989746094,430.87811279296875,463.3748474121094,420.6864318847656,418.267333984375,397.9909362792969,368.3139953613281,382.33465576171875,318.48876953125,362.7818908691406,258.9503479003906,342.70562744140625,0
6021,214.36953735351562,148.8529510498047,493.26904296875,149.46751403808594,500.9583740234375,436.1313781738281,474.9247131347656,404.95263671875,458.2913818359375,439.45477294921875,473.9642639160156,424.2965087890625,460.8143310546875,417.916015625,415.6600036621094,398.584228515625,368.2521667480469,382.28948974609375,319.1241760253906,362.8939514160156,262.19293212890625,345.999267578125,0
6022,214.31112670898438,148.71084594726562,493.3233947753906,149.6095428466797,502.64093017578125,412.06024169921875,468.9835205078125,384.9709777832031,461.8647766113281,421.6420593261719,473.7285461425781,403.25225830078125,459.244873046875,401.6227111816406,415.15093994140625,396.4426574707031,365.86083984375,383.14996337890625,318.4290466308594,363.1791076660156,261.8697814941406,339.4580993652344,0
6023,214.3935546875,148.67657470703125,493.2512512207031,149.44210815429688,502.775146484375,399.7408142089844,467.88604736328125,381.1348876953125,466.4886474609375,415.5619201660156,475.55755615234375,396.4998779296875,461.24822998046875,395.7982482910156,417.06610107421875,396.2264404296875,364.865234375,384.11932373046875,317.3786926269531,364.34112548828125,265.9908142089844,345.04840087890625,0
6024,214.41796875,148.65255737304688,493.2718505859375,149.4312744140625,507.9011535644531,397.82257080078125,472.1465759277344,375.3074035644531,468.8620300292969,410.85601806640625,478.59490966796875,391.4291076660156,463.8427429199219,391.9680480957031,418.4078063964844,393.75714111328125,365.59808349609375,387.1250915527344,319.0602722167969,371.40423583984375,271.4184875488281,354.30499267578125,0
6025,214.40164184570312,148.608154296875,493.2524719238281,149.4913330078125,514.4324951171875,397.44952392578125,480.4234313964844,372.53753662109375,474.623291015625,407.0138854980469,487.2339782714844,389.22467041015625,471.7613525390625,388.71484375,423.45648193359375,391.89630126953125,368.0928955078125,389.8103332519531,316.6387023925781,376.7400817871094,256.7113037109375,355.9396667480469,0
6026,214.3248748779297,148.7978515625,493.2223815917969,149.51895141601562,537.448974609375,391.984619140625,507.5471496582031,366.897705078125,501.1634521484375,399.2314453125,511.25506591796875,381.9800109863281,496.0785217285156,380.07440185546875,441.85260009765625,385.7230529785156,381.8845520019531,399.4914855957031,330.6895446777344,389.6782531738281,273.28271484375,365.7242431640625,0
6027,214.32545471191406,148.80136108398438,493.223876953125,149.5220184326172,537.5009765625,391.9569091796875,507.5439453125,366.8800354003906,501.27581787109375,399.2772216796875,511.276611328125,381.9937744140625,496.0570983886719,380.12396240234375,441.4601135253906,385.9306335449219,381.8848876953125,399.48480224609375,330.70391845703125,389.67877197265625,273.28411865234375,365.7247314453125,0
6028,214.3666229248047,148.66371154785156,493.3333740234375,149.44082641601562,554.7899169921875,396.0828857421875,526.6328125,367.01068115234375,516.827880859375,399.4705810546875,529.5677490234375,384.5033874511719,513.7343139648438,380.1637878417969,456.7983093261719,382.7677307128906,396.448974609375,398.8693542480469,346.04742431640625,392.9869384765625,292.4648742675781,373.7586364746094,0
6029,214.40794372558594,148.6984405517578,493.41192626953125,149.48912048339844,588.075927734375,400.6123046875,555.3701171875,368.8143615722656,543.9861450195312,401.71771240234375,558.9699096679688,387.6480712890625,543.35498046875,383.1925964355469,489.4770812988281,377.57147216796875,428.7503967285156,389.5083923339844,393.9393310546875,385.88214111328125,366.2569580078125,369.0069274902344,0
6030,214.34315490722656,148.87051391601562,493.2440490722656,149.44029235839844,600.4218139648438,402.10498046875,566.120361328125,369.67474365234375,555.7040405273438,402.5289611816406,570.7263793945312,388.9043884277344,554.9935302734375,383.4450988769531,501.68695068359375,373.52215576171875,445.0318603515625,376.0329284667969,394.3865051269531,375.00885009765625,348.7451477050781,354.26177978515625,0
6031,214.2811279296875,148.79637145996094,493.3635559082031,149.4183807373047,611.6642456054688,404.2048645019531,574.5960693359375,369.5645446777344,561.5645141601562,403.978271484375,579.2451782226562,389.4191589355469,563.4125366210938,383.45050048828125,507.8507385253906,363.095458984375,453.873291015625,344.60504150390625,409.70343017578125,331.6280212402344,361.12274169921875,326.16998291015625,0
6032,214.27940368652344,148.80166625976562,493.3128662109375,149.4105987548828,611.6643676757812,404.20465087890625,574.5961303710938,369.5653381347656,561.5596313476562,403.98199462890625,579.24609375,389.42022705078125,563.4169921875,383.4532775878906,507.83306884765625,363.1081848144531,453.8732604980469,344.5987548828125,409.708251953125,331.6342468261719,361.1488952636719,326.1746520996094,0
6033,214.43240356445312,148.83126831054688,493.226318359375,149.5522918701172,608.4768676757812,400.0274658203125,570.4414672851562,367.21783447265625,557.9503784179688,400.47845458984375,575.629638671875,385.6290588378906,560.4959106445312,379.5303649902344,508.701904296875,358.9804382324219,457.97314453125,343.53839111328125,414.1751403808594,328.4779968261719,368.0860595703125,317.05230712890625,0
6034,214.34918212890625,148.7096710205078,493.1824951171875,149.59689331054688,595.3101806640625,387.5989074707031,553.7289428710938,361.20831298828125,545.7178344726562,397.5617370605469,561.1589965820312,378.8839111328125,546.0155029296875,376.81292724609375,501.1073913574219,361.0721130371094,453.7886657714844,341.1728820800781,407.15277099609375,325.8291931152344,353.82342529296875,312.56439208984375,0
6035,214.2978057861328,148.87913513183594,493.19244384765625,149.64053344726562,586.4478759765625,377.9235534667969,544.137451171875,357.8287353515625,541.8240966796875,395.6020202636719,553.8283081054688,375.1842041015625,539.2777709960938,375.3043212890625,497.0885314941406,362.85992431640625,453.1203308105469,341.0817565917969,406.4800720214844,326.5785827636719,351.27490234375,313.5960693359375,0
6036,214.38348388671875,148.91213989257812,493.1938781738281,149.634521484375,582.4007568359375,364.77618408203125,536.114013671875,355.047119140625,541.922119140625,392.7288513183594,549.763427734375,370.9222106933594,533.390869140625,374.4189758300781,494.5607604980469,362.99420166015625,454.0574035644531,337.4677429199219,406.3500671386719,316.33209228515625,357.4384460449219,297.34649658203125,0
6037,214.38180541992188,148.91102600097656,493.19573974609375,149.63499450683594,582.4254760742188,364.7589111328125,536.0897827148438,354.9383544921875,541.9859619140625,392.79071044921875,549.6842041015625,370.8614196777344,533.3533935546875,374.3790588378906,494.5452880859375,362.9832458496094,454.04571533203125,337.4642639160156,406.3503112792969,316.3294982910156,357.4458923339844,297.3476257324219,0
6038,214.2267303466797,148.70530700683594,493.2815246582031,149.63021850585938,573.9779052734375,348.09393310546875,529.69580078125,350.25482177734375,546.3108520507812,385.9624328613281,544.5023193359375,362.8442077636719,530.3594360351562,370.378662109375,494.303955078125,362.1603698730469,454.3833923339844,336.2305908203125,408.7222900390625,310.2662048339844,362.2481994628906,286.935302734375,0
6039,214.23782348632812,148.6889190673828,493.3092346191406,149.60824584960938,573.1240234375,329.3518371582031,526.0531616210938,340.3383483886719,548.8037719726562,375.1995544433594,544.9933471679688,351.163330078125,530.1380615234375,361.5385437011719,494.0768737792969,362.4945068359375,453.1052551269531,337.1865234375,405.94189453125,303.9653625488281,356.8958435058594,265.7803649902344,0
6040,214.27114868164062,148.66815185546875,493.1818542480469,149.6283721923828,574.0333251953125,327.87982177734375,526.2359619140625,338.22747802734375,548.8328247070312,371.29461669921875,545.034423828125,347.94134521484375,530.163818359375,358.72161865234375,494.3662109375,362.2902526855469,452.9992370605469,338.58734130859375,405.7873229980469,306.0409240722656,357.5257263183594,265.84075927734375,0
6041,214.20220947265625,148.73507690429688,493.17108154296875,149.60191345214844,573.5260620117188,321.5103759765625,526.30029296875,335.3863220214844,548.845947265625,366.8081970214844,545.7254028320312,343.36688232421875,531.0086059570312,354.45782470703125,495.6687927246094,361.65191650390625,453.8182373046875,339.417724609375,406.1258850097656,309.35589599609375,356.669921875,266.1618347167969,0
6042,214.17288208007812,148.74644470214844,493.171875,149.58755493164062,573.5111083984375,321.519775390625,526.3369750976562,335.41070556640625,548.7922973632812,366.8040771484375,545.7261352539062,343.4126892089844,531.0062255859375,354.40057373046875,495.6950988769531,361.7351379394531,453.8274841308594,339.40863037109375,406.08831787109375,309.3341979980469,356.6705322265625,266.158935546875,0
6043,214.1108856201172,148.72476196289062,493.18267822265625,149.633544921875,572.6407470703125,318.0987548828125,525.7531127929688,332.811279296875,548.6405639648438,363.9042663574219,544.5914306640625,340.010009765625,531.11279296875,351.48101806640625,496.3634338378906,360.4947814941406,453.9793701171875,339.298828125,405.8713073730469,308.75830078125,355.4535827636719,264.6918640136719,0
6044,214.11895751953125,148.75848388671875,493.1891784667969,149.59971618652344,555.90185546875,303.2462463378906,518.32373046875,332.8837890625,549.116943359375,357.4461669921875,539.9085083007812,332.8667297363281,528.7849731445312,347.7764587402344,495.2247009277344,360.8960876464844,454.6653137207031,337.5606994628906,408.4757385253906,302.8367614746094,356.53277587890625,258.6911315917969,0
6045,214.2019500732422,148.7769775390625,493.1759948730469,149.6299285888672,549.41748046875,299.1255187988281,516.568603515625,331.9463195800781,547.8519287109375,351.5860595703125,537.1004638671875,327.873291015625,527.8348388671875,346.0091247558594,496.85394287109375,360.9493103027344,454.77386474609375,338.9940185546875,409.179931640625,303.1132507324219,357.606689453125,260.2945556640625,0
6046,214.19387817382812,148.82603454589844,493.1314697265625,149.63107299804688,545.9678955078125,297.1513366699219,515.1175537109375,330.64141845703125,548.4321899414062,346.7955017089844,536.1593627929688,325.5765380859375,527.7249755859375,343.40545654296875,498.1399230957031,362.6277770996094,455.53826904296875,341.0863037109375,410.0346374511719,302.8554992675781,358.8320007324219,261.31951904296875,0
6047,214.28018188476562,148.69715881347656,493.10595703125,149.5863037109375,548.6066284179688,292.8076171875,516.5337524414062,327.4586486816406,549.6220092773438,343.7867736816406,536.6455688476562,322.83984375,528.4824829101562,340.6401062011719,499.13525390625,362.36370849609375,454.7015380859375,341.92083740234375,410.09625244140625,303.1168518066406,359.44342041015625,261.595703125,0
6048,214.36485290527344,148.83961486816406,493.2439270019531,149.5522918701172,551.210205078125,290.7704162597656,518.3565673828125,325.7681884765625,551.0106811523438,342.87164306640625,538.3309936523438,321.20367431640625,529.6248779296875,338.7880554199219,499.5895690917969,362.8619079589844,454.16229248046875,343.154541015625,410.2790832519531,302.7396545410156,360.4090270996094,263.0566711425781,0
6049,214.23635864257812,148.7714080810547,493.1471252441406,149.5001983642578,552.266845703125,290.2313537597656,518.9730834960938,324.5679931640625,551.3821411132812,342.42010498046875,538.75732421875,320.77392578125,530.5474853515625,338.0694885253906,500.27374267578125,363.40142822265625,453.4133605957031,344.9136962890625,410.66217041015625,305.24749755859375,362.06280517578125,263.7120056152344,0
6050,214.25961303710938,148.69155883789062,493.13134765625,149.4140625,549.2744750976562,288.53765869140625,521.190673828125,321.2344970703125,550.68212890625,336.96295166015625,539.363037109375,315.5662536621094,531.937744140625,333.4598388671875,502.23345947265625,365.1179504394531,452.9322814941406,348.4789733886719,409.4902038574219,308.41259765625,362.12542724609375,261.6130676269531,0
6051,214.3131103515625,148.6832275390625,493.1019592285156,149.40670776367188,549.2765502929688,288.5354919433594,521.1824340820312,321.2461242675781,550.6994018554688,336.9800109863281,539.3523559570312,315.58673095703125,531.920654296875,333.4986877441406,502.02093505859375,365.1271667480469,452.9135437011719,348.4664001464844,409.46588134765625,308.3901672363281,362.16278076171875,261.7067565917969,0
6052,214.33441162109375,148.67861938476562,492.9676818847656,149.37779235839844,547.4423828125,285.0409851074219,522.1179809570312,317.5472412109375,550.0682373046875,331.1961669921875,539.2230834960938,311.14971923828125,532.3984375,329.85491943359375,503.1064453125,365.2912902832031,451.7110290527344,349.9854736328125,409.1701965332031,309.4798583984375,361.9325866699219,261.8868408203125,0
6053,214.21958923339844,148.7161407470703,493.0787048339844,149.3779754638672,541.2637939453125,275.9009094238281,521.0073852539062,312.0445556640625,549.6494140625,322.47552490234375,536.2113037109375,303.4598083496094,531.8508911132812,321.9546203613281,504.83978271484375,361.5782775878906,453.3046569824219,351.1937561035156,409.56121826171875,311.70172119140625,363.7556457519531,263.7023620605469,0
6054,214.25071716308594,148.6490478515625,493.0690612792969,149.34988403320312,538.6209716796875,268.12164306640625,520.3660888671875,305.8974609375,549.8523559570312,314.1968078613281,535.6270751953125,297.19268798828125,532.2694702148438,315.1473388671875,508.2026672363281,359.6649169921875,455.5434265136719,352.8804931640625,411.97119140625,315.5265197753906,368.027099609375,266.51605224609375,0
6055,214.3232421875,148.56842041015625,493.2135314941406,149.31886291503906,553.536376953125,253.65731811523438,526.978271484375,284.8517761230469,556.134765625,297.5298156738281,544.4774780273438,280.2552490234375,539.710693359375,296.0325927734375,520.6689453125,347.8409423828125,466.41943359375,365.74554443359375,424.5887451171875,341.77764892578125,384.44134521484375,298.7103576660156,0
6056,214.32546997070312,148.56521606445312,493.2315673828125,149.31346130371094,553.5601196289062,253.6682891845703,527.025390625,284.88714599609375,556.1321411132812,297.6759033203125,544.514404296875,280.31488037109375,539.7401733398438,296.12152099609375,520.5256958007812,348.1790771484375,466.4517517089844,365.7485656738281,424.5914306640625,341.7772216796875,384.45208740234375,298.6951904296875,0
6057,214.172607421875,148.63165283203125,493.2710266113281,149.28111267089844,558.620361328125,243.46627807617188,531.2958984375,273.41754150390625,561.5079956054688,285.5545349121094,549.6080932617188,268.35784912109375,543.291015625,285.02874755859375,530.52392578125,336.8324279785156,475.3358459472656,370.3724365234375,430.50775146484375,355.1552734375,390.5787353515625,322.2405090332031,0
6058,214.1925811767578,148.58128356933594,493.1280212402344,149.22433471679688,558.3928833007812,224.9624786376953,533.8927001953125,261.3355712890625,565.3297119140625,274.1904602050781,552.6014404296875,255.2236785888672,547.6439208984375,272.5019226074219,537.7218627929688,325.0652770996094,495.3582763671875,384.95025634765625,448.6146240234375,387.82330322265625,408.068359375,371.4551696777344,0
6059,214.3215789794922,148.63302612304688,493.2286682128906,149.30096435546875,557.634765625,217.49559020996094,533.0196533203125,256.30987548828125,566.0223388671875,266.1241149902344,551.226806640625,246.97996520996094,547.1515502929688,266.1954040527344,537.176513671875,319.9408264160156,508.19732666015625,385.68994140625,457.6819763183594,400.7528991699219,401.2905578613281,389.932861328125,0
6060,214.24993896484375,148.71237182617188,493.2367858886719,149.1888885498047,547.5308837890625,202.9962921142578,533.2849731445312,244.23617553710938,566.3552856445312,249.3498077392578,548.5598754882812,230.9669952392578,547.9951171875,250.45762634277344,545.3650512695312,306.3810729980469,528.2366943359375,375.14483642578125,487.1750183105469,403.0688781738281,408.438232421875,408.5834655761719,0
6061,214.26651000976562,148.71630859375,493.2111511230469,149.32879638671875,541.6388549804688,198.9596710205078,530.0653076171875,240.91383361816406,564.6538696289062,243.04205322265625,545.625244140625,228.40557861328125,545.674560546875,246.7535858154297,548.3424072265625,295.9728088378906,534.7313842773438,364.7297668457031,496.4856262207031,396.98858642578125,418.08380126953125,408.6328430175781,0
6062,214.27584838867188,148.6799774169922,493.160400390625,149.1133270263672,527.2861938476562,197.33876037597656,528.19091796875,241.48805236816406,562.736572265625,234.00808715820312,539.8822021484375,223.6746368408203,544.9513549804688,241.6966094970703,550.864501953125,290.4352111816406,532.9651489257812,356.10296630859375,493.7476501464844,394.20367431640625,430.2471618652344,406.1072082519531,0
6063,214.23956298828125,148.7037811279297,492.9822692871094,149.0438232421875,519.5618896484375,195.12168884277344,525.7800903320312,238.0574951171875,555.8494262695312,227.32276916503906,533.5400390625,219.1725311279297,541.304443359375,236.67849731445312,549.6463012695312,288.63330078125,526.652587890625,351.4142761230469,483.14691162109375,387.6322937011719,419.677734375,393.52178955078125,-1
6064,214.1538848876953,148.6646270751953,493.031494140625,148.98291015625,512.9695434570312,189.56639099121094,517.3167114257812,230.3974151611328,547.9442138671875,220.0531005859375,526.6189575195312,211.9739532470703,532.0615844726562,229.220458984375,543.5123901367188,283.69842529296875,521.263671875,346.3344421386719,475.97650146484375,376.28509521484375,406.43988037109375,374.28594970703125,-1
6065,214.2476348876953,148.7138214111328,493.0274353027344,148.99827575683594,515.0054931640625,186.04747009277344,514.364990234375,228.03140258789062,546.4103393554688,219.74880981445312,525.168701171875,210.3205108642578,529.439453125,228.4069061279297,542.0071411132812,281.4715270996094,522.0390014648438,346.50341796875,476.78533935546875,379.1010437011719,409.2498474121094,377.2929382324219,-1
6066,214.22738647460938,148.72560119628906,493.1197814941406,149.08631896972656,515.0565185546875,186.03831481933594,514.40869140625,227.99411010742188,546.4067993164062,219.7555389404297,525.1837158203125,210.32569885253906,529.4478759765625,228.43505859375,540.9137573242188,281.50225830078125,522.0872802734375,346.5093994140625,477.1478271484375,379.03765869140625,410.04644775390625,377.72021484375,-1
6067,214.3306121826172,148.6924285888672,493.2649230957031,149.0731658935547,515.3057250976562,185.47537231445312,512.67578125,227.5068817138672,546.0338134765625,219.1693572998047,524.8148803710938,209.90428161621094,528.8065185546875,228.30126953125,539.1923828125,279.86273193359375,526.5272827148438,346.6701354980469,490.9417419433594,381.9438781738281,429.615234375,393.56488037109375,-1
6068,214.2279510498047,148.67820739746094,492.9234313964844,148.78192138671875,517.9910888671875,187.13868713378906,511.6696472167969,232.15673828125,545.5293579101562,224.89901733398438,524.82763671875,214.95823669433594,527.3114624023438,232.7488250732422,539.2039184570312,281.4693603515625,528.0308837890625,347.3067626953125,496.268798828125,389.2237854003906,423.734130859375,412.1954040527344,-1
6069,214.26670837402344,148.657958984375,493.24688720703125,149.16146850585938,526.986083984375,192.09446716308594,513.1915893554688,236.255615234375,547.9659423828125,234.1991729736328,528.3565063476562,220.94036865234375,530.3677978515625,239.83924865722656,537.4387817382812,286.9705810546875,524.6434326171875,346.2759704589844,488.46893310546875,389.5569763183594,418.2947082519531,406.3966369628906,-1
6070,214.2682342529297,148.6485595703125,493.2537536621094,149.22769165039062,527.0234985351562,192.10475158691406,513.2454833984375,236.33001708984375,547.9141235351562,234.3052215576172,528.3818359375,221.0726776123047,530.3861083984375,240.0443115234375,537.6736450195312,286.4637145996094,524.6566772460938,346.2835693359375,488.4624328613281,389.5531311035156,418.2816162109375,406.39776611328125,-1
6071,214.12246704101562,148.50270080566406,493.334228515625,149.3057861328125,536.6034545898438,196.8555145263672,515.35595703125,238.5486297607422,552.10009765625,243.55783081054688,533.8016967773438,228.25881958007812,531.92431640625,246.5935516357422,536.403564453125,287.739013671875,522.4844970703125,346.49627685546875,486.4249572753906,387.5233154296875,417.9075622558594,402.0181884765625,0
6072,214.15478515625,148.5091552734375,493.1757507324219,149.5703887939453,538.978759765625,203.6399688720703,516.9483642578125,246.33245849609375,552.2268676757812,251.65277099609375,535.7196655273438,235.5587615966797,533.1235961914062,254.0237579345703,531.8222045898438,293.40087890625,520.181396484375,345.1298828125,479.5802307128906,382.6484069824219,409.1579895019531,393.01434326171875,0
6073,214.43174743652344,148.6021728515625,493.1676025390625,149.69122314453125,534.4134521484375,208.18304443359375,514.6947631835938,251.05523681640625,551.8951416015625,255.1056365966797,532.8230590820312,239.44583129882812,531.051513671875,256.94500732421875,529.8963012695312,296.6731262207031,518.4127197265625,344.4917297363281,477.495361328125,378.5823059082031,406.4559631347656,380.4375,0
6074,214.24917602539062,148.51536560058594,493.130615234375,149.7451171875,534.0151977539062,211.8140411376953,513.9617919921875,254.33697509765625,551.94482421875,257.4407958984375,531.6665649414062,242.5028839111328,530.5403442382812,259.8199157714844,531.0877685546875,297.9234619140625,519.8563232421875,343.6217041015625,479.1151123046875,378.18707275390625,412.542724609375,381.4621887207031,0
6075,214.2272186279297,148.49525451660156,493.1332702636719,149.73822021484375,534.0173950195312,211.80224609375,513.9756469726562,254.33944702148438,552.0697021484375,257.5099182128906,531.7001342773438,242.5072479248047,530.5753173828125,259.8313903808594,531.1298217773438,297.8860168457031,519.8578491210938,343.6273498535156,479.1423645019531,378.169677734375,412.53985595703125,381.4621887207031,0
6076,214.2751922607422,148.52633666992188,493.116943359375,149.5619354248047,534.3760986328125,216.447509765625,512.7938232421875,256.0655517578125,551.6463012695312,260.240234375,531.7156372070312,245.20408630371094,530.913818359375,262.3336486816406,533.0931396484375,298.11669921875,521.4683227539062,343.7205505371094,484.08355712890625,382.5897216796875,416.5167236328125,391.91094970703125,0
6077,214.21730041503906,148.50331115722656,493.1453857421875,149.55416870117188,538.3425903320312,228.0069122314453,514.6466064453125,268.1589660644531,553.28955078125,271.134765625,534.177978515625,256.2933349609375,533.5487670898438,273.2373046875,535.6139526367188,304.4183044433594,526.5717163085938,343.4373779296875,491.7042236328125,386.7835693359375,424.865234375,396.9936218261719,0
6078,214.21780395507812,148.61676025390625,493.1732177734375,149.5349884033203,544.6107788085938,229.24496459960938,518.1204223632812,268.1176452636719,556.6492309570312,274.00921630859375,538.5772094726562,257.44622802734375,535.2166748046875,274.41107177734375,535.594482421875,303.5476989746094,529.7283325195312,343.13726806640625,500.7266540527344,386.9477844238281,431.4281005859375,399.4623718261719,0
6079,214.32301330566406,148.5772247314453,493.1534423828125,149.56451416015625,549.2192993164062,233.2704315185547,520.0756225585938,269.6701354980469,560.9984741210938,277.5043640136719,542.0457763671875,259.77789306640625,538.1298828125,276.26025390625,536.216552734375,303.6516418457031,529.9158325195312,342.4317626953125,500.484619140625,387.42144775390625,430.5422668457031,401.9361267089844,0
6080,214.135986328125,148.77537536621094,493.0871887207031,149.48011779785156,552.1143798828125,236.3131561279297,521.4011840820312,271.56072998046875,561.82275390625,280.58526611328125,543.3245849609375,263.2705078125,538.3489990234375,278.28692626953125,534.6952514648438,303.8139953613281,529.1038208007812,339.9687194824219,500.3746032714844,384.1048583984375,430.645751953125,397.7989807128906,0
6081,214.1240997314453,148.85977172851562,493.1648254394531,149.507080078125,552.4508666992188,239.78448486328125,521.8697509765625,274.55279541015625,561.4846801757812,282.5063171386719,543.5394287109375,265.8592529296875,539.0991821289062,280.13623046875,535.708984375,304.935302734375,528.9608764648438,339.67413330078125,499.9208984375,383.6869201660156,429.95611572265625,393.86517333984375,0
6082,214.15049743652344,148.784423828125,493.05023193359375,149.77479553222656,552.6123046875,239.91476440429688,523.4580688476562,278.28656005859375,562.9886474609375,286.4922180175781,544.4451904296875,268.9465637207031,541.591064453125,284.0873107910156,535.8671264648438,306.3280334472656,527.7080078125,336.7041320800781,497.3601379394531,382.91455078125,428.8035583496094,400.02862548828125,0
6083,214.11863708496094,148.81301879882812,493.01361083984375,149.66688537597656,552.6205444335938,239.9303436279297,523.49658203125,278.30859375,562.9677124023438,286.47015380859375,544.4466552734375,268.92913818359375,541.5546875,284.0964660644531,535.8187255859375,306.4436950683594,527.6944580078125,336.84722900390625,497.28961181640625,383.0374755859375,428.7846984863281,399.98828125,0
6084,214.12998962402344,148.7226104736328,493.4219665527344,149.6121063232422,550.0039672851562,248.8179168701172,521.5430908203125,283.95745849609375,563.7631225585938,292.19384765625,543.2406005859375,274.5745544433594,539.4539184570312,289.141357421875,537.5921020507812,309.12200927734375,526.6429443359375,336.2235107421875,496.7699890136719,383.3519592285156,432.4164733886719,415.328125,0
6085,214.06045532226562,148.69570922851562,493.380859375,149.5296173095703,549.4172973632812,249.4305419921875,519.8587036132812,285.13543701171875,562.5776977539062,293.77655029296875,542.272216796875,275.3179931640625,538.080810546875,289.8699645996094,536.11669921875,309.1451721191406,525.2189331054688,336.9755554199219,494.89056396484375,383.0626525878906,433.9342956542969,415.505859375,0
6086,214.0968780517578,148.9541015625,493.53826904296875,149.46800231933594,557.2034912109375,253.1261444091797,521.8209228515625,285.8345031738281,562.316650390625,300.0841064453125,544.5609130859375,281.29827880859375,539.71533203125,292.1993103027344,535.3749389648438,309.6100158691406,526.6957397460938,335.7837219238281,504.49676513671875,369.1636657714844,480.0788879394531,402.21807861328125,0
6087,214.11196899414062,148.98663330078125,493.5372009277344,149.46852111816406,557.1907348632812,253.12527465820312,521.7857666015625,285.83837890625,562.2481689453125,300.1449279785156,544.5272216796875,281.31280517578125,539.6685180664062,292.2282409667969,535.330078125,309.6726379394531,526.6666259765625,335.7841491699219,504.5158386230469,369.177490234375,479.99066162109375,402.2795715332031,0
6088,214.1811981201172,148.86402893066406,493.55975341796875,149.47862243652344,566.1345825195312,251.011962890625,524.7689819335938,282.0353088378906,562.6980590820312,300.80853271484375,548.1793212890625,281.23797607421875,541.4150390625,292.07855224609375,533.4248657226562,309.270751953125,525.6818237304688,338.3664855957031,496.9953918457031,384.1938171386719,454.2286682128906,425.9411926269531,0
6089,214.30029296875,148.85342407226562,493.6499938964844,149.48431396484375,577.2897338867188,258.5754089355469,531.835205078125,282.9283752441406,567.1776733398438,309.6526184082031,555.1502075195312,283.2406921386719,546.3322143554688,295.46435546875,531.51025390625,308.95452880859375,521.4337158203125,336.2013854980469,492.21807861328125,382.2686767578125,457.6340637207031,424.2755126953125,0
6090,214.31527709960938,148.74270629882812,493.4557189941406,149.42784118652344,579.3506469726562,265.4947509765625,533.0731201171875,287.9751281738281,568.3172607421875,314.6563415527344,556.3994140625,289.09637451171875,547.4952392578125,297.99066162109375,533.3792114257812,311.63916015625,521.501953125,336.5690002441406,492.5122985839844,381.9712219238281,456.39080810546875,424.401611328125,0
6091,214.2008819580078,148.800048828125,493.3840637207031,149.36318969726562,579.417724609375,274.8670349121094,533.8106689453125,293.09234619140625,568.16943359375,324.4136047363281,558.03955078125,297.1457214355469,548.0115966796875,304.8269348144531,531.4696655273438,311.8827819824219,521.302978515625,335.10845947265625,489.6410827636719,380.931884765625,454.2455749511719,424.36199951171875,0
6092,214.20143127441406,148.8043670654297,493.52435302734375,149.35951232910156,579.4246826171875,274.82952880859375,533.7906494140625,293.0594177246094,568.1312866210938,324.34185791015625,558.1056518554688,297.1466369628906,548.02392578125,304.7710876464844,531.4864501953125,311.9270324707031,521.3076171875,335.1022644042969,489.64019775390625,380.93695068359375,454.24285888671875,424.3665466308594,0
6093,214.2620391845703,148.75473022460938,493.5245666503906,149.47335815429688,577.765869140625,281.2137756347656,533.0381469726562,296.3780212402344,567.4546508789062,328.63128662109375,557.5197143554688,299.5360107421875,549.4973754882812,306.35296630859375,532.7078857421875,313.386474609375,520.6992797851562,335.4622497558594,490.28082275390625,380.90301513671875,454.798583984375,424.122314453125,0
6094,214.2559356689453,148.7358856201172,493.5816345214844,149.48388671875,575.3866577148438,286.41094970703125,529.6159057617188,299.8830871582031,564.4091186523438,330.9768981933594,554.4314575195312,303.8550109863281,547.1109619140625,309.16552734375,534.5245971679688,315.1591491699219,520.00146484375,335.34747314453125,488.3159484863281,380.3292236328125,454.5347900390625,424.2537841796875,0
6095,214.1216278076172,148.73670959472656,493.5505065917969,149.4777069091797,567.5350952148438,284.5071716308594,527.8799438476562,300.7326354980469,563.4884643554688,330.00531005859375,552.4874877929688,304.322998046875,545.913330078125,310.9794006347656,532.8770141601562,316.3511047363281,519.1867065429688,336.2412414550781,487.4132385253906,381.5057678222656,455.30084228515625,424.2977294921875,0
6096,214.1946563720703,148.61643981933594,493.6838073730469,149.50071716308594,558.4218139648438,285.4190368652344,524.8704223632812,303.4690246582031,560.7433471679688,331.1879577636719,548.7483520507812,304.2632751464844,543.2526245117188,312.411376953125,533.7060546875,319.3150329589844,518.2506713867188,337.8421630859375,486.3682861328125,384.4657287597656,454.2997741699219,427.0717468261719,0
6097,214.2518310546875,148.605712890625,493.6654052734375,149.49325561523438,558.7095947265625,285.6459045410156,524.876708984375,303.5194091796875,560.704345703125,331.2252502441406,548.7537231445312,304.3553771972656,543.1619873046875,312.407958984375,533.7428588867188,319.2989807128906,518.3134765625,337.8043518066406,486.4078063964844,384.3128662109375,454.3736267089844,427.0262756347656,0
6098,214.16424560546875,148.45053100585938,493.42022705078125,149.5677490234375,555.2430419921875,283.0815124511719,524.8845825195312,305.7723388671875,560.5096435546875,331.1174011230469,547.6244506835938,303.9990539550781,541.9158935546875,313.0096740722656,532.3056030273438,319.9045715332031,517.9488525390625,338.67974853515625,486.8255920410156,385.2043762207031,455.03192138671875,427.6905822753906,0
6099,214.30828857421875,148.7583770751953,493.6799011230469,149.5661163330078,564.571044921875,277.1100158691406,521.6431274414062,297.47064208984375,556.3455810546875,324.8773193359375,544.3362426757812,299.6454162597656,536.3919677734375,309.15362548828125,523.4324340820312,317.99774169921875,514.7800903320312,341.8018798828125,487.756591796875,385.9153747558594,459.4765930175781,428.34869384765625,0
6100,214.2610321044922,148.75868225097656,493.7611999511719,149.48585510253906,552.5171508789062,274.679443359375,518.052001953125,299.6448669433594,556.4362182617188,323.6813659667969,540.8392944335938,297.8409118652344,533.89013671875,308.06695556640625,524.0400390625,318.78887939453125,515.71484375,342.74774169921875,487.9808044433594,385.9906921386719,459.7228698730469,428.0877380371094,0
6101,214.27203369140625,148.85340881347656,493.8675537109375,149.56292724609375,546.4274291992188,269.69647216796875,514.58203125,300.5232238769531,556.9915771484375,314.6697082519531,538.4641723632812,293.2446594238281,532.9742431640625,306.0184631347656,528.1640625,319.4781494140625,516.705810546875,342.2852783203125,488.7013244628906,386.0572814941406,459.5320739746094,428.3763427734375,0
6102,214.27066040039062,148.85365295410156,493.8670349121094,149.56304931640625,546.4222412109375,269.6943054199219,514.5701293945312,300.5385437011719,556.9922485351562,314.6683349609375,538.4659423828125,293.2392272949219,532.9760131835938,306.01739501953125,528.157470703125,319.4832763671875,516.7048950195312,342.29150390625,488.673095703125,386.1109619140625,459.4872131347656,428.413330078125,0
6103,214.2733154296875,148.78863525390625,493.6198425292969,149.68812561035156,536.8600463867188,247.39706420898438,510.89837646484375,290.5543212890625,551.4111328125,296.8036804199219,531.7783203125,280.2596130371094,529.2111206054688,294.9478454589844,526.112548828125,316.9539489746094,518.8515014648438,343.0311584472656,489.6233215332031,387.50213623046875,459.6119689941406,429.1545715332031,0
6104,214.18460083007812,148.78346252441406,493.7253112792969,149.6336669921875,527.8944702148438,219.68199157714844,510.5305480957031,266.9515075683594,545.4874877929688,268.5467224121094,526.8403930664062,252.9962158203125,527.0654907226562,271.3578796386719,531.0389404296875,307.19525146484375,518.471435546875,347.4468078613281,491.3082580566406,389.10382080078125,461.5094909667969,427.80242919921875,0
6105,214.2425079345703,148.70872497558594,493.7204284667969,149.5140380859375,529.3656005859375,212.6521759033203,509.9234924316406,257.88092041015625,544.7142333984375,261.40313720703125,526.5173950195312,245.68287658691406,526.2262573242188,264.26971435546875,532.410400390625,304.90545654296875,520.065185546875,349.6793212890625,492.1704406738281,392.7209167480469,461.3717041015625,429.0644226074219,0
6106,214.28170776367188,148.64334106445312,493.7635192871094,149.469970703125,532.6036376953125,201.4716339111328,511.71551513671875,241.27503967285156,546.5955810546875,245.80702209472656,529.5128173828125,231.29824829101562,528.38623046875,249.21685791015625,532.3704223632812,294.2768859863281,522.1214599609375,351.9056701660156,494.8716735839844,395.9495849609375,463.24102783203125,427.9095458984375,0
6107,214.28933715820312,148.61431884765625,493.76190185546875,149.4792022705078,532.5814208984375,201.49462890625,511.716796875,241.27320861816406,546.6085205078125,245.78927612304688,529.4921875,231.3043975830078,528.4027099609375,249.23770141601562,532.4548950195312,294.6238098144531,522.1212768554688,351.8736267089844,494.8664245605469,395.9469299316406,463.234375,427.908935546875,0
6108,214.3308868408203,148.483154296875,493.57305908203125,149.31967163085938,531.5952758789062,192.4403076171875,515.0447998046875,235.90809631347656,548.5198974609375,238.18238830566406,530.9495849609375,223.63954162597656,529.73681640625,242.01583862304688,532.539306640625,289.904296875,523.3309936523438,351.7051696777344,498.657958984375,394.8746337890625,470.3307800292969,427.5916442871094,0
6109,214.0388946533203,148.61663818359375,493.4673156738281,149.34474182128906,536.9814453125,179.40457153320312,518.9530639648438,221.79763793945312,551.621337890625,226.39193725585938,534.9673461914062,209.4991912841797,532.8684692382812,229.35488891601562,534.2866821289062,278.781982421875,529.2141723632812,346.21417236328125,509.54010009765625,391.0643310546875,484.1737365722656,426.704833984375,0
6110,214.19528198242188,148.56500244140625,493.41595458984375,149.63575744628906,537.4404907226562,170.66294860839844,521.3737182617188,213.05897521972656,552.1526489257812,216.4261016845703,536.9963989257812,198.5997772216797,536.0433349609375,219.36810302734375,535.1600952148438,271.99127197265625,531.5411987304688,341.2200622558594,512.8638916015625,388.23284912109375,488.30401611328125,425.8687438964844,0
6111,214.25782775878906,148.60736083984375,493.4781494140625,149.4751434326172,540.0494995117188,160.70639038085938,529.44482421875,195.306884765625,561.8579711914062,197.2727813720703,543.5709838867188,183.03927612304688,543.7465209960938,201.97592163085938,535.8878784179688,252.23855590820312,534.9061279296875,328.271484375,520.8648071289062,379.21826171875,503.03631591796875,413.54510498046875,0
6112,214.25184631347656,148.60353088378906,493.45440673828125,149.47952270507812,540.919189453125,160.46157836914062,529.4141235351562,195.1471710205078,561.852294921875,197.19606018066406,544.1676025390625,184.543701171875,543.77197265625,201.8028564453125,536.0462646484375,252.11941528320312,534.850830078125,328.18707275390625,520.8558959960938,379.2220458984375,503.0341491699219,413.5522766113281,0
6113,214.42018127441406,148.3822784423828,493.2687072753906,149.52139282226562,546.8904418945312,154.92469787597656,534.8377685546875,193.93389892578125,567.0626831054688,195.646728515625,549.1514892578125,181.78269958496094,548.471435546875,200.41957092285156,538.1773681640625,251.0779266357422,537.203857421875,325.8224792480469,526.3443603515625,378.0726013183594,512.5819702148438,423.5533142089844,0
6114,214.35377502441406,148.57302856445312,493.0065002441406,149.62535095214844,557.162841796875,151.93841552734375,546.1298217773438,182.9468231201172,577.0958862304688,188.08206176757812,559.4066162109375,174.35763549804688,558.983642578125,191.07611083984375,546.9970092773438,245.5934600830078,539.55517578125,322.6455383300781,525.759033203125,365.9436950683594,507.6098327636719,406.1435241699219,0
6115,214.38006591796875,148.5238037109375,493.00482177734375,149.81101989746094,563.713134765625,143.38766479492188,548.107177734375,173.62841796875,578.5931396484375,180.94248962402344,563.1127319335938,165.74085998535156,560.32421875,183.65597534179688,550.1549072265625,233.38037109375,542.788818359375,315.8451843261719,524.9306030273438,371.2200927734375,485.1248474121094,421.49810791015625,0
6116,214.43479919433594,148.46658325195312,493.0215759277344,149.9663848876953,568.84716796875,122.26083374023438,552.96240234375,155.01016235351562,584.975341796875,159.71853637695312,567.7742309570312,146.04957580566406,566.6063842773438,162.74761962890625,552.9557495117188,224.2359619140625,546.8493041992188,299.6470642089844,535.3876342773438,340.4922180175781,518.7487182617188,381.66632080078125,0
6117,214.4312286376953,148.43540954589844,493.0208435058594,149.9621124267578,568.8367309570312,122.27117156982422,552.9688720703125,155.10618591308594,584.9520874023438,159.7216033935547,567.7572631835938,146.1204376220703,566.5983276367188,162.8602294921875,552.92236328125,224.67929077148438,546.8502807617188,299.68707275390625,535.3828735351562,340.511962890625,518.7483520507812,381.6712951660156,0
6118,214.52615356445312,148.4857940673828,492.9474792480469,149.77845764160156,568.6814575195312,112.187255859375,553.4122314453125,144.82823181152344,584.4993896484375,149.54312133789062,568.4052734375,135.41307067871094,567.3487548828125,152.28257751464844,557.5452270507812,214.9354705810547,547.8052368164062,289.7309265136719,534.5661010742188,329.90673828125,516.92578125,370.0246887207031,0
6119,214.41929626464844,148.5834503173828,493.11053466796875,149.6319122314453,567.6720581054688,92.70587158203125,553.2332153320312,125.04315185546875,584.4932861328125,126.12883758544922,567.362060546875,115.13014221191406,567.978759765625,132.08673095703125,561.7244262695312,190.33798217773438,552.9303588867188,267.1622009277344,536.6812133789062,303.76837158203125,511.76348876953125,344.5758361816406,0
6120,214.47096252441406,148.53297424316406,493.0896301269531,149.56072998046875,568.5459594726562,84.02592468261719,555.1436157226562,115.56814575195312,586.4483642578125,118.4516372680664,569.77587890625,104.60459899902344,569.7843627929688,121.90694427490234,564.8919067382812,181.06129455566406,552.6970825195312,254.94778442382812,533.6057739257812,305.1934814453125,494.096435546875,358.6188049316406,0
6121,214.37423706054688,148.69296264648438,493.13653564453125,149.39695739746094,569.3790283203125,71.05293273925781,558.1708984375,105.77725219726562,589.4644775390625,107.956298828125,572.6624145507812,95.95008850097656,573.0423583984375,112.3967514038086,568.6519165039062,170.59898376464844,562.7032470703125,242.07301330566406,545.536376953125,289.4800720214844,531.3810424804688,323.1744079589844,0
6122,214.3745574951172,148.68556213378906,493.1245422363281,149.35336303710938,569.3971557617188,71.0762939453125,558.177001953125,105.77233123779297,589.4595336914062,107.94857788085938,572.6803588867188,95.96247100830078,573.0257568359375,112.39302062988281,568.6036376953125,170.38975524902344,562.7003173828125,242.08839416503906,545.5269775390625,289.5050354003906,531.3750610351562,323.1769714355469,0
6123,214.25750732421875,148.5780029296875,493.0238037109375,149.59442138671875,569.6679077148438,69.5389633178711,558.9118041992188,102.82933807373047,592.658447265625,106.4117431640625,574.2403564453125,92.79875183105469,573.8388671875,108.28380584716797,573.1815185546875,167.8802947998047,570.4329833984375,240.57789611816406,559.32421875,292.2858581542969,548.748779296875,322.3700866699219,0
6124,214.47669982910156,148.49864196777344,493.16143798828125,149.5624237060547,579.1102905273438,67.82266235351562,562.2767944335938,96.4764175415039,594.9765014648438,101.65921020507812,578.1754150390625,89.1224594116211,576.2085571289062,105.09615325927734,578.7127075195312,161.441162109375,576.0419921875,236.81222534179688,568.9933471679688,297.5277099609375,540.8839111328125,352.5244445800781,0
6125,214.4385223388672,148.42823791503906,493.1995849609375,149.39242553710938,581.6126708984375,63.06841278076172,563.0869140625,91.32762145996094,595.5390014648438,98.74971008300781,579.2429809570312,84.80516052246094,575.8095703125,101.33396911621094,576.2900390625,155.38064575195312,575.2073364257812,231.2585906982422,568.026123046875,283.3310546875,555.2940063476562,324.6729431152344,0
6126,214.4493865966797,148.43943786621094,493.25048828125,149.2797393798828,586.3377075195312,54.32872009277344,564.64794921875,87.10452270507812,595.5869140625,94.75755310058594,581.088134765625,79.413818359375,577.4923095703125,95.89408874511719,575.0928955078125,149.1988067626953,576.323974609375,224.00657653808594,568.2291870117188,281.9537048339844,539.7584838867188,340.9034423828125,0
6127,214.44754028320312,148.43910217285156,493.27081298828125,149.27056884765625,586.1326904296875,54.3779182434082,564.6865234375,87.03729248046875,595.5651245117188,94.74003601074219,581.0880126953125,79.39432525634766,577.4749145507812,95.827392578125,575.110107421875,149.28277587890625,576.3128662109375,223.97633361816406,568.2279052734375,281.88336181640625,539.7217407226562,340.9072570800781,0
6128,214.47825622558594,148.50546264648438,493.4366455078125,149.23194885253906,588.0770874023438,52.97895431518555,565.770751953125,88.66295623779297,597.380126953125,96.343505859375,582.687744140625,79.60909271240234,578.921875,96.9036636352539,576.85400390625,148.0072479248047,579.6990966796875,219.28768920898438,572.295166015625,281.23907470703125,543.171142578125,333.83612060546875,0
6129,214.46847534179688,148.53807067871094,493.44293212890625,149.3002166748047,592.8695678710938,47.266700744628906,569.0776977539062,88.32718658447266,603.6045532226562,94.0015640258789,587.4541015625,76.71532440185547,584.108642578125,95.51519775390625,582.7116088867188,148.69940185546875,588.353271484375,215.21519470214844,582.7830810546875,275.8036804199219,553.9577026367188,330.25897216796875,0
6130,214.38577270507812,148.61782836914062,493.594482421875,149.39231872558594,595.4534912109375,45.17646408081055,570.1160888671875,86.03445434570312,604.2687377929688,92.28121948242188,589.0661010742188,73.95799255371094,584.5440063476562,93.45974731445312,584.3074951171875,145.49313354492188,588.620361328125,213.56163024902344,583.302734375,276.61956787109375,552.4464111328125,333.7537536621094,0
6131,214.24404907226562,148.61424255371094,493.6180114746094,149.4213409423828,598.3898315429688,40.544898986816406,570.3262939453125,81.52932739257812,605.015380859375,88.998779296875,590.1235961914062,71.5461196899414,585.3497314453125,89.88916015625,584.126220703125,137.20556640625,585.4312744140625,206.23240661621094,578.9891357421875,257.0559997558594,564.2156982421875,298.3340759277344,0
6132,214.257568359375,148.6139373779297,493.618408203125,149.42393493652344,598.3860473632812,40.54255676269531,570.36767578125,81.52360534667969,605.0120239257812,89.01007843017578,590.1265869140625,71.5354995727539,585.356201171875,89.87416076660156,584.1844482421875,137.0529022216797,585.4201049804688,206.2270965576172,578.9902954101562,257.056884765625,564.207275390625,298.345703125,0
6133,214.2685089111328,148.68643188476562,493.74554443359375,149.2772674560547,597.8345947265625,39.49290466308594,568.560302734375,80.16201782226562,604.6194458007812,87.25963592529297,589.373046875,70.21709442138672,585.3471069335938,88.71329498291016,581.88525390625,133.74496459960938,581.7421264648438,196.91555786132812,576.0830078125,248.83462524414062,563.1719360351562,288.2497863769531,0
6134,214.3425750732422,148.55992126464844,493.65081787109375,149.2985382080078,597.3037719726562,39.90637969970703,566.0632934570312,80.13018798828125,603.2153930664062,88.05294799804688,587.8385620117188,70.52730560302734,582.4978637695312,88.58528900146484,576.857666015625,125.77249145507812,578.2030029296875,184.3932342529297,569.80224609375,235.1649169921875,559.894775390625,273.3775329589844,0
6135,214.2921142578125,148.6764678955078,493.5941467285156,149.2535400390625,599.3086547851562,44.66965103149414,567.3209228515625,82.71454620361328,605.3912353515625,91.85370635986328,588.9171752929688,73.94622802734375,582.866455078125,91.91748809814453,579.003173828125,125.3766098022461,585.0470581054688,181.07568359375,573.645263671875,236.92088317871094,547.9324951171875,287.4089050292969,0
6136,214.34397888183594,148.8206329345703,493.6927795410156,149.23948669433594,599.7466430664062,57.03643035888672,571.4898071289062,96.71316528320312,611.5994873046875,101.15715026855469,591.851318359375,87.31580352783203,588.9758911132812,102.50542449951172,585.45849609375,129.929931640625,594.07568359375,175.67991638183594,597.855712890625,219.97962951660156,589.9391479492188,250.88198852539062,0
6137,214.35537719726562,148.85792541503906,493.6937561035156,149.23817443847656,599.7462768554688,57.036346435546875,571.4892578125,96.70809936523438,611.6010131835938,101.16081237792969,591.8534545898438,87.31696319580078,588.9780883789062,102.50403594970703,585.4721069335938,129.91844177246094,594.090576171875,175.7286834716797,597.843505859375,219.98548889160156,589.9794921875,250.9004669189453,0
6138,214.35617065429688,148.80372619628906,493.6756591796875,149.3968048095703,598.2078857421875,61.63877487182617,570.6693115234375,101.18095397949219,609.9593505859375,105.97621154785156,590.858154296875,90.92525482177734,587.4964599609375,106.8362045288086,585.1385498046875,132.65060424804688,594.4996337890625,175.0072479248047,605.39208984375,221.28639221191406,606.5084228515625,259.7749328613281,0
6139,214.3600311279297,148.83261108398438,493.7130126953125,149.260986328125,598.291015625,70.86495971679688,569.7540893554688,108.78170013427734,609.641845703125,113.61561584472656,590.1233520507812,97.46536254882812,586.4393920898438,113.07122039794922,586.1341552734375,136.96116638183594,594.9366455078125,172.1549835205078,609.0770263671875,227.72535705566406,607.0825805664062,300.5638732910156,0
6140,214.2042999267578,148.83824157714844,493.4925842285156,149.45794677734375,598.2130126953125,73.73817443847656,568.7269287109375,112.56222534179688,611.2149047851562,117.06074523925781,590.9727783203125,100.9109878540039,587.0966796875,115.49853515625,585.0655517578125,138.31338500976562,592.7483520507812,170.91470336914062,606.8301391601562,228.2882080078125,606.6847534179688,297.1380920410156,0
6141,214.2195587158203,148.7928009033203,493.6279602050781,149.34033203125,595.9898071289062,77.65299987792969,568.6140747070312,116.94192504882812,611.2088012695312,119.71420288085938,590.3878173828125,104.35292053222656,587.3644409179688,118.90591430664062,585.63232421875,140.4817657470703,591.4086303710938,169.03213500976562,603.5634765625,224.45726013183594,606.2291870117188,296.420166015625,0
6142,214.2194366455078,148.793212890625,493.6279296875,149.34033203125,595.9852294921875,77.65486907958984,568.6111450195312,116.94214630126953,611.2093505859375,119.7042465209961,590.38671875,104.347412109375,587.3613891601562,118.90453338623047,585.633544921875,140.47312927246094,591.4067993164062,169.03244018554688,603.5706176757812,224.4509735107422,606.2268676757812,296.422119140625,0
6143,214.20835876464844,148.7877197265625,493.69122314453125,149.45718383789062,596.02587890625,80.9736557006836,568.525390625,117.95816040039062,611.0940551757812,121.16460418701172,590.5843505859375,106.43632507324219,587.4019775390625,120.28446197509766,584.9918823242188,140.4422607421875,591.3333740234375,167.82127380371094,602.1926879882812,223.77345275878906,605.2444458007812,294.8932189941406,0
6144,214.19033813476562,148.78182983398438,493.7918395996094,149.4191436767578,594.3583374023438,88.7345199584961,570.369140625,121.4111557006836,611.773681640625,127.27357482910156,591.0376586914062,112.2674560546875,588.8594360351562,123.03121948242188,586.7001342773438,141.7181396484375,590.7059936523438,165.99090576171875,603.943115234375,221.21571350097656,607.01708984375,293.53619384765625,0
6145,214.19381713867188,148.60794067382812,493.7287292480469,149.41812133789062,592.0941772460938,92.87203216552734,570.7869262695312,125.90972900390625,612.6544189453125,131.51193237304688,590.41845703125,114.60929870605469,588.968994140625,126.08218383789062,586.5849609375,142.50955200195312,590.5231323242188,165.71694946289062,601.2252807617188,219.76141357421875,607.6707763671875,292.3713684082031,0
6146,214.24209594726562,148.7474365234375,493.7499084472656,149.2864227294922,587.9781494140625,96.12042999267578,565.0672607421875,132.16807556152344,610.37353515625,136.57630920410156,586.7322387695312,119.06409454345703,585.2437744140625,131.21755981445312,587.2172241210938,144.76927185058594,589.8967895507812,165.09909057617188,599.6098022460938,220.09092712402344,607.2734985351562,291.2808837890625,0
6147,214.25648498535156,148.72593688964844,493.75,149.2865753173828,587.9776611328125,96.12144470214844,565.0657958984375,132.17039489746094,610.3788452148438,136.5740509033203,586.72900390625,119.05974578857422,585.2411499023438,131.21249389648438,587.2164306640625,144.76531982421875,589.9000244140625,165.10472106933594,599.6444702148438,220.15284729003906,607.6259155273438,291.3434753417969,0
6148,214.08514404296875,148.83189392089844,493.8759765625,149.2845916748047,587.1192626953125,95.25340270996094,564.9369506835938,129.3271484375,610.7464599609375,136.3997802734375,587.4600219726562,117.41798400878906,585.257568359375,130.0370330810547,586.2960815429688,143.82252502441406,589.5119018554688,164.78285217285156,599.506103515625,221.5410614013672,607.6710205078125,292.4136047363281,0
6149,214.2261199951172,148.7876434326172,493.8818664550781,149.3021240234375,591.4776611328125,85.4233627319336,566.9740600585938,123.5843505859375,611.14404296875,129.88710021972656,588.9970092773438,112.11567687988281,586.2051391601562,124.07286834716797,585.0318603515625,142.2885284423828,589.1863403320312,166.06304931640625,599.3368530273438,223.25637817382812,607.6487426757812,289.81597900390625,0
6150,214.22564697265625,148.7668914794922,493.7785949707031,149.19833374023438,593.4343872070312,78.74440002441406,565.997314453125,119.37504577636719,610.1723022460938,124.02024841308594,589.0396118164062,106.68669891357422,586.1360473632812,121.37199401855469,584.7594604492188,140.1825714111328,589.7979736328125,165.5955810546875,599.1826171875,223.17904663085938,607.2817993164062,290.5936279296875,0
6151,214.27818298339844,148.73849487304688,493.9107666015625,149.3273162841797,591.4205932617188,70.21663665771484,565.1845092773438,111.97947692871094,610.0276489257812,116.11048126220703,587.3400268554688,98.37297821044922,584.6408081054688,114.02332305908203,583.9584350585938,136.7761993408203,590.7584838867188,169.36244201660156,598.7330932617188,225.38185119628906,607.5546875,293.32196044921875,0
6152,214.27796936035156,148.7398223876953,493.86981201171875,149.33584594726562,591.411865234375,70.2463150024414,565.1994018554688,111.99732971191406,610.0260009765625,116.18778991699219,587.3837890625,98.43110656738281,584.6524658203125,114.05598449707031,583.966552734375,136.78611755371094,590.751220703125,169.36007690429688,598.7330322265625,225.38401794433594,607.554443359375,293.32135009765625,0
6153,214.40724182128906,148.60809326171875,493.6090393066406,149.4994354248047,592.041015625,70.2452621459961,565.2653198242188,109.35145568847656,609.335205078125,114.9842529296875,587.122314453125,97.23342895507812,585.5211791992188,112.45494842529297,584.5648803710938,136.3873748779297,592.2566528320312,170.86817932128906,600.6690063476562,227.79527282714844,611.7468872070312,294.72930908203125,0
6154,214.35324096679688,148.6700439453125,493.6007995605469,149.73388671875,601.5695190429688,57.87970733642578,571.863037109375,101.18235778808594,611.9797973632812,104.68817901611328,591.4707641601562,88.31607818603516,588.921630859375,104.31153106689453,587.359619140625,129.3106689453125,593.3065185546875,170.4344940185547,601.0357666015625,226.64947509765625,611.5282592773438,294.4125061035156,0
6155,214.22781372070312,148.68960571289062,493.51995849609375,149.42979431152344,595.8414306640625,57.7545051574707,572.0674438476562,95.80701446533203,613.3414306640625,99.99681091308594,591.1038208007812,83.36553955078125,590.8889770507812,98.5086441040039,588.447021484375,127.83760070800781,593.475830078125,166.3721466064453,602.31201171875,224.46006774902344,616.3734130859375,291.3465270996094,0
6156,214.24522399902344,148.68301391601562,493.5608825683594,149.42115783691406,594.6516723632812,55.39437484741211,574.8643798828125,91.87647247314453,615.3963012695312,98.9959487915039,592.3704223632812,81.68992614746094,592.9487915039062,97.13082122802734,589.457275390625,127.60958099365234,592.6896362304688,166.48780822753906,602.89794921875,224.9991455078125,615.6895141601562,292.3186950683594,0
6157,214.23094177246094,148.8171844482422,493.6137390136719,149.39903259277344,590.1558837890625,56.12348556518555,577.1665649414062,93.39258575439453,617.8924560546875,98.6985092163086,593.7438354492188,82.19973754882812,595.4308471679688,97.16207122802734,589.299560546875,125.72042846679688,590.86572265625,164.08494567871094,598.5969848632812,220.38934326171875,609.6497802734375,284.3970642089844,0
6158,214.19972229003906,148.8166046142578,493.6025085449219,149.407470703125,590.0994262695312,56.10942459106445,577.162109375,93.41692352294922,617.8984985351562,98.70240020751953,593.732666015625,82.21809387207031,595.4283447265625,97.16019439697266,589.2903442382812,125.72802734375,590.8696899414062,164.0740203857422,598.5219116210938,220.29287719726562,609.707763671875,284.15008544921875,0
6159,214.3141632080078,148.67308044433594,493.4942626953125,149.38255310058594,593.0004272460938,60.74053955078125,578.7247314453125,95.99287414550781,620.0484008789062,99.7706298828125,596.2654418945312,83.46311950683594,595.9861450195312,98.09517669677734,588.8764038085938,123.79234313964844,590.2920532226562,162.09771728515625,593.506591796875,219.78121948242188,602.12548828125,286.5500183105469,0
6160,214.3446044921875,148.7104034423828,493.54754638671875,149.34202575683594,598.5411987304688,71.65470886230469,580.120849609375,105.64633178710938,621.2449340820312,111.71551513671875,601.5946655273438,93.35594940185547,598.6819458007812,107.79122161865234,591.0620727539062,127.09269714355469,590.4835815429688,159.04872131347656,593.5491943359375,217.09353637695312,599.1586303710938,282.8012390136719,0
6161,214.2546844482422,148.5250701904297,493.7934265136719,149.26121520996094,571.8246459960938,66.14108276367188,574.453125,115.28549194335938,618.9115600585938,122.10829162597656,596.8582763671875,104.33958435058594,595.0332641601562,118.39835357666016,588.2022705078125,135.4517822265625,590.0862426757812,163.8128204345703,596.13427734375,223.49465942382812,604.4925537109375,289.8959655761719,0
6162,214.2632293701172,148.6298370361328,493.7486267089844,149.19329833984375,568.6118774414062,63.825435638427734,573.781982421875,119.93562316894531,617.6766967773438,125.9691390991211,593.8770141601562,107.91854095458984,594.1642456054688,120.92840576171875,588.4009399414062,136.67019653320312,589.302978515625,164.06671142578125,593.090576171875,223.76458740234375,601.6123046875,283.0931396484375,0
6163,214.24168395996094,148.65542602539062,493.8546447753906,149.16867065429688,593.2451782226562,91.96241760253906,573.2434692382812,120.90241241455078,616.4231567382812,128.29635620117188,592.90576171875,109.64543151855469,593.8419799804688,122.58338928222656,588.3023681640625,138.48338317871094,589.237548828125,164.9864959716797,591.7658081054688,223.30471801757812,600.0172119140625,283.01397705078125,0
6164,214.30465698242188,148.58262634277344,493.89300537109375,149.03753662109375,585.2921752929688,79.63887786865234,571.1859741210938,118.92753601074219,615.7821044921875,122.89631652832031,590.7280883789062,106.05680847167969,591.2913818359375,120.96878051757812,588.3858032226562,139.65023803710938,590.1510620117188,169.7371063232422,592.5579223632812,226.21792602539062,603.5913696289062,286.02972412109375,0
6165,214.3125762939453,148.61997985839844,493.8963623046875,149.0420379638672,585.2489013671875,79.59844970703125,571.1915283203125,118.92207336425781,615.813232421875,122.89767456054688,590.7435913085938,106.03466033935547,591.3158569335938,120.95883178710938,588.4279174804688,139.6337127685547,590.1567993164062,169.74168395996094,592.5587158203125,226.20965576171875,603.5997314453125,286.0077209472656,0
6166,214.16758728027344,148.6141357421875,493.87225341796875,149.06997680664062,580.6563110351562,73.79634857177734,568.8807373046875,113.48854064941406,613.5714721679688,117.44334411621094,587.7265014648438,99.36522674560547,588.7853393554688,115.65235900878906,586.8734130859375,138.92459106445312,591.3433837890625,173.6306610107422,598.2506103515625,230.72093200683594,608.30615234375,291.72210693359375,0
6167,214.1777801513672,148.60800170898438,493.8747253417969,149.07620239257812,580.6137084960938,74.01016998291016,568.7613525390625,113.73052215576172,613.3528442382812,117.68173217773438,587.6907348632812,99.63709259033203,588.4824829101562,116.00440216064453,586.6521606445312,139.11178588867188,591.3388061523438,173.60203552246094,598.2781372070312,230.93911743164062,608.3709106445312,292.04638671875,0
6168,214.25941467285156,148.487060546875,493.71697998046875,149.2490692138672,564.7847290039062,61.838470458984375,556.7469482421875,110.35498809814453,596.0281372070312,102.3988265991211,572.586669921875,91.8016586303711,574.4130859375,107.95196533203125,585.0738525390625,139.4024200439453,594.534423828125,181.20388793945312,602.4138793945312,239.04098510742188,615.5091552734375,303.2161560058594,0
6169,214.30780029296875,148.51097106933594,493.82830810546875,149.53518676757812,531.4666137695312,72.24494171142578,539.9241943359375,112.07215118408203,565.4707641601562,94.30671691894531,545.7433471679688,94.19807434082031,557.4581298828125,108.07826232910156,584.5438842773438,136.87403869628906,599.3170166015625,187.0373077392578,607.0755615234375,243.07850646972656,616.835205078125,307.6845703125,0
6170,214.288818359375,148.40785217285156,493.61077880859375,149.55722045898438,525.9212646484375,74.87374114990234,535.597900390625,112.45884704589844,559.031982421875,92.37904357910156,541.3521118164062,94.51890563964844,552.6283569335938,106.73015594482422,581.9713745117188,136.42050170898438,599.6196899414062,185.8581085205078,608.440185546875,240.2059326171875,616.9249877929688,308.9339599609375,0
6171,214.19818115234375,148.56771850585938,493.68280029296875,149.65765380859375,513.9618530273438,96.23594665527344,537.8343505859375,114.72795104980469,549.8192138671875,86.58619689941406,535.5769653320312,97.46399688720703,550.194091796875,103.42009735107422,584.3532104492188,131.62864685058594,601.2254638671875,185.21145629882812,607.707763671875,241.15907287597656,616.1460571289062,304.7691955566406,0
6172,214.20199584960938,148.5673065185547,493.6862487792969,149.66246032714844,513.9622802734375,96.24430847167969,537.8115234375,114.7157974243164,549.7998657226562,86.59168243408203,535.5673828125,97.46308898925781,550.186279296875,103.40978240966797,584.2985229492188,131.68055725097656,601.2294921875,185.21336364746094,607.7090454101562,241.16123962402344,616.1535034179688,304.76629638671875,0
6173,214.35687255859375,148.5448455810547,493.5406494140625,149.87115478515625,509.0475158691406,100.19595336914062,536.9649658203125,113.38477325439453,544.9678955078125,84.29409790039062,529.5975341796875,96.81196594238281,546.0263671875,100.62835693359375,585.8358154296875,129.17088317871094,602.9129028320312,182.2371826171875,609.98046875,237.96511840820312,613.903076171875,303.5168151855469,0
6174,214.337158203125,148.6236114501953,493.5109558105469,149.7791748046875,504.1201477050781,100.59886932373047,533.6719360351562,111.07296752929688,539.513916015625,82.4104232788086,524.9912719726562,95.95934295654297,541.8236694335938,99.03463745117188,584.98291015625,123.19733428955078,607.0183715820312,178.63375854492188,614.50732421875,233.84970092773438,614.3516845703125,301.4341735839844,0
6175,214.35791015625,148.47698974609375,493.2903747558594,149.806640625,502.243408203125,106.0714111328125,531.4506225585938,110.3404312133789,535.2241821289062,81.82501983642578,521.1904907226562,96.58372497558594,537.12060546875,98.16535186767578,584.5465698242188,123.52627563476562,608.1956176757812,177.08499145507812,616.8286743164062,228.32139587402344,616.8473510742188,301.3983154296875,0
6176,214.3671875,148.40713500976562,493.2721862792969,149.29238891601562,502.9248352050781,107.56185913085938,533.4600219726562,111.38929748535156,535.955810546875,81.47599029541016,521.1613159179688,100.38478088378906,536.9979248046875,99.15205383300781,584.39453125,122.47332000732422,609.993896484375,175.48960876464844,619.4945678710938,225.91184997558594,620.5383911132812,270.35345458984375,0
6177,214.40060424804688,148.4001007080078,493.25689697265625,149.3009796142578,502.9292297363281,107.52185821533203,533.4964599609375,111.42501831054688,535.9780883789062,81.48432159423828,521.1878662109375,100.40019226074219,537.0280151367188,99.16468048095703,584.3756713867188,122.44056701660156,610.0022583007812,175.4936981201172,619.5304565429688,225.99574279785156,620.5493774414062,270.4791259765625,-1
6178,214.42477416992188,148.39349365234375,493.4237060546875,149.23309326171875,505.0188293457031,109.98824310302734,536.8196411132812,108.9609146118164,537.1351318359375,79.99214172363281,523.4586181640625,100.97598266601562,538.8507080078125,96.67454528808594,584.8075561523438,121.74007415771484,612.2783813476562,174.92823791503906,622.9218139648438,220.1678466796875,627.3228149414062,264.06353759765625,-1
6179,214.42733764648438,148.31871032714844,493.349365234375,149.268798828125,506.2994384765625,113.65704345703125,543.4339599609375,104.98851013183594,538.447021484375,79.20835876464844,526.1329345703125,97.50269317626953,543.9254760742188,96.82769012451172,586.4664916992188,122.40259552001953,611.4765014648438,174.78497314453125,619.8076171875,223.994384765625,617.1829223632812,299.0002746582031,-1
6180,214.44613647460938,148.51669311523438,493.4139099121094,149.54409790039062,511.7002868652344,112.71887969970703,547.6590576171875,106.7701187133789,541.0516357421875,80.60613250732422,531.4136352539062,98.38837432861328,547.0259399414062,97.88041687011719,588.320068359375,122.16131591796875,612.1918334960938,173.87567138671875,623.292724609375,231.74810791015625,616.9915771484375,296.970458984375,-1
6181,214.13397216796875,148.64962768554688,493.04931640625,149.35122680664062,513.2144775390625,115.68293762207031,551.0770874023438,108.3414306640625,544.4083862304688,81.89157104492188,535.3815307617188,99.82475280761719,550.02783203125,97.21894073486328,592.2774658203125,121.49507141113281,612.9589233398438,172.0848388671875,625.846435546875,220.0517120361328,631.3580932617188,262.7525634765625,-1
6182,214.15164184570312,148.6198272705078,493.0495910644531,149.35231018066406,513.1940307617188,115.66455078125,550.9926147460938,108.34712219238281,544.39697265625,81.86062622070312,535.3348999023438,99.7862319946289,549.9990844726562,97.21392059326172,592.2486572265625,121.51472473144531,612.9564819335938,172.08506774902344,625.845703125,220.04750061035156,631.3519897460938,262.7486267089844,-1
6183,214.23098754882812,148.57740783691406,492.8977355957031,149.25115966796875,510.2596740722656,116.22477722167969,549.4589233398438,107.88609313964844,540.1438598632812,80.65022277832031,531.3712768554688,100.109619140625,547.3733520507812,97.93065643310547,591.1206665039062,120.36012268066406,613.14892578125,171.24533081054688,625.905029296875,220.27542114257812,630.9976806640625,263.2451477050781,-1
6184,214.2546844482422,148.61459350585938,493.099609375,149.4390106201172,504.3539733886719,111.41789245605469,544.0390014648438,105.30970001220703,538.5581665039062,75.76219177246094,526.5123901367188,95.50456237792969,545.5817260742188,94.82087707519531,588.820068359375,118.52750396728516,612.4149169921875,170.09646606445312,625.067138671875,220.7729034423828,628.685546875,264.69232177734375,-1
6185,214.22564697265625,148.65982055664062,493.2541809082031,149.59120178222656,500.4605712890625,108.10794067382812,538.5711669921875,107.57015991210938,535.0042114257812,75.37046813964844,523.1187744140625,96.36389923095703,541.4573974609375,94.1808853149414,586.784912109375,116.33914184570312,612.4867553710938,167.37721252441406,626.3026733398438,218.58160400390625,631.13037109375,261.30181884765625,-1
6186,214.2224884033203,148.53497314453125,493.4284362792969,149.68968200683594,490.2120666503906,104.82829284667969,529.9287719726562,108.07135009765625,524.8433227539062,74.64675903320312,514.6444091796875,95.5853042602539,531.14306640625,94.65452575683594,582.8104248046875,111.22750854492188,614.9832153320312,159.79415893554688,633.9583129882812,213.35081481933594,637.1299438476562,252.1001434326172,-1
6187,214.18955993652344,148.49679565429688,493.4170227050781,149.71636962890625,490.20947265625,104.82337951660156,529.9462280273438,108.0756607055664,524.8356323242188,74.61734771728516,514.632568359375,95.58210754394531,531.1593017578125,94.66974639892578,582.8799438476562,111.25920104980469,614.9848022460938,159.832763671875,633.9584350585938,213.322265625,637.1204223632812,252.07049560546875,-1
6188,214.21083068847656,148.47996520996094,493.4086608886719,149.59637451171875,483.7509765625,101.00105285644531,519.7393188476562,106.84552764892578,520.4237060546875,73.37010955810547,508.106689453125,92.85985565185547,526.0982666015625,92.30125427246094,578.5430908203125,108.60882568359375,615.7469482421875,157.22183227539062,633.5966186523438,208.16583251953125,639.4869384765625,247.77586364746094,0
6189,214.21461486816406,148.44891357421875,493.5881652832031,149.49929809570312,465.1767883300781,90.79344177246094,498.63128662109375,105.90431213378906,502.4832763671875,74.47100830078125,489.3089904785156,89.44686126708984,506.1191101074219,91.42279052734375,564.8782348632812,105.0667724609375,611.9520874023438,150.8660125732422,632.54345703125,204.08877563476562,638.2073974609375,245.93679809570312,0
6190,214.18711853027344,148.59962463378906,493.8673400878906,149.24313354492188,457.7640075683594,90.27775573730469,487.9067687988281,104.88475036621094,492.3204345703125,75.36152648925781,478.9388122558594,89.83794403076172,495.0789794921875,92.78862762451172,554.2799072265625,102.25200653076172,608.372314453125,145.37066650390625,630.6885986328125,198.01425170898438,636.00537109375,239.71336364746094,0
6191,214.14260864257812,148.5717315673828,494.4017333984375,149.51382446289062,435.6306457519531,89.4607162475586,461.3929138183594,102.28955078125,466.078857421875,73.0932846069336,454.424560546875,86.74394226074219,468.3747253417969,87.59762573242188,528.2921752929688,93.37641906738281,598.1156005859375,121.8404769897461,619.8218994140625,161.5662078857422,631.3466186523438,207.671875,0
6192,214.1268310546875,148.56971740722656,494.36663818359375,149.55511474609375,435.5398254394531,89.41854858398438,461.3830261230469,102.29618072509766,466.1231994628906,73.04167175292969,454.45721435546875,86.6728286743164,468.42071533203125,87.57366943359375,528.3279418945312,93.3815689086914,598.1167602539062,121.83380126953125,619.8162231445312,161.55911254882812,631.3480834960938,207.66831970214844,0
6193,214.27731323242188,148.46127319335938,494.0879821777344,149.96072387695312,421.6355895996094,90.30229187011719,449.8113708496094,103.96248626708984,452.2733459472656,72.3774185180664,441.12030029296875,86.0038833618164,456.7379455566406,87.69692993164062,521.5160522460938,87.88984680175781,587.4602661132812,112.48857116699219,615.8414916992188,156.19070434570312,631.4303588867188,211.24766540527344,0
6194,214.15936279296875,148.7179718017578,493.5272521972656,149.9877471923828,392.25469970703125,89.93964385986328,418.4677429199219,107.1329345703125,419.1643981933594,76.45636749267578,410.8940734863281,90.16720581054688,425.1422119140625,91.77972412109375,489.3262023925781,86.22103118896484,561.2354125976562,99.85411071777344,599.5095825195312,143.4049530029297,620.0033569335938,193.0048828125,0
6195,214.0891571044922,148.67327880859375,493.39288330078125,149.85818481445312,376.5141906738281,90.1543960571289,402.9367980957031,108.19129943847656,403.7987365722656,76.22949981689453,396.8695068359375,89.0813217163086,410.19781494140625,91.9990463256836,470.22723388671875,85.50709533691406,544.7666625976562,97.6271743774414,588.0507202148438,139.25416564941406,611.7256469726562,189.52259826660156,0
6196,214.3459014892578,148.60049438476562,492.8355407714844,149.9165802001953,348.3030700683594,89.76432037353516,378.4739074707031,108.43161010742188,381.44744873046875,76.84439086914062,370.4677429199219,89.89938354492188,386.29290771484375,92.71829223632812,444.3751220703125,83.77045440673828,518.4161376953125,84.52069091796875,572.5404663085938,125.95550537109375,606.342529296875,180.30862426757812,0
6197,214.37840270996094,148.6475372314453,492.80010986328125,149.8981170654297,348.3021545410156,89.76506805419922,378.4768981933594,108.43187713623047,381.45703125,76.83129119873047,370.4682312011719,89.89848327636719,386.3067932128906,92.71015167236328,444.408447265625,83.7435531616211,518.4241943359375,84.51338195800781,572.55078125,125.96240997314453,606.3412475585938,180.31695556640625,0
6198,214.36959838867188,148.720947265625,492.5052795410156,149.50804138183594,340.38116455078125,88.9534683227539,369.27154541015625,108.16087341308594,373.0105895996094,75.2162094116211,361.9916687011719,88.31817626953125,377.4220886230469,91.51630401611328,436.35528564453125,79.21414184570312,509.4447937011719,74.1182632446289,563.4976196289062,99.3276596069336,590.9395751953125,137.63287353515625,0
6199,214.3236541748047,148.60789489746094,492.7597351074219,149.6024932861328,321.08380126953125,89.8264389038086,354.3761901855469,107.80227661132812,357.1369934082031,75.81592559814453,345.4364013671875,88.77025604248047,361.4241027832031,91.53913879394531,420.4045715332031,73.17022705078125,490.7608642578125,58.84105682373047,553.2360229492188,72.0329360961914,597.412841796875,116.04338836669922,0
6200,214.35704040527344,148.51654052734375,492.7107849121094,149.7294921875,310.7942199707031,90.15682983398438,343.5397033691406,108.9900894165039,347.1148986816406,78.82135009765625,334.9992980957031,91.2515869140625,351.16448974609375,93.66986846923828,409.0691223144531,76.83658599853516,480.0020751953125,64.40458679199219,543.5888061523438,69.0387954711914,585.80078125,105.24996185302734,0
6201,214.2487335205078,148.5108642578125,492.76092529296875,149.4569549560547,281.1217956542969,99.02863311767578,315.5113220214844,119.47515869140625,316.97528076171875,88.3886947631836,305.06829833984375,101.58082580566406,322.355224609375,102.60749816894531,378.9136962890625,89.41514587402344,447.135986328125,82.80508422851562,491.03680419921875,92.71844482421875,487.2872314453125,92.21041870117188,0
6202,214.36822509765625,148.4815673828125,492.7203063964844,149.46536254882812,281.1520690917969,99.05509185791016,315.5220947265625,119.40907287597656,316.9281005859375,88.47662353515625,305.0078125,101.61312866210938,322.3597412109375,102.67529296875,378.9032897949219,89.76361083984375,447.15478515625,82.70124053955078,491.13824462890625,92.69953155517578,487.2466735839844,92.1842269897461,0
6203,214.18055725097656,148.52549743652344,492.970458984375,149.2887420654297,270.18634033203125,101.52852630615234,303.27935791015625,120.8426284790039,305.633056640625,89.88154602050781,293.2599182128906,103.32181549072266,309.3402099609375,104.0509262084961,366.36102294921875,94.75166320800781,433.10980224609375,93.82440948486328,476.60882568359375,103.00566101074219,465.494140625,117.24557495117188,0
6204,214.33065795898438,148.576904296875,491.7596435546875,152.3538360595703,248.27838134765625,104.65442657470703,282.04791259765625,122.12584686279297,285.1300048828125,88.9209976196289,272.0666809082031,104.48016357421875,289.10394287109375,105.45498657226562,347.2544250488281,100.52705383300781,417.84820556640625,94.66108703613281,465.7926025390625,109.2806625366211,253.60255432128906,112.55306243896484,0
6205,214.47145080566406,149.10154724121094,491.72930908203125,151.1920928955078,239.6224365234375,108.01056671142578,274.45184326171875,122.28240203857422,275.4081115722656,88.79924774169922,263.8035888671875,104.43710327148438,280.0419921875,105.7851791381836,340.16796875,99.01836395263672,407.5323486328125,90.12462615966797,455.0697326660156,100.2917251586914,476.857666015625,115.22782135009766,0
6206,214.36624145507812,149.15699768066406,491.86151123046875,149.74790954589844,230.29730224609375,114.17250061035156,268.5597839355469,123.76310729980469,267.78399658203125,89.9853515625,256.9029541015625,107.22393798828125,273.28546142578125,107.09868621826172,328.1479187011719,98.2094955444336,394.7619934082031,83.77371215820312,440.909912109375,95.216796875,467.6999206542969,105.76124572753906,1
6207,214.45249938964844,149.1720733642578,492.99151611328125,149.7932891845703,229.3292694091797,119.05794525146484,271.4017028808594,124.52108764648438,265.2403564453125,89.0280990600586,255.48866271972656,108.03305053710938,272.40081787109375,105.7164077758789,324.102783203125,93.31887817382812,386.0620422363281,78.39891052246094,435.5458068847656,87.45664978027344,465.97039794921875,102.75196838378906,1
6208,214.25482177734375,149.1811065673828,493.28240966796875,149.89320373535156,230.09259033203125,121.06698608398438,271.31414794921875,124.015869140625,261.7274475097656,88.01461029052734,253.96507263183594,108.35614776611328,269.947265625,104.55896759033203,319.3667297363281,91.08140563964844,381.7399597167969,83.6082992553711,428.3023986816406,88.82415771484375,460.5510559082031,92.78298950195312,1
6209,214.5177459716797,149.3646697998047,492.9096374511719,150.18067932128906,226.4185333251953,118.96373748779297,268.916015625,125.29615020751953,262.4847412109375,89.09162902832031,252.7049102783203,108.41415405273438,269.4069519042969,106.2700424194336,319.3086242675781,92.76699829101562,382.2048034667969,87.60549926757812,428.9184875488281,96.68352508544922,462.1584167480469,108.9389419555664,1
6210,213.90179443359375,150.53924560546875,494.6286926269531,149.23822021484375,226.28260803222656,125.37393188476562,267.00408935546875,135.46719360351562,261.8793640136719,99.76998901367188,251.35581970214844,117.81797790527344,267.7318420410156,116.19618225097656,316.08563232421875,99.53462982177734,380.8681335449219,93.49005126953125,428.595703125,108.41582489013672,466.3306884765625,125.94002532958984,1
6211,213.90078735351562,150.53863525390625,494.6271667480469,149.24241638183594,226.2812957763672,125.37606048583984,267.00921630859375,135.4597930908203,261.8771667480469,99.76414489746094,251.35354614257812,117.8173828125,267.7108154296875,116.19488525390625,315.97100830078125,99.60682678222656,380.86962890625,93.48446655273438,428.6101379394531,108.42648315429688,466.337890625,125.93952178955078,1
6212,213.26715087890625,150.7902069091797,494.983642578125,149.1096649169922,227.79725646972656,129.17384338378906,268.6383056640625,136.95669555664062,261.0137023925781,102.02136993408203,252.51112365722656,120.97544860839844,268.2694091796875,117.30587768554688,315.3224792480469,100.89241790771484,380.0945739746094,91.7524642944336,426.65869140625,107.89263153076172,464.8970642089844,126.25570678710938,1
6213,213.1199951171875,151.25416564941406,493.1536560058594,149.75331115722656,229.65560913085938,134.03961181640625,269.36737060546875,138.75662231445312,256.9056701660156,106.98290252685547,252.30783081054688,124.87711334228516,265.19207763671875,120.69647216796875,313.4701843261719,95.14392852783203,375.0050964355469,81.85795593261719,421.7588195800781,88.07630157470703,454.1481018066406,97.68643951416016,1
6214,211.85377502441406,153.0482177734375,493.11871337890625,149.5301055908203,223.18849182128906,136.54278564453125,260.67291259765625,139.67486572265625,251.1499786376953,109.57369232177734,243.2033233642578,127.46284484863281,258.3089904785156,123.075439453125,309.3644714355469,96.85639190673828,372.7575988769531,82.14649963378906,422.96807861328125,86.21034240722656,456.21728515625,94.4978256225586,1
6215,211.63633728027344,160.4041290283203,493.0863037109375,149.7237548828125,199.81524658203125,141.78787231445312,232.99391174316406,149.12994384765625,224.88429260253906,121.39881134033203,217.5037841796875,137.06016540527344,232.73277282714844,134.37757873535156,287.46441650390625,108.55805206298828,358.647705078125,86.05717468261719,413.5683288574219,91.2742691040039,454.4974670410156,100.99125671386719,1
6216,212.23484802246094,163.39576721191406,493.31817626953125,149.54246520996094,185.38662719726562,147.37181091308594,216.37716674804688,153.7631378173828,206.9888153076172,127.30320739746094,202.43190002441406,143.35650634765625,215.04574584960938,139.92771911621094,267.1215515136719,116.58723449707031,344.86688232421875,91.06880187988281,404.0977783203125,89.8333740234375,449.9244079589844,99.1268539428711,1
6217,221.6355743408203,162.50070190429688,493.31573486328125,149.6543426513672,172.03282165527344,148.61929321289062,194.34872436523438,164.96609497070312,187.60073852539062,132.33392333984375,182.94017028808594,149.27479553222656,194.94615173339844,147.05738830566406,248.54493713378906,125.47582244873047,326.5799865722656,101.06865692138672,383.0572814941406,96.0577392578125,439.4038391113281,94.87532043457031,1
6218,230.39956665039062,144.97244262695312,493.26239013671875,149.67774963378906,162.80615234375,151.7946014404297,184.069091796875,167.38656616210938,180.16949462890625,136.0010986328125,173.6400604248047,151.21482849121094,186.8546905517578,150.47532653808594,236.9680633544922,130.7224578857422,309.5393981933594,111.62149047851562,349.18377685546875,112.5275650024414,382.67352294921875,118.6933822631836,1
6219,227.5819091796875,146.58932495117188,493.3728332519531,149.6902313232422,153.7589874267578,151.66610717773438,172.64035034179688,170.93392944335938,168.89747619628906,137.014404296875,163.04075622558594,154.3700714111328,176.34629821777344,152.84230041503906,229.29891967773438,135.84324645996094,296.1854553222656,116.5462875366211,354.1481628417969,126.11063385009766,411.3128967285156,134.9418487548828,1
6220,227.7308349609375,146.26478576660156,493.3669128417969,149.71141052246094,153.7591094970703,151.65362548828125,171.738525390625,170.6145782470703,168.9022216796875,137.03123474121094,163.04855346679688,154.41053771972656,176.34339904785156,152.89187622070312,229.40579223632812,135.7692413330078,296.2086486816406,116.58734130859375,353.9732666015625,126.07125854492188,411.2033386230469,134.89959716796875,1
6221,219.72935485839844,148.21519470214844,493.3432312011719,149.62969970703125,145.43104553222656,151.39617919921875,163.43223571777344,170.3859405517578,160.25099182128906,136.0863037109375,153.55300903320312,153.85995483398438,166.73419189453125,153.49208068847656,221.394287109375,138.44078063964844,285.70947265625,118.74931335449219,342.8640441894531,122.15985870361328,400.0227355957031,125.9212646484375,1
6222,219.78121948242188,148.21490478515625,493.35784912109375,149.61170959472656,145.38766479492188,151.40072631835938,163.42926025390625,170.394775390625,160.24771118164062,136.1143341064453,153.55978393554688,153.85902404785156,166.74586486816406,153.49160766601562,221.44715881347656,138.47789001464844,285.7127990722656,118.78854370117188,342.69073486328125,122.1092300415039,399.8951721191406,125.75802612304688,1
6223,220.95846557617188,147.45005798339844,493.3848571777344,149.55636596679688,150.55117797851562,148.61965942382812,166.0209197998047,169.06346130371094,164.7695770263672,136.14956665039062,158.4337158203125,151.6018829345703,169.51974487304688,153.19532775878906,222.23431396484375,138.16368103027344,285.5061340332031,120.08525848388672,342.5189514160156,122.81092834472656,398.0114440917969,126.51026916503906,1
6224,220.1400909423828,149.1265869140625,493.2878723144531,149.54737854003906,152.25131225585938,147.9656219482422,167.0871124267578,168.86404418945312,165.15895080566406,136.8269500732422,159.4500274658203,151.74935913085938,171.38812255859375,152.51583862304688,221.93209838867188,139.55262756347656,284.29986572265625,123.8181381225586,341.6900634765625,127.59778594970703,399.7942810058594,127.73681640625,1
6225,219.09756469726562,151.5465850830078,493.3399353027344,149.55661010742188,153.1027069091797,150.62088012695312,165.97946166992188,172.49790954589844,162.6212158203125,136.98191833496094,157.9011688232422,155.53970336914062,169.39028930664062,155.94241333007812,220.0961456298828,143.02157592773438,284.66668701171875,125.00493621826172,341.562255859375,126.97964477539062,400.1206970214844,127.4811019897461,1
6226,216.64390563964844,152.9759063720703,493.2344055175781,149.5341339111328,148.33535766601562,152.64393615722656,163.5072021484375,176.58303833007812,159.52247619628906,140.94908142089844,155.0931854248047,158.5271759033203,165.00296020507812,159.62789916992188,216.84156799316406,146.1379852294922,283.5057067871094,127.36769104003906,341.79315185546875,129.01068115234375,400.41717529296875,129.48663330078125,1
6227,214.2677001953125,155.16091918945312,493.1978759765625,149.58180236816406,144.03085327148438,155.29736328125,156.3011474609375,179.50978088378906,153.62059020996094,146.9499053955078,147.946044921875,160.1006622314453,161.0512237548828,162.4044189453125,213.66036987304688,150.2294464111328,282.10321044921875,129.779052734375,340.837158203125,130.98443603515625,399.8574523925781,129.47689819335938,0
6228,205.538818359375,159.2400665283203,493.1137390136719,149.55970764160156,135.17669677734375,160.91311645507812,148.82656860351562,181.66946411132812,147.878662109375,149.96157836914062,141.47021484375,163.0194549560547,153.5186309814453,166.25485229492188,207.72152709960938,153.8522491455078,278.78070068359375,131.3419647216797,337.4393310546875,130.46099853515625,394.18023681640625,128.8065643310547,0
6229,199.20388793945312,160.25540161132812,493.0924072265625,149.52357482910156,133.8759765625,162.02540588378906,145.04881286621094,184.3021240234375,141.67776489257812,152.85455322265625,142.18215942382812,169.27452087402344,148.6577911376953,172.3470458984375,197.5015411376953,159.05323791503906,267.5943603515625,133.58102416992188,325.5296325683594,124.5394515991211,380.4253845214844,120.35860443115234,0
6230,199.23226928710938,160.23374938964844,493.0958557128906,149.50657653808594,133.8726348876953,162.012451171875,145.04672241210938,184.25070190429688,141.69549560546875,152.81546020507812,142.1884765625,169.2516326904297,148.65951538085938,172.3198699951172,197.3895721435547,159.12464904785156,267.5843811035156,133.57896423339844,325.5297546386719,124.54061889648438,380.4239501953125,120.36021423339844,0
6231,196.95480346679688,165.02493286132812,493.0981140136719,149.5403594970703,130.62527465820312,162.197998046875,141.2078857421875,186.92803955078125,139.7069854736328,152.54258728027344,141.29348754882812,171.30245971679688,146.1796417236328,174.64805603027344,195.49427795410156,160.99459838867188,262.5765380859375,132.33346557617188,317.5075378417969,118.10669708251953,375.4366760253906,109.16364288330078,0
6232,187.6605987548828,170.6674346923828,493.1527404785156,149.42535400390625,127.44511413574219,155.13526916503906,132.57933044433594,182.1097412109375,136.32762145996094,149.6284637451172,129.37644958496094,165.61976623535156,139.51856994628906,169.95596313476562,187.19317626953125,162.61227416992188,246.09112548828125,131.22462463378906,294.5681457519531,109.0135726928711,337.3499755859375,96.28486633300781,0
6233,180.4789581298828,166.59400939941406,493.12567138671875,149.32810974121094,126.01348114013672,178.9160919189453,129.3280029296875,180.86610412597656,136.1896209716797,149.8952178955078,126.1703109741211,164.6800079345703,136.04672241210938,168.38650512695312,181.50900268554688,163.77285766601562,233.36569213867188,137.67718505859375,280.8128356933594,111.02120208740234,329.82977294921875,91.43180084228516,0
6234,219.99359130859375,144.81875610351562,493.19171142578125,149.33453369140625,110.92413330078125,160.12344360351562,117.23906707763672,185.4995574951172,118.07904815673828,152.3747100830078,112.71216583251953,166.62725830078125,123.36473846435547,172.48095703125,165.2515411376953,166.03489685058594,235.79922485351562,140.447998046875,242.77536010742188,134.0982666015625,292.9239196777344,129.75042724609375,0
6235,220.0255126953125,145.038818359375,493.0799255371094,149.33059692382812,110.92842102050781,160.1256103515625,117.23831939697266,185.50645446777344,118.00283813476562,152.36231994628906,112.7028579711914,166.73532104492188,123.36671447753906,172.60064697265625,165.43460083007812,165.95108032226562,235.9529571533203,139.9692840576172,242.65118408203125,134.1180419921875,292.9806823730469,129.73167419433594,0
6236,220.5859375,147.67225646972656,493.0364990234375,149.33865356445312,104.6287612915039,165.3741455078125,116.82378387451172,189.1712646484375,115.03761291503906,155.72247314453125,109.4207763671875,172.0681610107422,119.4659423828125,174.54403686523438,162.00160217285156,165.91207885742188,239.2363739013672,134.3717803955078,248.09861755371094,137.23617553710938,275.0769348144531,126.51663208007812,0
6237,216.5548095703125,149.70877075195312,493.0694580078125,149.4118194580078,97.27141571044922,160.49783325195312,109.85026550292969,188.16415405273438,107.94808197021484,153.36221313476562,101.77366638183594,168.30076599121094,112.081787109375,174.25875854492188,153.35427856445312,166.19927978515625,191.46661376953125,142.3548583984375,210.5521697998047,173.34823608398438,225.02569580078125,176.16146850585938,0
6238,215.27867126464844,151.22073364257812,493.084228515625,149.47705078125,94.15715026855469,160.16099548339844,107.29075622558594,186.48141479492188,105.7223129272461,152.47467041015625,99.12040710449219,166.19326782226562,109.5802230834961,170.50123596191406,151.2072296142578,164.6372528076172,203.49331665039062,184.3848419189453,179.58795166015625,191.47140502929688,215.63319396972656,186.8169708251953,0
6239,216.16061401367188,149.1431884765625,493.1715393066406,149.49508666992188,92.87315368652344,150.03387451171875,98.2567138671875,180.6717071533203,103.21954345703125,147.92897033691406,95.63467407226562,160.20025634765625,106.0797348022461,166.928955078125,151.43661499023438,166.7042236328125,194.2313995361328,176.47171020507812,227.1036834716797,190.8540496826172,259.80206298828125,198.53053283691406,0
6240,216.22267150878906,149.1638946533203,493.14715576171875,149.52491760253906,92.86060333251953,150.03567504882812,98.25898742675781,180.67706298828125,103.22970581054688,147.8990936279297,95.63187408447266,160.2027130126953,106.10627746582031,166.9443359375,151.6087646484375,166.7185516357422,194.2398681640625,176.5042266845703,227.1294708251953,190.86376953125,259.81463623046875,198.53097534179688,0
6241,214.88243103027344,149.03370666503906,493.0863952636719,149.5100555419922,96.49484252929688,138.47219848632812,95.0191650390625,169.89047241210938,105.72415161132812,138.12631225585938,94.9064712524414,151.03756713867188,103.42814636230469,158.9222869873047,148.2952880859375,169.46331787109375,192.96810913085938,181.91905212402344,231.50628662109375,201.62181091308594,274.0677490234375,212.70773315429688,0
6242,214.1328887939453,149.8400115966797,493.04876708984375,149.50030517578125,113.53553009033203,123.41728210449219,95.5187759399414,153.20285034179688,117.76545715332031,131.55006408691406,104.2153549194336,137.7053985595703,110.7646484375,149.08099365234375,142.4877471923828,170.44189453125,187.6905059814453,198.5477752685547,225.29551696777344,220.5332794189453,266.9618835449219,232.67478942871094,0
6243,215.61102294921875,148.63719177246094,493.1304626464844,149.581298828125,116.66183471679688,116.4592514038086,94.2371826171875,148.2418212890625,119.98313903808594,128.20260620117188,104.62183380126953,134.42730712890625,111.1687240600586,145.58111572265625,140.57997131347656,170.10186767578125,185.47048950195312,201.55169677734375,218.85772705078125,230.72555541992188,264.62860107421875,246.75628662109375,0
6244,215.28636169433594,148.4974822998047,493.0865173339844,149.66526794433594,122.45394134521484,109.75183868408203,96.24954223632812,140.5035858154297,122.96791076660156,126.59265899658203,108.10205078125,126.92235565185547,111.17273712158203,141.67788696289062,138.3017578125,170.9315643310547,181.323486328125,202.1293182373047,215.26670837402344,237.41915893554688,273.02960205078125,262.5006103515625,0
6245,215.25840759277344,148.4973907470703,493.0647277832031,149.74127197265625,122.44194030761719,109.76289367675781,96.2645492553711,140.50584411621094,122.98866271972656,126.62716674804688,108.10980224609375,126.94049072265625,111.17788696289062,141.69737243652344,138.3004913330078,170.95120239257812,181.32115173339844,202.1277618408203,215.23583984375,237.3990936279297,272.9562683105469,262.5458984375,0
6246,215.13877868652344,148.46563720703125,493.1560974121094,149.69964599609375,127.82990264892578,109.4089584350586,98.48593139648438,137.2420654296875,128.97674560546875,127.91191101074219,109.0707778930664,126.34304809570312,113.61235046386719,137.93138122558594,137.12953186035156,169.52316284179688,179.3570098876953,203.1376190185547,213.4015655517578,239.2063446044922,272.2374267578125,264.3030090332031,0
6247,214.66331481933594,148.41351318359375,493.13470458984375,149.72207641601562,143.90892028808594,110.1709976196289,124.8133544921875,125.498779296875,134.82273864746094,127.03874206542969,131.5856170654297,123.5368881225586,122.94452667236328,135.10629272460938,134.46533203125,169.03338623046875,174.8075408935547,203.76502990722656,200.0213623046875,239.87261962890625,253.33470153808594,267.0564880371094,0
6248,214.36691284179688,148.54469299316406,493.1579895019531,149.6700439453125,152.71328735351562,115.65171813964844,130.14109802246094,123.83891296386719,145.70501708984375,131.85231018066406,134.71958923339844,125.30583190917969,125.25370788574219,136.3364715576172,133.05401611328125,169.1095428466797,172.292724609375,205.16802978515625,193.9425048828125,239.1098175048828,243.4473876953125,265.1756591796875,0
6249,213.98715209960938,149.42068481445312,493.2366027832031,149.61721801757812,160.2336883544922,106.86282348632812,111.1906509399414,121.68054962158203,139.2718963623047,126.44579315185547,140.6836700439453,122.07910919189453,125.96621704101562,132.04237365722656,130.5055694580078,169.6462860107422,166.94398498535156,209.62936401367188,183.5852813720703,244.3617401123047,226.91558837890625,266.90008544921875,0
6250,214.185791015625,149.12893676757812,493.186279296875,149.69773864746094,161.93508911132812,106.8475570678711,113.86792755126953,116.66353607177734,144.43006896972656,128.1139678955078,131.3455047607422,116.9293441772461,125.47486114501953,127.94696807861328,128.74017333984375,171.62351989746094,163.5007781982422,215.32015991210938,176.67526245117188,251.92498779296875,210.4432830810547,278.2789306640625,0
6251,214.24732971191406,149.13002014160156,493.1766662597656,149.70498657226562,161.93161010742188,106.84976959228516,113.86377716064453,116.66149139404297,144.4267578125,128.1127471923828,131.34336853027344,116.93106842041016,125.4786148071289,127.94705963134766,128.74078369140625,171.62472534179688,163.49664306640625,215.3171844482422,176.6403350830078,251.90122985839844,210.43994140625,278.2947998046875,0
6252,214.14190673828125,149.4285888671875,493.1037902832031,149.70358276367188,164.65333557128906,97.8221664428711,116.98269653320312,108.93949890136719,146.67626953125,124.18611145019531,137.10244750976562,110.82279205322266,127.31220245361328,122.87852478027344,126.47648620605469,171.6768798828125,153.49166870117188,220.8291473388672,152.9141845703125,254.12945556640625,163.8490447998047,283.66546630859375,0
6253,214.1978302001953,149.1560516357422,493.176513671875,149.77621459960938,172.8784942626953,95.95721435546875,124.93450164794922,104.9407958984375,151.3657684326172,122.67697143554688,145.0182342529297,107.07503509521484,133.93637084960938,120.36665344238281,123.41968536376953,168.8525390625,142.3135528564453,221.0433807373047,135.05958557128906,245.84793090820312,121.25144958496094,273.5307922363281,0
6254,214.24961853027344,149.36669921875,493.2478332519531,149.80950927734375,176.06594848632812,94.2744140625,128.29100036621094,100.24575805664062,154.91806030273438,120.77792358398438,147.97109985351562,104.75667572021484,135.61839294433594,115.64501953125,123.73432159423828,166.28939819335938,138.59510803222656,220.57568359375,125.54283905029297,247.82534790039062,109.27543640136719,273.3578796386719,0
6255,214.2366485595703,149.3653106689453,493.17974853515625,149.831298828125,176.06358337402344,94.26963806152344,128.29161071777344,100.24603271484375,154.91778564453125,120.77764129638672,147.97024536132812,104.7580795288086,135.6173553466797,115.64535522460938,123.73307037353516,166.29110717773438,138.59445190429688,220.57284545898438,125.53825378417969,247.82749938964844,109.27108764648438,273.3631896972656,0
6256,214.2794647216797,149.51527404785156,493.26458740234375,149.7838897705078,183.08453369140625,92.44404602050781,135.9759063720703,94.5177001953125,158.50270080566406,116.11689758300781,154.25486755371094,100.09844207763672,142.204833984375,109.21524047851562,124.83259582519531,157.6813507080078,132.8857421875,216.58575439453125,120.03311157226562,248.95281982421875,105.23262786865234,279.36810302734375,0
6257,214.72573852539062,149.1675262451172,493.37432861328125,149.85218811035156,193.0941925048828,101.20936584472656,145.2305450439453,92.2764663696289,161.31138610839844,116.88176727294922,164.27108764648438,102.9952621459961,147.32969665527344,108.84034729003906,122.12078857421875,149.45901489257812,123.27969360351562,212.03115844726562,109.92188262939453,253.0329132080078,120.95903778076172,289.2217712402344,0
6258,214.8567657470703,149.03933715820312,493.278564453125,149.7221221923828,193.08450317382812,105.89359283447266,147.41891479492188,92.94319915771484,160.5540008544922,119.61148834228516,163.99586486816406,104.99825286865234,147.82608032226562,110.13764190673828,123.22845458984375,146.1751708984375,116.33847045898438,209.5518035888672,101.24050903320312,236.1952667236328,98.3530044555664,254.2953643798828,0
6259,214.90003967285156,149.06735229492188,493.2767333984375,149.72433471679688,193.1643524169922,105.91519927978516,147.42271423339844,93.04747772216797,160.4529571533203,119.63215637207031,163.949951171875,105.09822082519531,147.80381774902344,110.32718658447266,123.28057098388672,146.1476593017578,116.34611511230469,209.57278442382812,101.1134262084961,236.28460693359375,98.27454376220703,254.4805145263672,0
6260,214.22314453125,149.08938598632812,493.2212829589844,149.72874450683594,194.94187927246094,115.41097259521484,147.71334838867188,97.9368896484375,159.20880126953125,126.87947845458984,165.65345764160156,113.86978149414062,146.83816528320312,115.94193267822266,118.94583129882812,147.4005889892578,107.01061248779297,207.34112548828125,83.10487365722656,246.1184844970703,76.28528594970703,278.5447998046875,1
6261,214.2228240966797,149.09078979492188,493.2348327636719,149.7016143798828,194.9296112060547,115.4085922241211,147.70069885253906,97.89622497558594,159.18507385253906,126.84784698486328,162.50247192382812,111.48731231689453,146.86749267578125,115.86168670654297,119.02259063720703,147.32247924804688,107.0224838256836,207.3346405029297,83.1001968383789,246.1338653564453,76.27743530273438,278.5310974121094,1
6262,214.22586059570312,149.24957275390625,493.14324951171875,149.6250457763672,194.85073852539062,114.42583465576172,148.41673278808594,98.2011489868164,158.3910675048828,127.4652328491211,161.04937744140625,111.8837661743164,145.89186096191406,116.13854217529297,118.57057189941406,148.2115478515625,107.40158081054688,207.1896514892578,82.59074401855469,247.813720703125,75.71651458740234,279.427490234375,1
6263,214.3861846923828,149.466552734375,493.249267578125,149.5630340576172,181.08316040039062,92.76500701904297,138.6131591796875,97.43946838378906,160.52664184570312,119.91836547851562,154.05770874023438,102.93050384521484,142.7864227294922,113.5474624633789,120.1737289428711,148.37977600097656,111.9930191040039,205.73284912109375,90.5340347290039,243.36427307128906,84.23997497558594,271.2539367675781,0
6264,214.48825073242188,149.49176025390625,493.2706298828125,149.4989776611328,181.50978088378906,86.34034729003906,138.6219940185547,92.8599624633789,162.55409240722656,113.8418960571289,155.91549682617188,96.7979736328125,144.96588134765625,107.73822784423828,120.77128601074219,147.3392791748047,111.94245910644531,205.5829315185547,93.38006591796875,239.30064392089844,93.39612579345703,267.1334533691406,0
6265,214.332763671875,149.09304809570312,493.1323547363281,149.46693420410156,178.37413024902344,73.41211700439453,136.98648071289062,87.33130645751953,164.48753356933594,103.43726348876953,155.79049682617188,87.54149627685547,145.68814086914062,100.3760757446289,123.77392578125,141.2396697998047,113.83760833740234,202.90306091308594,99.48197937011719,233.7906494140625,96.58028411865234,257.59710693359375,0
6266,214.3329620361328,149.0894317626953,493.1417236328125,149.46250915527344,178.3740997314453,73.4114761352539,136.9785614013672,87.33570861816406,164.48638916015625,103.437744140625,155.7876739501953,87.53792572021484,145.686767578125,100.37523651123047,123.7772445678711,141.23507690429688,113.8375473022461,202.902587890625,99.48239135742188,233.79115295410156,96.57984161376953,257.5982360839844,0
6267,214.27740478515625,148.89703369140625,493.1316833496094,149.46530151367188,178.74411010742188,70.04707336425781,136.5499725341797,84.71378326416016,164.6905517578125,101.967041015625,155.91319274902344,85.43782806396484,145.79647827148438,97.67544555664062,125.93299102783203,140.5116424560547,114.90641784667969,201.4585418701172,101.31334686279297,243.0585479736328,120.47116088867188,277.61456298828125,0
6268,214.34207153320312,148.6991729736328,493.15045166015625,149.56961059570312,177.4540557861328,60.52513885498047,136.8695831298828,80.01660919189453,165.11521911621094,93.73603820800781,156.91542053222656,78.10677337646484,146.84463500976562,90.87823486328125,127.52482604980469,137.2940216064453,117.63369750976562,199.59974670410156,109.91058349609375,235.70054626464844,128.4971466064453,261.274658203125,0
6269,214.18582153320312,148.6250457763672,493.0875244140625,149.63031005859375,174.4940185546875,53.77179718017578,136.5201873779297,77.19477844238281,165.1707305908203,90.5421142578125,156.6284942626953,73.81424713134766,147.27784729003906,88.99622344970703,128.6781768798828,135.98739624023438,117.21144104003906,198.48342895507812,109.18946838378906,235.72314453125,129.22398376464844,262.6220397949219,0
6270,214.54461669921875,148.96726989746094,493.107177734375,149.68984985351562,172.67335510253906,46.781288146972656,137.50430297851562,73.64188385009766,166.06529235839844,85.95471954345703,156.0990753173828,68.89321899414062,147.72479248046875,83.99649047851562,126.75987243652344,132.89390563964844,114.04206848144531,195.89840698242188,100.84607696533203,241.01283264160156,127.07967376708984,282.4892272949219,0
6271,214.50567626953125,148.9485321044922,493.0853271484375,149.67398071289062,172.677001953125,46.78435516357422,137.51283264160156,73.62217712402344,166.0704345703125,85.9180679321289,156.12332153320312,68.86132049560547,147.7716522216797,83.99339294433594,127.00228118896484,132.69216918945312,114.03556060791016,195.8929443359375,100.8755874633789,241.0351104736328,127.07495880126953,282.4929504394531,0
6272,214.3913116455078,148.73733520507812,493.1366271972656,149.58880615234375,170.86891174316406,43.422054290771484,137.73968505859375,71.40585327148438,167.4712371826172,82.2451400756836,156.0723114013672,65.58454895019531,148.97113037109375,80.61439514160156,127.80665588378906,127.79778289794922,113.3073501586914,194.7537384033203,99.39795684814453,241.38304138183594,126.37196350097656,283.0958251953125,0
6273,214.29537963867188,148.7381134033203,493.14794921875,149.7128448486328,167.5707244873047,41.17039108276367,137.61087036132812,71.20996856689453,166.11293029785156,81.34182739257812,154.78952026367188,64.38846588134766,148.39430236816406,80.18489074707031,128.23109436035156,126.59870147705078,112.64227294921875,192.06692504882812,98.76740264892578,239.9775390625,127.49748992919922,281.5073547363281,0
6274,214.31105041503906,148.65037536621094,493.1230773925781,149.53257751464844,168.32997131347656,40.03712463378906,137.8333282470703,69.87320709228516,166.51223754882812,81.08946990966797,155.21240234375,63.50932312011719,149.21717834472656,79.04981231689453,127.25489044189453,126.41915130615234,112.61844635009766,191.8544158935547,98.54999542236328,239.65411376953125,128.0868377685547,280.79559326171875,0
6275,214.14669799804688,148.67538452148438,493.0771179199219,149.47467041015625,164.52476501464844,37.233055114746094,133.23655700683594,67.38590240478516,163.9264373779297,79.2464370727539,152.0932159423828,62.46750259399414,145.98594665527344,77.44993591308594,125.98420715332031,126.33773040771484,114.9665756225586,190.99778747558594,104.85429382324219,241.1024932861328,132.45179748535156,274.6449279785156,0
6276,214.1475067138672,148.67433166503906,493.060302734375,149.48959350585938,164.5257110595703,37.23245620727539,133.23745727539062,67.38603210449219,163.92787170410156,79.24246978759766,152.0955352783203,62.46513366699219,145.98609924316406,77.45213317871094,125.99588775634766,126.39994049072266,114.9671630859375,190.98692321777344,104.85356140136719,241.1025848388672,132.45135498046875,274.6452331542969,0
6277,214.24620056152344,148.7289581298828,492.8929443359375,149.65328979492188,166.47145080566406,37.684967041015625,130.49403381347656,66.72095489501953,162.06082153320312,81.58598327636719,150.69821166992188,62.980926513671875,142.85646057128906,77.17952728271484,126.34773254394531,125.17969512939453,121.4871826171875,192.08082580566406,119.71163940429688,235.34877014160156,133.25143432617188,260.8331604003906,0
6278,214.2743682861328,148.79576110839844,492.97003173828125,149.6593475341797,168.4389190673828,37.30683517456055,134.6553955078125,67.39339447021484,164.81314086914062,82.08989715576172,153.2277374267578,62.989341735839844,146.57960510253906,77.73640441894531,128.15435791015625,125.90543365478516,127.58891296386719,191.2687530517578,132.35311889648438,243.12457275390625,173.76211547851562,272.9140625,0
6279,214.02630615234375,148.62452697753906,492.9325866699219,149.66387939453125,170.8760223388672,37.62844467163086,135.49180603027344,65.84840393066406,164.22573852539062,81.98147583007812,153.89869689941406,62.54683303833008,146.1682586669922,76.63665771484375,128.6598358154297,124.18213653564453,127.42613983154297,190.90728759765625,126.35511779785156,240.8504180908203,164.55328369140625,277.6431884765625,0
6280,214.04286193847656,148.49952697753906,492.9129943847656,149.5649871826172,172.35400390625,37.6622314453125,135.98658752441406,66.64837646484375,164.95420837402344,82.2859115600586,154.55335998535156,62.577205657958984,146.4930419921875,76.918701171875,128.27313232421875,125.15665435791016,126.12255096435547,190.21676635742188,123.71019744873047,241.24008178710938,165.40866088867188,281.6861572265625,0
6281,213.89923095703125,148.56680297851562,492.9391784667969,149.60488891601562,169.39744567871094,37.48287582397461,135.9875030517578,67.81600952148438,165.60679626464844,82.08415985107422,154.28431701660156,63.20964050292969,147.59957885742188,78.21023559570312,127.50477600097656,125.34178924560547,123.6266098022461,190.30020141601562,120.6897201538086,240.1705780029297,157.43678283691406,276.2388000488281,0
6282,214.09877014160156,148.89219665527344,492.9317321777344,149.7601776123047,165.05023193359375,38.043277740478516,130.93414306640625,69.71154022216797,161.14212036132812,82.1082763671875,150.0623779296875,64.4576187133789,143.57057189941406,79.36969757080078,129.01748657226562,127.01869201660156,127.69987487792969,191.07713317871094,125.66294860839844,239.92825317382812,162.47622680664062,275.1968078613281,0
6283,214.0975341796875,148.7757110595703,492.98553466796875,149.7622528076172,162.1361541748047,41.184303283691406,130.81655883789062,71.28510284423828,160.94436645507812,82.29188537597656,149.08993530273438,65.86530303955078,142.34356689453125,80.89227294921875,129.48202514648438,128.1680908203125,128.5410614013672,191.76089477539062,129.3321533203125,241.4447021484375,171.1340789794922,275.7633361816406,0
6284,214.182373046875,148.71612548828125,492.9768981933594,149.57217407226562,154.64266967773438,46.17323684692383,125.6391830444336,77.81281280517578,157.8647003173828,84.92144775390625,143.73756408691406,71.40544128417969,139.8256378173828,86.62518310546875,129.5792999267578,132.29823303222656,127.61354064941406,191.95448303222656,125.52031707763672,240.9661102294922,162.16775512695312,276.1191711425781,0
6285,214.17401123046875,148.7357635498047,492.9754943847656,149.57107543945312,154.61598205566406,46.14406967163086,125.4858627319336,77.98871612548828,157.92015075683594,85.03722381591797,143.62327575683594,71.53948211669922,139.77523803710938,86.69928741455078,129.43069458007812,132.2738037109375,127.62055969238281,191.9918670654297,125.4902114868164,240.86447143554688,162.09918212890625,276.19915771484375,0
6286,214.09768676757812,148.71875,492.9540710449219,149.57989501953125,150.45285034179688,48.948265075683594,122.20559692382812,81.6279296875,155.3936004638672,87.095703125,141.79112243652344,72.050537109375,137.36732482910156,89.55047607421875,128.47482299804688,133.840576171875,125.77436828613281,192.2846221923828,120.85877227783203,241.25047302246094,152.88351440429688,278.3096618652344,0
6287,214.00479125976562,148.72804260253906,493.0983581542969,149.62257385253906,147.9864959716797,54.264652252197266,118.23794555664062,86.81941223144531,151.7130126953125,92.2169189453125,137.1903076171875,78.66351318359375,132.69232177734375,94.9321060180664,123.78515625,137.7275848388672,125.75263214111328,193.582763671875,121.54430389404297,246.25245666503906,155.99049377441406,287.1102600097656,0
6288,214.0645294189453,148.5636444091797,493.14599609375,149.66490173339844,145.46261596679688,56.347320556640625,117.26762390136719,89.3851547241211,151.01573181152344,93.31478881835938,135.50067138671875,80.67842102050781,131.50721740722656,96.60667419433594,125.17028045654297,138.51235961914062,125.99333953857422,193.89064025878906,121.2724838256836,247.2374267578125,160.45068359375,290.52508544921875,0
6289,214.06466674804688,148.78977966308594,493.1174621582031,149.571044921875,140.41970825195312,58.45579147338867,117.7838134765625,90.86149597167969,150.1556396484375,93.44429016113281,134.2469940185547,82.4510269165039,131.49851989746094,97.96542358398438,125.00350189208984,139.38343811035156,126.61763000488281,194.2814483642578,122.40180969238281,247.68597412109375,161.0373077392578,290.4011535644531,0
6290,213.991943359375,148.73826599121094,493.1097412109375,149.57122802734375,138.57748413085938,58.22004318237305,117.9413833618164,91.11294555664062,150.16390991210938,92.87881469726562,133.85707092285156,82.36266326904297,131.80938720703125,97.54312896728516,125.71488189697266,139.30776977539062,126.85816955566406,194.7620086669922,122.57202911376953,248.4702606201172,162.26133728027344,293.04656982421875,0
6291,213.99990844726562,148.67904663085938,493.107421875,149.59365844726562,138.5753631591797,58.211666107177734,117.9487075805664,91.19791412353516,150.08184814453125,92.912353515625,133.7545166015625,82.46016693115234,131.75833129882812,97.65208435058594,125.69092559814453,139.3792266845703,126.88330078125,194.68820190429688,122.52678680419922,248.2475128173828,162.03265380859375,292.8544921875,0
6292,214.0470733642578,148.70318603515625,493.08740234375,149.5775604248047,138.6007537841797,58.21437454223633,118.182861328125,90.79156494140625,150.226806640625,92.73709106445312,134.01109313964844,82.21324920654297,131.8891143798828,97.43811798095703,125.71109771728516,139.1936798095703,126.89019775390625,194.70144653320312,122.48286437988281,248.1861572265625,162.115478515625,292.7439270019531,0
6293,214.04998779296875,148.7012481689453,493.13800048828125,149.51600646972656,137.40798950195312,58.36476516723633,117.71286010742188,91.14301300048828,149.66319274902344,92.50249481201172,133.41529846191406,82.37220764160156,131.64732360839844,97.39534759521484,125.11719512939453,139.4364776611328,127.2967758178711,195.12306213378906,123.55488586425781,248.4350128173828,162.7877655029297,291.57000732421875,0
6294,214.05682373046875,148.81887817382812,493.0699462890625,149.61351013183594,137.5201873779297,55.059730529785156,117.83617401123047,90.27171325683594,149.78187561035156,91.41557312011719,133.461181640625,80.93486785888672,131.97972106933594,95.91989135742188,125.47429656982422,138.05209350585938,126.84013366699219,194.10446166992188,123.22734832763672,246.9923858642578,162.28524780273438,289.081787109375,0
6295,213.92379760742188,148.89659118652344,493.0311279296875,149.72413635253906,130.36521911621094,52.104705810546875,115.36571502685547,96.6976318359375,150.55775451660156,93.99418640136719,130.47193908691406,82.93946075439453,131.1883544921875,99.73358917236328,127.07142639160156,139.9134063720703,125.60069274902344,193.31666564941406,121.94198608398438,246.85523986816406,160.92108154296875,291.0997009277344,0
6296,214.0880889892578,148.77427673339844,493.0464172363281,149.61907958984375,128.6903076171875,50.05494689941406,115.72221374511719,96.55490112304688,149.97496032714844,92.87753295898438,129.87193298339844,81.1049575805664,131.30670166015625,98.72409057617188,128.00445556640625,139.0557403564453,125.75869750976562,192.15786743164062,120.60005187988281,245.58450317382812,157.83407592773438,289.5980224609375,0
6297,214.0773162841797,148.79310607910156,493.0368957519531,149.61920166015625,128.72088623046875,50.01266860961914,115.75398254394531,96.48258972167969,149.90945434570312,92.94535827636719,129.87074279785156,81.1644287109375,131.36334228515625,98.76986694335938,128.02752685546875,139.00299072265625,125.75743103027344,192.15087890625,120.63555145263672,245.56515502929688,157.8463897705078,289.5925598144531,0
6298,214.07000732421875,148.78724670410156,493.1302490234375,149.61273193359375,128.23184204101562,49.47850799560547,116.31050872802734,95.66015625,150.83164978027344,91.4978256225586,130.2891845703125,79.73556518554688,132.0518798828125,97.41673278808594,128.7803955078125,137.7797088623047,126.83585357666016,190.69943237304688,121.54730224609375,243.8026580810547,156.5584716796875,285.0499572753906,0
6299,214.077392578125,148.7812042236328,493.139892578125,149.69288635253906,127.49103546142578,48.690120697021484,116.2681884765625,94.84742736816406,151.80642700195312,90.7948226928711,130.26412963867188,79.47467041015625,133.18153381347656,95.92196655273438,132.8838653564453,136.2186279296875,126.84598541259766,187.1610870361328,121.47980499267578,241.33895874023438,160.87672424316406,285.06634521484375,0
6300,214.12298583984375,148.80218505859375,493.14630126953125,149.69976806640625,127.47467803955078,48.6634521484375,116.15827178955078,94.97244262695312,151.79043579101562,90.81169891357422,130.24212646484375,79.51773834228516,133.17715454101562,95.98624420166016,132.85752868652344,136.25636291503906,126.83724212646484,187.16143798828125,121.48182678222656,241.34617614746094,160.88401794433594,285.0654296875,0
6301,214.1224822998047,148.8065643310547,493.15716552734375,149.69638061523438,127.48594665527344,48.67267990112305,116.16130828857422,94.96058654785156,151.793701171875,90.81684112548828,130.24813842773438,79.51087951660156,133.1747283935547,95.99212646484375,132.85574340820312,136.25155639648438,126.83811950683594,187.15708923339844,121.47534942626953,241.34268188476562,160.8972930908203,285.0726623535156,0
6302,214.1353302001953,148.65174865722656,493.21734619140625,149.7326202392578,116.47532653808594,52.04287338256836,111.85831451416016,99.92987060546875,149.44100952148438,88.10052490234375,126.75415802001953,81.73568725585938,130.45358276367188,96.49149322509766,135.16250610351562,131.7571563720703,124.28522491455078,179.94178771972656,116.53187561035156,236.6967315673828,150.83621215820312,283.2969055175781,0
6303,214.18124389648438,148.51011657714844,493.3052062988281,149.52662658691406,113.5433120727539,54.951637268066406,109.32711791992188,102.6480941772461,145.0421905517578,92.07351684570312,121.90660858154297,82.75907135009766,126.10025787353516,99.75553131103516,130.9398956298828,134.00343322753906,123.29032135009766,179.3600311279297,110.54055786132812,229.9244384765625,138.4463653564453,273.63128662109375,0
6304,213.921630859375,149.105224609375,493.4093933105469,149.9071502685547,102.21348571777344,79.2452392578125,100.13175964355469,123.52217102050781,135.7464141845703,111.30288696289062,111.74673461914062,106.12113952636719,116.7925033569336,120.83675384521484,122.49412536621094,144.2228240966797,123.36972045898438,180.33511352539062,113.8389663696289,218.99951171875,100.40679168701172,257.8007507324219,0
6305,214.1366729736328,149.0557861328125,493.24285888671875,149.77508544921875,97.68893432617188,85.87773895263672,94.81941986083984,129.83834838867188,129.98121643066406,116.62965393066406,107.04075622558594,112.25345611572266,112.18022918701172,124.85696411132812,120.69622039794922,146.57656860351562,124.0245361328125,178.6351776123047,114.27301788330078,222.96304321289062,101.57495880126953,264.0353698730469,0
6306,214.13705444335938,149.03106689453125,493.2538757324219,149.7597198486328,97.71707916259766,85.87858581542969,94.76457977294922,129.8550262451172,129.94638061523438,116.84998321533203,107.01048278808594,112.2840576171875,111.9971694946289,124.8966293334961,120.61287689208984,146.61793518066406,124.03433990478516,178.63401794433594,114.28007507324219,222.91229248046875,101.54704284667969,264.07427978515625,0
6307,214.37120056152344,148.9777374267578,493.31475830078125,149.75466918945312,94.39012145996094,89.07489776611328,93.44298553466797,135.06507873535156,129.0207061767578,120.78758239746094,104.2939224243164,115.13275909423828,110.99067687988281,128.56134033203125,119.0464096069336,149.20843505859375,123.31700897216797,178.82437133789062,114.23746490478516,220.434814453125,100.99591064453125,259.6982421875,0
6308,214.27975463867188,148.8172149658203,493.1910705566406,149.54762268066406,93.62386322021484,91.6966323852539,93.65584564208984,139.09803771972656,128.9314422607422,123.3345947265625,104.17985534667969,118.33612823486328,111.11099243164062,132.35293579101562,120.68016052246094,152.4183807373047,123.9161376953125,178.9622344970703,114.07787322998047,222.23106384277344,98.92371368408203,259.84527587890625,0
6309,214.29647827148438,148.8173828125,493.2078857421875,149.63058471679688,93.61640930175781,91.75017547607422,93.6904525756836,139.09632873535156,128.9415283203125,123.33963012695312,104.17878723144531,118.32122039794922,111.11265563964844,132.348876953125,120.68888092041016,152.43386840820312,123.90254974365234,178.9608917236328,113.9317626953125,222.33839416503906,98.86823272705078,260.0419616699219,0
6310,214.28570556640625,148.90679931640625,493.24603271484375,149.7634735107422,80.20991516113281,91.95098114013672,87.30398559570312,138.73072814941406,120.59002685546875,122.45037078857422,94.42047882080078,118.69416809082031,103.41439056396484,131.70849609375,119.85554504394531,151.6934051513672,124.28789520263672,178.7138214111328,114.43548583984375,220.58729553222656,99.63810729980469,257.98968505859375,0
6311,214.287109375,148.8948211669922,493.32464599609375,149.767822265625,80.21466827392578,92.17420196533203,87.23164367675781,138.74403381347656,120.6221923828125,122.4867172241211,94.41515350341797,118.81548309326172,103.39949798583984,131.7795867919922,119.84004211425781,151.72828674316406,124.28600311279297,178.70608520507812,114.47267150878906,220.47927856445312,99.6175308227539,257.8365478515625,0
6312,214.06744384765625,148.88009643554688,493.1096496582031,149.6699981689453,73.35749816894531,90.51570892333984,83.52936553955078,138.8230743408203,116.14339447021484,122.29812622070312,90.43824005126953,118.62155151367188,99.22466278076172,132.87066650390625,117.56291198730469,149.82366943359375,123.491943359375,177.4104766845703,114.4990234375,218.119140625,98.74655151367188,257.78717041015625,0
6313,214.03738403320312,148.89805603027344,493.1290588378906,149.75848388671875,73.36145782470703,90.55339050292969,83.53990173339844,138.84695434570312,116.07148742675781,122.25916290283203,90.4288330078125,118.6393814086914,99.2370376586914,132.8932647705078,117.69744110107422,149.7450714111328,123.5119400024414,177.1833038330078,114.55007934570312,218.00343322753906,98.72808074951172,257.7353820800781,0
6314,214.11671447753906,148.8279571533203,493.1601257324219,149.69981384277344,55.18857955932617,94.62772369384766,69.36306762695312,142.1593475341797,102.5119857788086,123.98796081542969,75.1912612915039,120.59268188476562,85.87425994873047,135.24729919433594,116.45088958740234,149.0721435546875,123.86563110351562,177.70291137695312,111.94512176513672,217.7947235107422,98.40290069580078,253.67848205566406,0
6315,214.06338500976562,149.14418029785156,493.2765197753906,149.23162841796875,45.928829193115234,94.48179626464844,64.1845703125,143.9224395751953,95.14494323730469,120.55331420898438,67.09326934814453,121.00629425048828,79.94598388671875,133.9552001953125,115.59776306152344,147.3899383544922,124.57342529296875,177.5203094482422,113.82674407958984,214.902099609375,98.70753479003906,252.1265411376953,0
6316,214.19406127929688,148.81329345703125,493.1867370605469,149.542724609375,44.51005935668945,99.39476013183594,68.70713806152344,144.101806640625,95.77098846435547,118.10919952392578,69.02104187011719,119.06874084472656,84.12420654296875,133.33876037597656,117.76132202148438,148.34523010253906,125.63265228271484,179.5031280517578,115.65376281738281,217.0798797607422,102.23930358886719,254.56910705566406,0
6317,214.1949920654297,148.80853271484375,493.1884460449219,149.5436248779297,44.510623931884766,99.3852310180664,68.70850372314453,144.10061645507812,95.77012634277344,118.10794830322266,69.02662658691406,119.0684585571289,84.12384033203125,133.3385772705078,117.77996063232422,148.34747314453125,125.63822174072266,179.50184631347656,115.60643005371094,217.1156463623047,102.26891326904297,254.69711303710938,0
6318,214.1057586669922,148.9771728515625,493.2730712890625,149.47149658203125,48.17725372314453,104.25178527832031,72.26543426513672,145.66551208496094,97.50782775878906,120.64788818359375,73.42736053466797,122.64167785644531,86.7844009399414,135.47735595703125,118.91657257080078,146.43093872070312,126.82598876953125,179.59918212890625,116.06737518310547,217.02593994140625,102.00132751464844,255.6818084716797,0
6319,214.12754821777344,148.8595733642578,493.3626708984375,149.46986389160156,50.46800231933594,106.67045593261719,75.51538848876953,149.44322204589844,101.22782135009766,123.02217864990234,76.81497192382812,126.19498443603516,86.87367248535156,138.11911010742188,121.36488342285156,148.4708709716797,129.1141815185547,181.89378356933594,117.88837432861328,218.7040557861328,102.27172088623047,256.9281311035156,0
6320,214.12835693359375,148.86268615722656,493.3629150390625,149.4661407470703,50.512481689453125,106.67449951171875,75.55632019042969,149.35830688476562,101.27037811279297,123.05587005615234,76.84719848632812,126.17943572998047,86.90103149414062,138.0989227294922,121.21430206298828,148.59967041015625,129.14064025878906,181.89369201660156,117.88734436035156,218.70713806152344,102.25799560546875,256.9244079589844,0
6321,214.25082397460938,148.9947052001953,493.3445129394531,149.4285430908203,48.909706115722656,112.40238189697266,77.60504913330078,149.62258911132812,101.63768768310547,123.21903991699219,78.13896179199219,127.6455078125,88.51483154296875,138.85301208496094,121.9237289428711,148.24461364746094,128.2817840576172,181.20001220703125,118.12918090820312,216.89822387695312,102.19381713867188,254.9804229736328,0
6322,214.11642456054688,148.85867309570312,493.4507751464844,149.43577575683594,39.863922119140625,121.57759094238281,81.95352172851562,148.6598663330078,94.59452056884766,117.4405746459961,72.98102569580078,129.48350524902344,89.48651885986328,136.7906494140625,123.8781509399414,144.06617736816406,129.4828643798828,180.90176391601562,117.56999206542969,218.80401611328125,102.80026245117188,256.92236328125,0
6323,214.1643524169922,148.62864685058594,493.3896789550781,149.4684295654297,36.17770004272461,124.00055694580078,81.31168365478516,149.45152282714844,93.13678741455078,117.50090789794922,71.64852142333984,130.05764770507812,88.90247344970703,135.4025115966797,122.92462921142578,143.39938354492188,128.8209228515625,179.9285888671875,117.55847930908203,216.665771484375,102.17488861083984,254.78414916992188,0
6324,214.12649536132812,148.886474609375,493.3681640625,149.50498962402344,35.35326385498047,133.40464782714844,81.62942504882812,151.25765991210938,90.83277130126953,120.04230499267578,69.31185913085938,133.4375,89.69861602783203,136.55215454101562,124.19544982910156,140.31466674804688,128.99342346191406,176.66001892089844,118.93431091308594,214.23951721191406,102.94207763671875,252.8716583251953,0
6325,214.11187744140625,148.8992156982422,493.3591003417969,149.50775146484375,35.371063232421875,133.39553833007812,81.62128448486328,151.36827087402344,90.81874084472656,120.08535766601562,69.36375427246094,133.50880432128906,89.71125793457031,136.597900390625,124.2307357788086,140.27703857421875,128.96209716796875,176.65911865234375,118.92652130126953,214.26487731933594,102.94821166992188,252.87464904785156,0
6326,214.16529846191406,148.94009399414062,493.4415283203125,149.44369506835938,36.308223724365234,136.67323303222656,82.11437225341797,156.05923461914062,91.68048858642578,121.05099487304688,70.10035705566406,137.03565979003906,89.30733489990234,140.03041076660156,124.25189971923828,140.46469116210938,129.97628784179688,175.2861328125,120.36400604248047,213.12139892578125,103.94779968261719,251.12086486816406,0
6327,214.15818786621094,149.10020446777344,493.3904113769531,149.4843292236328,35.07021713256836,154.3655242919922,81.98394012451172,168.12652587890625,88.33031463623047,135.1390380859375,67.27134704589844,151.0848846435547,85.1433334350586,151.376708984375,121.5213851928711,140.3349151611328,131.38339233398438,174.7559356689453,119.88063049316406,213.15878295898438,103.54431915283203,251.270751953125,0
6328,214.3515625,148.91200256347656,493.4460144042969,149.5949249267578,36.72947311401367,161.1058349609375,84.61102294921875,173.4681396484375,89.1395263671875,138.80467224121094,69.27295684814453,155.3833770751953,85.72209167480469,156.47750854492188,119.81246948242188,141.86900329589844,131.38641357421875,175.5481719970703,119.15009307861328,214.13272094726562,102.91002655029297,253.5935821533203,0
6329,214.1939239501953,148.98110961914062,493.5340270996094,149.48814392089844,34.502593994140625,173.5612030029297,81.52867889404297,184.65097045898438,87.9951400756836,152.6101837158203,66.61492919921875,168.9708251953125,84.4102783203125,166.3426513671875,117.40225982666016,146.243408203125,129.9862518310547,177.14210510253906,118.7459945678711,215.28260803222656,103.11117553710938,255.09756469726562,0
6330,214.19479370117188,148.98052978515625,493.5142822265625,149.45333862304688,34.49772262573242,173.56967163085938,81.49201965332031,184.61402893066406,87.97854614257812,152.60385131835938,66.60032653808594,168.97329711914062,84.37876892089844,166.34371948242188,117.37679290771484,146.2558135986328,129.98797607421875,177.13919067382812,118.77782440185547,215.26856994628906,103.11075592041016,255.08949279785156,0
6331,214.18772888183594,149.0124053955078,493.5195617675781,149.39288330078125,35.92261505126953,180.99818420410156,83.90607452392578,189.0052032470703,86.7078857421875,154.71607971191406,67.88823699951172,172.7003936767578,82.7671890258789,172.5652313232422,117.46357727050781,150.5890350341797,128.09127807617188,178.87095642089844,117.6417465209961,214.93734741210938,103.45960998535156,256.1058654785156,0
6332,214.3076629638672,149.19346618652344,493.680908203125,149.66114807128906,39.93003845214844,179.44900512695312,83.46846008300781,193.0385284423828,97.0341796875,160.33859252929688,72.3806381225586,174.14794921875,86.62568664550781,174.9453887939453,115.67675018310547,156.67250061035156,127.4548110961914,179.83457946777344,118.11376190185547,219.2225341796875,103.38581848144531,259.44000244140625,0
6333,214.13938903808594,149.1260223388672,493.50323486328125,149.6487579345703,43.760528564453125,171.23159790039062,90.63925170898438,191.3810577392578,97.55485534667969,157.810791015625,76.54718017578125,170.04226684570312,92.4288330078125,173.29061889648438,119.45587158203125,154.64234924316406,128.01028442382812,182.1787109375,118.65026092529297,221.92906188964844,102.33478546142578,260.17303466796875,0
6334,214.2340087890625,149.06008911132812,493.60699462890625,149.59474182128906,53.777191162109375,164.0487823486328,89.55524444580078,188.36135864257812,101.63158416748047,154.77764892578125,77.92046356201172,165.28445434570312,98.52448272705078,168.34097290039062,121.76554107666016,160.33770751953125,130.24917602539062,183.33274841308594,119.99236297607422,225.1727294921875,102.32975769042969,262.6341552734375,0
6335,214.23849487304688,149.05137634277344,493.5592346191406,149.63461303710938,53.67445755004883,164.09323120117188,89.53495025634766,188.34400939941406,101.63134765625,154.79629516601562,77.88021850585938,165.30889892578125,98.5223617553711,168.3460235595703,121.73834991455078,160.3441619873047,130.24505615234375,183.32247924804688,119.99063873291016,225.17489624023438,102.3308334350586,262.63763427734375,0
6336,214.1786346435547,148.78125,493.5068054199219,149.6748809814453,56.47161102294922,148.84925842285156,88.53732299804688,182.87350463867188,105.11067962646484,145.90850830078125,81.86174011230469,158.9534149169922,97.86241912841797,164.1631317138672,129.86801147460938,164.79420471191406,135.7975311279297,187.1243133544922,121.22667694091797,228.1927032470703,102.83805847167969,261.68524169921875,0
6337,214.1905975341797,148.8365936279297,493.06475830078125,149.66665649414062,56.23470687866211,135.6905059814453,84.43067932128906,175.7510528564453,108.40077209472656,143.8042449951172,82.5108642578125,153.29299926757812,98.1524658203125,163.52101135253906,130.89401245117188,176.28912353515625,154.2432098388672,203.45021057128906,158.63116455078125,242.2059326171875,138.51023864746094,280.1765441894531,0
6338,214.4952850341797,148.5882568359375,493.26702880859375,149.7988739013672,62.533203125,135.62603759765625,89.95244598388672,178.3150634765625,113.4446792602539,148.0063934326172,90.22784423828125,153.6884002685547,104.11062622070312,165.84181213378906,134.4672088623047,179.321533203125,158.7803497314453,207.99549865722656,162.7008819580078,253.11578369140625,136.2814178466797,291.6962585449219,0
6339,214.61505126953125,149.07247924804688,493.2552185058594,149.92494201660156,89.06993103027344,136.56527709960938,97.89212799072266,177.61093139648438,125.0639419555664,152.0421905517578,103.22007751464844,155.45755004882812,113.84273529052734,168.56639099121094,139.28778076171875,184.58035278320312,163.50308227539062,218.3082733154297,167.74496459960938,266.7135009765625,148.27232360839844,304.8607482910156,0
6340,214.60317993164062,149.0142059326172,493.2057800292969,149.96556091308594,89.07046508789062,136.54928588867188,97.8956069946289,177.6116943359375,125.05799102783203,152.04397583007812,103.21278381347656,155.45362854003906,113.84297180175781,168.56195068359375,139.24632263183594,185.2851104736328,163.49229431152344,218.29641723632812,167.74070739746094,266.75994873046875,148.2456512451172,304.9319763183594,0
6341,214.4895782470703,148.99807739257812,493.2239685058594,149.64747619628906,92.4716567993164,137.53465270996094,97.32836151123047,181.8339385986328,127.05113983154297,158.78765869140625,103.50284576416016,160.26914978027344,113.97488403320312,173.26852416992188,139.08763122558594,189.02218627929688,161.28834533691406,219.03765869140625,168.22474670410156,274.80133056640625,128.72317504882812,320.4318542480469,0
6342,214.48968505859375,148.91104125976562,493.2248229980469,149.8074188232422,92.06281280517578,139.6512451171875,99.208251953125,188.32644653320312,126.99649810791016,166.47694396972656,104.27605438232422,165.92906188964844,114.75391387939453,180.42710876464844,140.32138061523438,195.51565551757812,160.8482208251953,219.65147399902344,168.53244018554688,275.6911315917969,123.5477066040039,323.49102783203125,0
6343,214.5756378173828,148.97512817382812,493.3860778808594,149.86471557617188,94.68919372558594,140.89004516601562,99.25487518310547,188.59408569335938,127.107177734375,166.61837768554688,105.05757904052734,166.5687713623047,115.11033630371094,180.86708068847656,141.42886352539062,195.97361755371094,161.30697631835938,218.20008850097656,168.22230529785156,274.9117126464844,122.98573303222656,324.173828125,0
6344,214.550048828125,148.9036865234375,493.36651611328125,149.98251342773438,95.12554168701172,138.4703826904297,99.14336395263672,186.16958618164062,126.76216888427734,163.5334930419922,104.65062713623047,163.57711791992188,114.74868774414062,177.63209533691406,141.41781616210938,194.46449279785156,161.29701232910156,217.6824493408203,167.99913024902344,274.54412841796875,123.96137237548828,324.2193298339844,0
6345,214.5492401123047,148.90304565429688,493.40118408203125,149.92312622070312,95.12963104248047,138.46925354003906,99.14470672607422,186.16883850097656,126.76206970214844,163.5334014892578,104.65097045898438,163.57647705078125,114.7506332397461,177.63327026367188,141.4198760986328,194.46487426757812,161.2966766357422,217.68301391601562,167.99815368652344,274.5440979003906,123.9329833984375,324.2266540527344,0
6346,214.44143676757812,148.6845703125,493.312744140625,149.8270263671875,92.29126739501953,141.13478088378906,100.33390045166016,185.7235870361328,125.76614379882812,161.52223205566406,104.38140106201172,163.12173461914062,115.16219329833984,176.16029357910156,142.36904907226562,193.0167694091797,161.3911590576172,217.5332489013672,167.90574645996094,273.6941223144531,124.24915313720703,323.9426574707031,0
6347,214.4281463623047,148.6898193359375,493.33746337890625,149.84310913085938,92.29764556884766,141.07151794433594,100.32443237304688,185.69802856445312,125.77063751220703,161.5240478515625,104.33446502685547,163.0912322998047,115.15448760986328,176.13742065429688,142.31771850585938,193.0111083984375,161.4016876220703,217.51904296875,167.93878173828125,273.83837890625,124.34071350097656,323.9097900390625,0
6348,214.39633178710938,148.83457946777344,493.40045166015625,149.85333251953125,94.13289642333984,140.56712341308594,99.08444213867188,182.5500946044922,123.97315216064453,158.2367401123047,104.04279327392578,160.2443389892578,115.04898834228516,174.26319885253906,142.0806884765625,190.44851684570312,162.05003356933594,217.9625244140625,167.57496643066406,274.5234375,123.4477767944336,324.7905578613281,0
6349,214.33810424804688,148.955810546875,493.5832824707031,149.8147735595703,94.17190551757812,140.3752899169922,98.5046157836914,180.73681640625,123.57843780517578,155.72134399414062,104.52155303955078,159.38829040527344,114.49082946777344,171.80702209472656,141.62673950195312,189.25950622558594,161.9408721923828,217.8440399169922,167.57223510742188,273.84619140625,124.33820343017578,324.73675537109375,0
6350,214.43406677246094,149.18118286132812,493.56268310546875,149.89639282226562,100.94062042236328,138.09544372558594,101.55142211914062,177.6708526611328,126.34888458251953,153.2202911376953,108.68160247802734,156.7498779296875,116.91104888916016,169.39495849609375,142.32247924804688,187.15347290039062,162.4144287109375,218.4886016845703,167.30874633789062,274.8806457519531,124.936767578125,325.1646423339844,0
6351,214.44549560546875,149.1654815673828,493.5618896484375,149.89833068847656,100.9020004272461,138.09872436523438,101.55806732177734,177.68441772460938,126.32939147949219,153.21807861328125,108.67224884033203,156.76773071289062,116.91117858886719,169.40928649902344,142.47021484375,187.1016082763672,162.41748046875,218.4849853515625,167.30987548828125,274.86541748046875,124.93292236328125,325.1653747558594,0
6352,214.39381408691406,148.90794372558594,493.4586181640625,149.94125366210938,105.09014892578125,138.0980987548828,102.14787292480469,169.88150024414062,126.61524200439453,148.4637908935547,108.85812377929688,152.99330139160156,117.60908508300781,163.5312042236328,143.33740234375,186.2113800048828,162.18959045410156,219.88755798339844,167.33192443847656,275.9735107421875,125.16883087158203,325.7425842285156,0
6353,214.56712341308594,148.7109832763672,493.1372985839844,149.83583068847656,108.25813293457031,140.10072326660156,102.72149658203125,161.2854766845703,127.59822082519531,143.08213806152344,110.4704818725586,148.23875427246094,117.89302062988281,158.0626678466797,144.4796600341797,184.65890502929688,163.97802734375,223.15066528320312,167.19091796875,279.2684020996094,124.4712905883789,326.7123107910156,0
6354,214.64932250976562,148.41217041015625,492.9870910644531,149.77053833007812,112.85302734375,134.93638610839844,104.14054107666016,157.71009826660156,128.80075073242188,139.56011962890625,112.04302978515625,145.29595947265625,118.99059295654297,154.3462677001953,144.7117156982422,183.61007690429688,163.54495239257812,223.19638061523438,167.0412139892578,279.47833251953125,124.29518127441406,326.83154296875,0
6355,214.45510864257812,148.76107788085938,493.176025390625,149.62490844726562,108.17253112792969,139.44908142089844,108.08524322509766,152.7260284423828,134.5328369140625,134.736328125,117.53192138671875,143.6923370361328,124.62260437011719,150.51548767089844,146.5301513671875,183.31741333007812,164.912109375,227.19921875,165.94927978515625,283.7283630371094,122.9534683227539,327.9465637207031,0
6356,214.49655151367188,148.7898406982422,493.16851806640625,149.6226806640625,108.21098327636719,139.44171142578125,108.08885955810547,152.72451782226562,134.570556640625,134.7554473876953,117.5884780883789,143.71095275878906,124.65165710449219,150.57534790039062,146.55845642089844,183.36212158203125,164.91412353515625,227.22731018066406,165.94998168945312,283.7283935546875,122.90718078613281,327.9614562988281,0
6357,214.4207000732422,148.83885192871094,493.07354736328125,149.6581573486328,115.68827819824219,131.2163848876953,108.32996368408203,152.4593963623047,135.24349975585938,133.5357208251953,117.75621032714844,140.7144317626953,125.20948791503906,149.3492431640625,147.53062438964844,182.05706787109375,165.23463439941406,227.50706481933594,165.69381713867188,284.2245178222656,122.75924682617188,328.45269775390625,0
6358,214.4142303466797,148.95156860351562,493.0896301269531,149.64474487304688,116.03108215332031,121.7037353515625,107.65149688720703,147.808837890625,135.44749450683594,132.7272491455078,118.49791717529297,134.1920166015625,124.96504211425781,146.83807373046875,147.7939453125,179.5599822998047,165.44970703125,227.46791076660156,165.56520080566406,283.703369140625,124.6484375,328.00799560546875,0
6359,214.3964080810547,148.78988647460938,493.002197265625,149.6316375732422,110.8215560913086,114.25019836425781,106.67562866210938,142.80874633789062,132.21046447753906,127.30980682373047,116.2519302368164,128.6464385986328,123.7795181274414,141.38177490234375,146.1665496826172,177.11141967773438,165.0426025390625,227.76136779785156,164.6382598876953,283.84033203125,123.77300262451172,328.6285400390625,0
6360,214.5513916015625,149.06777954101562,493.0587158203125,149.71246337890625,101.0779037475586,106.46105194091797,100.70699310302734,135.94569396972656,125.68329620361328,119.72093963623047,108.21055603027344,120.37521362304688,116.67727661132812,133.4274139404297,140.77346801757812,170.43345642089844,161.2985076904297,225.24407958984375,160.7858123779297,282.3787536621094,124.34709167480469,328.4419250488281,0
6361,214.55096435546875,149.06776428222656,493.05706787109375,149.70907592773438,101.07807159423828,106.46099090576172,100.70719909667969,135.94570922851562,125.68355560302734,119.72066497802734,108.21041107177734,120.37500762939453,116.67716217041016,133.4273681640625,140.773681640625,170.43344116210938,161.29844665527344,225.243896484375,160.78477478027344,282.37884521484375,124.31082916259766,328.4264221191406,0
6362,214.41954040527344,149.20437622070312,492.8549499511719,149.68539428710938,94.88569641113281,104.19686889648438,98.73795318603516,134.5308074951172,121.71830749511719,114.14726257324219,105.13921356201172,116.75514221191406,114.21012878417969,129.90794372558594,138.90992736816406,167.27560424804688,158.62649536132812,224.45689392089844,157.31756591796875,283.07080078125,122.76544952392578,328.8935241699219,0
6363,214.53695678710938,149.0552978515625,492.9206848144531,149.69903564453125,87.3489761352539,107.7210922241211,96.20458984375,132.6508026123047,117.86487579345703,110.97325897216797,102.0136947631836,116.79322052001953,110.49793243408203,127.24456024169922,136.59988403320312,164.26397705078125,157.30502319335938,221.4571990966797,154.20791625976562,279.6304931640625,119.8466567993164,327.7687683105469,0
6364,214.5928497314453,149.2377471923828,492.9103698730469,149.7746124267578,86.95012664794922,107.52693939208984,95.05806732177734,133.20379638671875,117.83816528320312,112.51179504394531,100.96294403076172,117.18297576904297,110.95598602294922,127.06031036376953,136.7176513671875,164.27621459960938,159.28497314453125,220.65863037109375,157.16175842285156,280.4384460449219,125.09370422363281,328.22271728515625,0
6365,214.66822814941406,149.05349731445312,492.8950500488281,149.7784423828125,88.83733367919922,95.3510513305664,93.61155700683594,129.5419464111328,116.92471313476562,110.70295715332031,100.03810119628906,112.47960662841797,108.57736206054688,124.27471160888672,137.42367553710938,164.0603790283203,161.47457885742188,220.15887451171875,163.3043670654297,276.9280700683594,133.11630249023438,326.40972900390625,0
6366,214.5485382080078,148.57843017578125,492.966552734375,149.8602752685547,89.08814239501953,90.02942657470703,92.44924926757812,123.43492126464844,116.54776000976562,105.68252563476562,98.7300796508789,107.11982727050781,107.7155532836914,119.5276870727539,135.1913604736328,162.72653198242188,160.02099609375,219.20257568359375,162.9063720703125,273.04681396484375,133.87966918945312,328.83343505859375,0
6367,214.51588439941406,148.63351440429688,492.94952392578125,149.8885498046875,89.05192565917969,90.04067993164062,92.447021484375,123.43081665039062,116.53746795654297,105.69047546386719,98.72290802001953,107.12882232666016,107.70516204833984,119.52715301513672,135.21514892578125,162.71331787109375,160.025634765625,219.19268798828125,162.91160583496094,273.0816650390625,133.98121643066406,328.790771484375,0
6368,214.76953125,148.90562438964844,493.0702209472656,149.8666534423828,91.00933074951172,83.34769439697266,91.88286590576172,120.97994995117188,118.21399688720703,103.7724838256836,99.90727233886719,103.355224609375,107.5218734741211,116.28753662109375,133.6259765625,160.98841857910156,158.62745666503906,217.849365234375,162.73837280273438,275.6028137207031,134.58778381347656,331.970458984375,0
6369,214.8516082763672,148.9298858642578,492.9784851074219,149.791015625,92.51642608642578,75.14653015136719,91.59650421142578,114.97648620605469,118.83651733398438,99.5386734008789,100.38340759277344,96.86439514160156,107.57048034667969,111.43994903564453,130.66981506347656,157.74964904785156,156.510986328125,216.51318359375,160.551025390625,275.54962158203125,133.2088623046875,329.4726867675781,0
6370,214.76853942871094,148.75816345214844,492.9611511230469,149.8188018798828,87.90324401855469,58.39952087402344,87.9757080078125,100.71731567382812,116.69940185546875,86.86389923095703,96.69080352783203,82.8486099243164,103.93690490722656,97.21131134033203,128.1962890625,150.5712432861328,151.84458923339844,210.74073791503906,151.23953247070312,269.1842346191406,122.63700103759766,325.7869873046875,0
6371,214.76535034179688,148.76344299316406,492.9613342285156,149.81947326660156,87.89720153808594,58.39815139770508,87.97345733642578,100.6882553100586,116.68003845214844,86.86890411376953,96.68089294433594,82.85513305664062,103.91719818115234,97.20610046386719,128.39230346679688,150.7754364013672,151.834228515625,210.7241668701172,151.29397583007812,269.2505187988281,122.62821960449219,325.8138732910156,0
6372,214.8998260498047,148.86239624023438,492.9568176269531,149.80943298339844,88.8370132446289,53.218421936035156,87.28477478027344,96.49871826171875,117.38971710205078,85.45791625976562,97.4597396850586,81.01876068115234,102.9674301147461,95.26620483398438,127.066650390625,148.46511840820312,150.7282257080078,207.5644989013672,151.52728271484375,266.3857116699219,122.23942565917969,324.7461853027344,0
6373,214.1477813720703,149.01498413085938,493.0084228515625,149.3259735107422,90.37359619140625,44.81456756591797,85.8599624633789,87.0838623046875,115.10504150390625,78.7258529663086,95.98303985595703,73.5716552734375,100.42506408691406,88.30477905273438,122.215576171875,143.33131408691406,146.51148986816406,202.3287353515625,147.7409210205078,255.73348999023438,133.4136962890625,302.0820617675781,0
6374,214.08743286132812,149.03330993652344,493.0419006347656,149.24923706054688,88.87487030029297,43.705902099609375,85.10883331298828,85.81627655029297,116.78648376464844,77.05110931396484,96.35681915283203,71.46876525878906,100.90738677978516,86.33415985107422,121.60986328125,137.96682739257812,149.4806671142578,198.54351806640625,149.27090454101562,255.5033721923828,128.78240966796875,307.9834289550781,0
6375,214.18894958496094,148.94619750976562,493.0028076171875,149.35238647460938,86.15602111816406,44.52937698364258,88.15638732910156,86.87664031982422,118.51023864746094,74.97042083740234,97.5516586303711,70.34619140625,104.02793884277344,84.73323822021484,122.43862915039062,137.51145935058594,152.6422119140625,195.84535217285156,155.69039916992188,247.2178955078125,131.2940673828125,314.0223693847656,0
6376,214.20932006835938,149.0472412109375,492.9903564453125,149.42263793945312,83.73186492919922,44.81227111816406,90.3523941040039,89.41963958740234,120.50585174560547,73.46237182617188,98.53341674804688,70.03562927246094,106.22406005859375,84.59542083740234,124.37439727783203,137.0056915283203,152.9596405029297,195.8282928466797,155.29405212402344,249.92526245117188,133.8502960205078,312.0823059082031,0
6377,214.25437927246094,148.99774169921875,493.04632568359375,149.5120086669922,80.9805679321289,44.95119857788086,92.25733947753906,90.23213958740234,121.828125,73.34776306152344,98.67435455322266,69.86908721923828,108.75445556640625,83.55512237548828,127.17869567871094,138.95445251464844,150.99224853515625,195.73516845703125,147.41580200195312,245.09532165527344,132.555419921875,287.6108093261719,0
6378,214.25289916992188,148.9672393798828,492.9371643066406,149.61846923828125,79.02598571777344,43.74158477783203,92.4975357055664,89.095458984375,121.36085510253906,70.03314208984375,97.80481719970703,68.31771087646484,108.65521240234375,82.11341857910156,127.70105743408203,138.26380920410156,150.68365478515625,194.5150146484375,144.84414672851562,243.18218994140625,127.57728576660156,284.1544189453125,0
6379,214.42181396484375,148.92413330078125,492.9488220214844,149.74107360839844,81.65365600585938,42.127689361572266,90.77423095703125,87.27676391601562,120.17752075195312,68.69648742675781,97.78876495361328,66.92070770263672,106.87554931640625,80.79974365234375,127.3946533203125,134.9158935546875,150.83456420898438,191.4820098876953,143.7340545654297,241.7388916015625,125.9980239868164,281.8204650878906,0
6380,214.4274139404297,148.92715454101562,492.88580322265625,149.71978759765625,81.64799499511719,42.12672424316406,90.74156951904297,87.33617401123047,120.17781066894531,68.69903564453125,97.80914306640625,66.9068374633789,106.90054321289062,80.80740356445312,127.3218002319336,134.8708953857422,150.8604736328125,191.49322509765625,143.74456787109375,241.68324279785156,126.03044891357422,281.84124755859375,0
6381,214.58428955078125,148.7694091796875,493.0705261230469,149.8377227783203,81.56583404541016,38.338172912597656,88.73761749267578,85.4419937133789,118.88819885253906,68.11746978759766,96.2682113647461,65.31924438476562,104.65989685058594,79.11347198486328,128.15518188476562,130.32566833496094,151.60360717773438,187.5792236328125,143.7119598388672,240.8781280517578,114.1396484375,295.28607177734375,0
6382,214.5550994873047,148.73757934570312,493.13861083984375,149.5909423828125,83.31128692626953,39.218833923339844,88.3086929321289,87.17288208007812,118.12678527832031,70.12618255615234,96.2066421508789,66.72769927978516,103.64539337158203,80.99136352539062,127.74130249023438,129.85765075683594,152.45028686523438,186.93508911132812,146.40003967285156,241.83726501464844,116.17677307128906,299.5728454589844,0
6383,214.623779296875,148.8831787109375,493.0550537109375,149.46551513671875,78.93920135498047,42.45323181152344,90.0972671508789,90.29794311523438,119.1419906616211,69.46147918701172,96.5139389038086,68.70370483398438,106.0262680053711,81.88617706298828,129.9418487548828,130.84194946289062,152.2083740234375,186.413818359375,146.1691131591797,240.81790161132812,116.48493194580078,297.9539794921875,0
6384,214.50619506835938,149.05178833007812,493.108642578125,149.4921417236328,72.07622528076172,52.50008773803711,91.82797241210938,95.22035217285156,119.8676986694336,70.99866485595703,96.41574096679688,73.3473892211914,109.86380004882812,86.13487243652344,131.1599884033203,130.79078674316406,147.29078674316406,184.8282012939453,141.71949768066406,235.1167449951172,124.36178588867188,271.9869079589844,0
6385,214.51019287109375,149.05567932128906,493.06103515625,149.55641174316406,72.06485748291016,52.51555252075195,91.82777404785156,95.22693634033203,119.86897277832031,70.9978256225586,96.4158706665039,73.34657287597656,109.86077117919922,86.1198959350586,131.12359619140625,130.7452850341797,147.29408264160156,184.83212280273438,141.73275756835938,235.09268188476562,124.28219604492188,271.9410400390625,0
6386,214.37863159179688,148.90347290039062,493.11798095703125,149.5933380126953,70.92897033691406,58.01548385620117,91.37631225585938,101.07024383544922,120.5767593383789,75.02593994140625,96.41315460205078,78.5867691040039,109.16171264648438,90.68518829345703,130.82879638671875,132.5803985595703,145.65548706054688,186.9617462158203,135.97349548339844,240.555419921875,117.54993438720703,278.74749755859375,0
6387,214.38433837890625,149.16159057617188,493.11553955078125,149.4575958251953,68.21990203857422,65.25032806396484,90.22870635986328,105.52945709228516,118.68518829345703,78.57716369628906,94.1002197265625,81.73883056640625,108.38875579833984,95.6752700805664,130.27627563476562,134.01304626464844,145.7677001953125,187.4132080078125,139.3870086669922,239.428466796875,120.9977035522461,275.3118896484375,0
6388,214.31854248046875,148.9380645751953,493.04595947265625,149.5330352783203,66.31684875488281,67.66297912597656,89.35423278808594,107.1796646118164,117.56155395507812,79.37967681884766,92.98787689208984,84.00929260253906,106.9429931640625,96.64620971679688,130.2576446533203,134.95587158203125,146.0170440673828,186.71546936035156,142.601806640625,238.97035217285156,123.64804077148438,277.4621887207031,0
6389,214.06407165527344,149.1670379638672,493.0474548339844,149.50192260742188,66.54044342041016,67.95262908935547,85.94189453125,111.44680786132812,116.068603515625,83.1513900756836,90.95152282714844,87.62511444091797,104.17130279541016,101.2306900024414,126.89993286132812,136.807861328125,144.9936065673828,182.4522705078125,143.55992126464844,233.7681427001953,125.93402862548828,272.25213623046875,0
6390,214.04336547851562,149.1392364501953,493.04803466796875,149.50106811523438,66.5442886352539,67.94365692138672,85.9383544921875,111.44570922851562,116.06475067138672,83.14932250976562,90.94847106933594,87.61817169189453,104.1688461303711,101.23143768310547,126.89746856689453,136.80357360839844,144.99172973632812,182.4499969482422,143.59552001953125,233.67185974121094,125.9491195678711,272.20245361328125,0
6391,213.891357421875,149.13597106933594,493.07061767578125,149.64776611328125,65.8136215209961,63.9448127746582,84.1208267211914,110.13558959960938,114.9811782836914,84.10716247558594,89.88616943359375,86.19326782226562,101.67044830322266,100.83773040771484,122.19207000732422,136.2859344482422,147.4237060546875,179.47640991210938,146.66116333007812,220.61184692382812,125.96984100341797,257.1448669433594,0
6392,214.00112915039062,149.00074768066406,493.15460205078125,149.74334716796875,67.11383819580078,56.19685363769531,84.83560180664062,105.21246337890625,114.29773712158203,80.16163635253906,90.34024810791016,81.04241180419922,101.9437026977539,96.23546600341797,125.69320678710938,131.3330078125,152.70468139648438,174.81439208984375,152.46319580078125,220.4467315673828,121.2025146484375,257.4996643066406,0
6393,214.03758239746094,149.02845764160156,493.1305847167969,149.66964721679688,67.0305404663086,49.806114196777344,81.27999114990234,101.77665710449219,113.89746856689453,80.40283203125,88.9736328125,79.62702941894531,98.99866485595703,94.93917846679688,125.06812286376953,130.3866729736328,152.45941162109375,174.1174774169922,154.11338806152344,217.0818634033203,128.13919067382812,254.4364471435547,0
6394,214.12928771972656,148.95118713378906,492.9910583496094,149.74557495117188,64.69447326660156,41.97953414916992,76.96654510498047,97.06661224365234,108.52447509765625,76.35855102539062,82.5867919921875,73.02862548828125,93.5710220336914,90.14595794677734,120.59535217285156,125.93211364746094,152.83876037597656,170.11427307128906,155.29864501953125,222.2281951904297,110.6103744506836,276.4973449707031,0
6395,214.12652587890625,148.948486328125,492.9457092285156,149.78167724609375,64.67782592773438,41.996612548828125,76.96886444091797,97.11400604248047,108.61289978027344,76.27516174316406,82.63504791259766,73.02169036865234,93.59742736816406,90.11836242675781,120.62645721435547,125.9810562133789,152.8406524658203,170.11273193359375,155.27220153808594,222.3005828857422,110.5601806640625,276.457763671875,0
6396,213.8698272705078,148.6958770751953,492.87615966796875,149.8030548095703,66.43336486816406,40.632869720458984,72.45130157470703,93.54200744628906,106.87860107421875,76.75761413574219,81.3082046508789,72.66510772705078,91.06839752197266,88.44607543945312,120.19054412841797,124.22069549560547,149.98487854003906,167.5381622314453,155.46116638183594,219.66171264648438,115.78250122070312,271.00665283203125,0
6397,213.91079711914062,149.06834411621094,493.02105712890625,149.6471710205078,65.22068786621094,40.64916229248047,70.37026977539062,92.5793685913086,105.7238998413086,76.85629272460938,78.74960327148438,72.59455108642578,87.52547454833984,87.63520812988281,117.17974853515625,121.7680892944336,142.58273315429688,165.27288818359375,142.7427520751953,211.77105712890625,113.97188568115234,244.05128479003906,0
6398,213.61325073242188,148.8867645263672,492.95416259765625,149.63490295410156,61.292789459228516,40.99521255493164,69.92845153808594,93.72738647460938,105.04488372802734,77.26021575927734,78.16255187988281,71.29530334472656,86.82577514648438,88.13720703125,115.9765853881836,121.29521179199219,141.45733642578125,164.0596923828125,141.3274383544922,212.05874633789062,113.06451416015625,245.3497314453125,0
6399,213.74691772460938,148.94998168945312,493.00628662109375,149.67434692382812,52.315284729003906,41.20981216430664,63.14588928222656,94.09598541259766,98.0962905883789,76.13736724853516,71.4814453125,71.30146026611328,80.30557250976562,88.22740936279297,113.99177551269531,117.86013793945312,140.56861877441406,160.601806640625,140.41355895996094,212.38963317871094,111.98199462890625,245.38955688476562,0
6400,213.74131774902344,148.95692443847656,492.9807434082031,149.6890869140625,52.31548309326172,41.20989990234375,63.13798522949219,94.0871810913086,98.10565185546875,76.1413345336914,71.47631072998047,71.30713653564453,80.2847900390625,88.21604919433594,113.69707489013672,117.74493408203125,140.56298828125,160.54676818847656,140.3917236328125,212.44705200195312,111.91094207763672,245.48377990722656,0
6401,214.1074676513672,149.07244873046875,492.9310607910156,149.65133666992188,45.00435256958008,41.45668029785156,62.5604133605957,93.8441162109375,95.21768188476562,74.71277618408203,66.668701171875,71.93138885498047,79.14945983886719,86.36180114746094,113.7518081665039,114.81232452392578,141.21287536621094,156.41598510742188,145.06605529785156,207.546630859375,114.85315704345703,243.18365478515625,0
6402,213.99880981445312,149.24696350097656,492.8854064941406,149.62350463867188,42.317928314208984,41.22380447387695,61.23938751220703,98.03569030761719,92.10285949707031,75.138916015625,64.0068359375,72.16109466552734,76.80497741699219,88.46109771728516,114.28305053710938,111.73770904541016,142.70550537109375,150.01028442382812,153.7496337890625,206.33636474609375,116.72113037109375,255.76319885253906,0
6403,214.01507568359375,149.20462036132812,492.9148864746094,149.6150360107422,49.120094299316406,42.321773529052734,61.49553298950195,97.08695220947266,94.40974426269531,76.5349349975586,65.57653045654297,72.51007080078125,77.20220184326172,89.20310974121094,114.21595764160156,112.1903305053711,142.23562622070312,149.94920349121094,154.84756469726562,209.0816650390625,115.93083190917969,260.8437194824219,0
6404,213.6667938232422,149.04925537109375,492.8757629394531,149.6078643798828,50.089019775390625,42.28857421875,61.05099105834961,96.32755279541016,94.49251556396484,77.64495086669922,65.67719268798828,72.65900421142578,76.50603485107422,88.99935150146484,112.16985321044922,111.705810546875,134.29129028320312,150.64439392089844,141.5139617919922,204.79563903808594,122.33598327636719,244.9516143798828,0
6405,213.84854125976562,148.8352508544922,492.7978210449219,149.61544799804688,50.736122131347656,41.85176467895508,60.976531982421875,96.10076904296875,94.81914520263672,78.37188720703125,66.00518798828125,72.7630386352539,76.47650146484375,88.87538146972656,109.05721282958984,112.31803894042969,128.98788452148438,149.75131225585938,131.96755981445312,203.24078369140625,115.93666076660156,238.26318359375,0
6406,213.76834106445312,148.65802001953125,492.8666076660156,149.75685119628906,51.13350296020508,42.91862487792969,60.865657806396484,97.70698547363281,96.21179962158203,80.33102416992188,66.88607025146484,75.13252258300781,77.1799087524414,90.34984588623047,107.21047973632812,113.27860260009766,123.796630859375,148.39598083496094,124.5157699584961,203.36257934570312,110.98269653320312,239.0544891357422,0
6407,213.76971435546875,148.6602020263672,492.86724853515625,149.75704956054688,51.1245002746582,42.911827087402344,60.89851760864258,97.68196105957031,96.16558837890625,80.3912353515625,66.92206573486328,75.14450073242188,77.11577606201172,90.35945892333984,107.18463134765625,113.2856216430664,123.79137420654297,148.4018096923828,124.4655532836914,203.8279266357422,107.98397827148438,239.15652465820312,0
6408,214.01055908203125,148.60897827148438,492.8723449707031,149.6690216064453,51.71015930175781,45.21999740600586,60.68034744262695,99.60591125488281,96.001220703125,80.87313842773438,67.47940826416016,78.05474090576172,78.05671691894531,92.50334930419922,106.43920135498047,113.44941711425781,121.53943634033203,147.13182067871094,121.02127075195312,201.77395629882812,91.9203109741211,248.81040954589844,0
6409,214.0554656982422,148.6688690185547,492.9900207519531,149.70181274414062,41.41697692871094,50.955055236816406,60.833534240722656,104.22775268554688,94.12686157226562,80.28315734863281,64.23712158203125,80.20987701416016,76.2157211303711,92.64490509033203,103.9239273071289,113.43624877929688,121.67593383789062,143.96588134765625,130.6998291015625,178.7380828857422,132.44277954101562,209.68943786621094,0
6410,213.97335815429688,148.87530517578125,493.0134582519531,149.55955505371094,35.23365020751953,55.345458984375,58.68867492675781,103.91336059570312,91.1231689453125,80.21882629394531,60.63450241088867,81.64969635009766,75.006591796875,94.3607177734375,100.83097076416016,112.97724914550781,124.17095184326172,144.7310791015625,143.97203063964844,181.20433044433594,160.6299285888672,209.20050048828125,0
6411,213.86996459960938,149.09310913085938,493.0924072265625,149.61720275878906,28.52466583251953,58.654624938964844,56.07417297363281,105.17607879638672,87.26175689697266,80.00682067871094,56.56351089477539,81.95169830322266,71.37747192382812,95.14606475830078,100.7389907836914,113.18964385986328,126.08983612060547,144.97076416015625,155.538818359375,183.01840209960938,178.3912353515625,214.0134735107422,0
6412,213.9358673095703,149.0851287841797,493.1510009765625,149.6304473876953,28.50701904296875,58.64251708984375,56.142173767089844,105.18207550048828,87.29247283935547,79.90225219726562,56.55454635620117,81.90654754638672,71.45099639892578,95.05615234375,100.7221908569336,113.15272521972656,126.09561920166016,144.97328186035156,155.66302490234375,183.24761962890625,178.6521453857422,214.30068969726562,0
6413,213.91001892089844,148.95211791992188,493.1319580078125,149.58291625976562,26.113927841186523,69.35913848876953,56.351173400878906,108.05792999267578,85.90975189208984,83.60276794433594,56.199249267578125,87.563232421875,72.3418197631836,98.34564208984375,101.18623352050781,113.98259735107422,126.00050354003906,143.5763702392578,163.62254333496094,187.2386932373047,186.88607788085938,240.453125,0
6414,213.84178161621094,148.89833068847656,493.15460205078125,149.54324340820312,28.18284034729004,78.763916015625,63.17966842651367,118.5513687133789,88.41827392578125,91.42144012451172,61.20003128051758,96.50050354003906,74.64789581298828,105.35293579101562,102.08855438232422,116.99253845214844,126.09752655029297,143.06243896484375,162.97348022460938,183.24574279785156,193.5442352294922,229.81529235839844,0
6415,214.1153106689453,149.16159057617188,493.2523193359375,149.556396484375,28.77263069152832,82.09536743164062,62.319969177246094,122.08126831054688,88.43850708007812,90.96822357177734,59.863651275634766,98.348388671875,75.61087799072266,107.9326171875,101.6584243774414,119.60424041748047,126.28118133544922,144.0580596923828,160.7323455810547,178.85604858398438,192.878662109375,206.8612060546875,0
6416,214.02664184570312,149.24822998046875,493.2933044433594,149.64076232910156,38.02646255493164,81.49745178222656,66.5599594116211,122.11722564697266,91.899658203125,94.96343231201172,64.85271453857422,98.78665924072266,78.79249572753906,109.4612808227539,105.89799499511719,121.63741302490234,129.26904296875,145.8383331298828,168.46829223632812,181.7942657470703,209.34190368652344,219.16188049316406,0
6417,214.02447509765625,149.26425170898438,493.314208984375,149.6742706298828,38.057010650634766,81.47380065917969,66.57076263427734,122.0770263671875,91.95452880859375,94.99539947509766,64.88468170166016,98.80120086669922,78.78780364990234,109.44686889648438,105.9175796508789,121.60252380371094,129.2678985595703,145.8090057373047,168.4667205810547,181.7926788330078,209.34664916992188,219.16905212402344,0
6418,214.1322784423828,148.6201629638672,493.2738952636719,149.4215850830078,34.38177490234375,78.28089904785156,64.0232925415039,120.95922088623047,91.9730453491211,93.99361419677734,63.70828628540039,98.1350326538086,78.0806655883789,108.93876647949219,105.60549926757812,124.54782104492188,129.41635131835938,147.92535400390625,172.60379028320312,182.05609130859375,220.46165466308594,214.6353302001953,0
6419,214.3426513671875,148.98597717285156,493.2178649902344,149.32864379882812,33.005767822265625,76.29205322265625,62.609291076660156,120.79855346679688,91.38514709472656,93.88951110839844,61.59479522705078,96.77120208740234,77.65571594238281,107.99401092529297,104.8353500366211,125.05159759521484,129.137939453125,151.09146118164062,171.44143676757812,187.89361572265625,217.21014404296875,222.27757263183594,0
6420,214.28775024414062,148.8453369140625,493.14508056640625,149.3275146484375,33.287506103515625,76.83589172363281,62.47864532470703,120.536865234375,91.34143829345703,94.29407501220703,61.58638000488281,96.4476547241211,77.6024398803711,107.75363159179688,104.8293228149414,125.24977111816406,128.7204132080078,151.59471130371094,169.30955505371094,188.74972534179688,217.9188690185547,225.5710906982422,0
6421,214.2680206298828,149.0453643798828,493.13250732421875,149.294921875,50.454952239990234,74.345947265625,62.66750717163086,120.93907165527344,96.23619842529297,94.28443908691406,68.67855072021484,97.67060089111328,78.96070861816406,109.15599822998047,102.87965393066406,127.25459289550781,129.6921844482422,152.77444458007812,173.59869384765625,189.7412567138672,222.97276306152344,222.56964111328125,0
6422,214.27243041992188,149.04640197753906,493.1319885253906,149.29840087890625,50.49315643310547,74.26969909667969,62.72477722167969,120.79127502441406,96.30680084228516,94.291015625,68.75570678710938,97.65469360351562,79.03089141845703,109.11485290527344,102.74870300292969,127.30297088623047,130.16506958007812,153.29124450683594,173.57748413085938,189.73233032226562,222.9745330810547,222.56936645507812,0
6423,214.32000732421875,148.8091583251953,493.0828552246094,149.2708740234375,70.04664611816406,65.08805084228516,64.73764038085938,114.49061584472656,104.30520629882812,99.85657501220703,77.81578826904297,92.96507263183594,83.02581787109375,107.37789154052734,104.86579132080078,132.212646484375,133.1923065185547,159.2668914794922,180.04937744140625,190.20944213867188,231.3197479248047,218.47987365722656,0
6424,213.94667053222656,148.99940490722656,493.1803283691406,149.31292724609375,89.97439575195312,61.50651550292969,81.0449447631836,116.918212890625,121.40503692626953,106.70677947998047,96.27633666992188,97.07286071777344,101.06778717041016,113.75731658935547,113.78512573242188,142.57492065429688,140.47232055664062,174.7957305908203,181.42147827148438,216.85643005371094,223.03524780273438,252.2689208984375,0
6425,213.7515106201172,148.92385864257812,493.0901794433594,149.39120483398438,103.7188491821289,64.63851165771484,89.84823608398438,115.42269897460938,129.96322631835938,108.9730224609375,106.66193389892578,99.09009552001953,108.3618392944336,116.74950408935547,118.68523406982422,147.20614624023438,149.1483917236328,181.3128204345703,189.1616668701172,225.48231506347656,233.97842407226562,263.384033203125,0
6426,214.04537963867188,148.90673828125,493.2740173339844,149.3512725830078,108.95709228515625,75.04212188720703,93.45574951171875,119.69309997558594,131.25906372070312,118.19820404052734,110.33186340332031,106.1673355102539,110.93463897705078,123.99722290039062,120.26055145263672,155.9316864013672,154.09397888183594,187.44058227539062,194.135009765625,232.85858154296875,242.97727966308594,271.0315856933594,0
6427,214.0655517578125,148.92466735839844,493.2830505371094,149.33790588378906,108.95685577392578,75.04619598388672,93.45477294921875,119.69469451904297,131.25990295410156,118.19125366210938,110.33346557617188,106.1657943725586,110.93539428710938,124.00344848632812,120.28067016601562,155.96017456054688,154.11550903320312,187.44110107421875,194.1309051513672,232.8474578857422,243.0255584716797,271.0665283203125,0
6428,214.10183715820312,148.8825225830078,493.2733154296875,149.42184448242188,109.01678466796875,78.90594482421875,93.17241668701172,121.9719467163086,126.45404815673828,119.09966278076172,108.0726318359375,108.00482177734375,108.19844818115234,125.08297729492188,121.01007080078125,161.6839599609375,154.36793518066406,192.34222412109375,197.7891387939453,235.20347595214844,246.3190155029297,272.2385559082031,0
6429,214.33575439453125,149.0969696044922,493.3608703613281,149.3378448486328,118.96472930908203,81.17965698242188,93.41555786132812,114.3303451538086,125.61370086669922,114.45469665527344,109.78622436523438,104.77617645263672,108.96809387207031,122.52449035644531,124.62447357177734,161.35975646972656,157.44085693359375,204.69105529785156,199.63034057617188,245.93775939941406,247.50802612304688,281.5936279296875,0
6430,214.41973876953125,148.94895935058594,493.3506774902344,149.47438049316406,122.78409576416016,81.50595092773438,95.1422348022461,111.79695129394531,127.38045501708984,114.8049545288086,112.94694519042969,103.79412841796875,110.69884490966797,121.04945373535156,121.41779327392578,162.05438232421875,155.7705841064453,206.556640625,200.6975555419922,246.50003051757812,249.3660125732422,282.6255187988281,0
6431,214.33843994140625,148.93161010742188,493.33917236328125,149.57000732421875,125.48573303222656,80.74794006347656,99.26993560791016,106.4536361694336,130.15631103515625,109.43511199951172,115.87100982666016,99.4605484008789,112.49505615234375,115.51641082763672,120.94463348388672,162.05638122558594,150.0815887451172,209.06056213378906,190.52978515625,251.15887451171875,241.8900604248047,286.4277648925781,0
6432,214.32228088378906,148.92037963867188,493.32244873046875,149.54185485839844,125.4981689453125,80.74536895751953,99.27313995361328,106.45257568359375,130.15818786621094,109.44947052001953,115.86991119384766,99.47620391845703,112.48822021484375,115.57752227783203,121.17076873779297,162.33103942871094,150.0325469970703,209.06100463867188,190.48509216308594,251.15322875976562,241.89361572265625,286.4355163574219,0
6433,214.20094299316406,148.92636108398438,493.1163024902344,149.4333038330078,128.1363525390625,79.67102813720703,100.7388687133789,102.88220977783203,131.58392333984375,106.52195739746094,117.88862609863281,95.98644256591797,113.93540954589844,111.27946472167969,120.01363372802734,160.40670776367188,148.24118041992188,208.912109375,187.7218017578125,252.06053161621094,240.0703887939453,286.3109436035156,0
6434,214.3121795654297,148.87242126464844,493.13397216796875,149.40834045410156,134.9517822265625,76.22764587402344,103.8555679321289,100.6800765991211,134.6463623046875,107.44940185546875,122.6277084350586,95.51727294921875,116.6179428100586,110.2607192993164,119.57341003417969,159.31057739257812,145.14427185058594,209.22393798828125,183.9305419921875,251.65223693847656,239.6499786376953,288.42840576171875,0
6435,214.26466369628906,148.99295043945312,493.2611083984375,149.4759521484375,146.8187713623047,84.70989990234375,109.92117309570312,98.8330078125,138.2848358154297,112.97048950195312,128.9845428466797,98.31463623046875,119.77445983886719,110.10812377929688,116.8813247680664,158.19313049316406,142.48451232910156,210.2090301513672,182.37057495117188,251.71759033203125,237.8274383544922,286.5184631347656,0
6436,214.23776245117188,149.33731079101562,493.3782653808594,149.50648498535156,173.16485595703125,94.95976257324219,131.54197692871094,98.5696792602539,150.52438354492188,123.411865234375,147.2503204345703,105.31824493408203,133.98291015625,116.22895050048828,117.20669555664062,157.2356719970703,136.6649169921875,210.96315002441406,174.68972778320312,254.24253845214844,229.3139190673828,285.6560363769531,0
6437,214.2654266357422,149.3085479736328,493.3789367675781,149.50662231445312,173.161865234375,94.95661926269531,131.5523681640625,98.45886993408203,150.55767822265625,123.39845275878906,147.31381225585938,105.26175689697266,134.02972412109375,116.16649627685547,117.26282501220703,157.28057861328125,136.67173767089844,210.95526123046875,174.69813537597656,254.25941467285156,229.36004638671875,285.6646728515625,0
6438,214.03271484375,149.3525390625,493.3749694824219,149.60302734375,180.78842163085938,94.96098327636719,140.60113525390625,95.46179962158203,158.2574005126953,121.89983367919922,155.43734741210938,103.11770629882812,142.33282470703125,111.89044952392578,119.08637237548828,151.8701171875,133.6009521484375,209.715576171875,167.5430145263672,254.36309814453125,221.56822204589844,288.7131652832031,0
6439,214.73390197753906,149.553955078125,493.52880859375,149.4929962158203,202.41929626464844,89.77751159667969,164.24803161621094,85.9634017944336,177.61366271972656,113.67172241210938,178.48728942871094,96.60004425048828,163.2801513671875,103.50850677490234,130.97132873535156,137.17926025390625,124.06088256835938,201.3737335205078,152.0050506591797,249.8374786376953,196.68655395507812,285.23583984375,0
6440,214.81240844726562,149.69140625,493.5197448730469,149.52122497558594,212.91796875,88.64852142333984,171.61363220214844,82.67284393310547,183.17276000976562,111.86438751220703,185.0591278076172,92.30001831054688,170.3370819091797,100.10270690917969,136.89764404296875,133.552734375,120.40765380859375,195.47427368164062,139.3152313232422,246.3249053955078,179.44361877441406,283.5810852050781,0
6441,214.79620361328125,149.5572509765625,493.48773193359375,149.5662841796875,217.43289184570312,89.21669006347656,177.68792724609375,81.26399230957031,186.73825073242188,109.2802963256836,188.74307250976562,90.5918960571289,174.30648803710938,98.20211791992188,137.7554473876953,128.55984497070312,114.20086669921875,185.7671356201172,136.4105682373047,247.3705291748047,176.28225708007812,291.2938537597656,0
6442,214.79379272460938,149.55926513671875,493.4871826171875,149.56414794921875,217.43772888183594,89.22236633300781,177.7472381591797,81.2658920288086,186.79896545410156,109.24999237060547,188.78611755371094,90.5855941772461,174.4602813720703,98.21989440917969,136.8736114501953,127.9315185546875,114.2153091430664,185.76548767089844,136.4181671142578,247.3806610107422,176.30081176757812,291.3204040527344,0
6443,214.45372009277344,149.33999633789062,493.3870849609375,149.60926818847656,213.90687561035156,100.95336151123047,172.13290405273438,83.87882232666016,177.91470336914062,113.89093780517578,183.3517608642578,97.02666473388672,168.53353881835938,101.01310729980469,130.76914978027344,122.5847396850586,97.11620330810547,167.08792114257812,109.59017944335938,224.8350067138672,149.7888641357422,268.26751708984375,0
6444,214.25750732421875,148.90530395507812,493.35589599609375,149.661376953125,204.38916015625,112.78460693359375,164.6562042236328,86.84773254394531,160.39344787597656,118.57662200927734,171.30731201171875,102.55003356933594,155.6954803466797,102.4891357421875,120.3999252319336,119.35880279541016,88.60184478759766,159.21031188964844,91.67900085449219,209.3946533203125,131.36993408203125,248.36337280273438,0
6445,213.93777465820312,149.53170776367188,493.2453308105469,149.63307189941406,198.06781005859375,115.16783142089844,159.37464904785156,86.9478759765625,152.66357421875,120.87569427490234,166.12840270996094,103.95124053955078,150.33607482910156,103.68286895751953,116.99895477294922,118.30583953857422,88.40547180175781,158.63584899902344,86.19518280029297,206.0595703125,120.27649688720703,243.29122924804688,1
6446,213.99423217773438,149.3067169189453,493.360107421875,149.5708465576172,191.02101135253906,123.81645202636719,157.26918029785156,90.078369140625,147.6959228515625,122.43787384033203,160.17312622070312,106.90281677246094,144.20489501953125,104.9281997680664,112.83000183105469,116.65398406982422,87.5531997680664,156.14385986328125,78.57933807373047,199.65650939941406,102.4821548461914,239.7118682861328,1
6447,213.9299774169922,149.44517517089844,493.33837890625,149.5688018798828,185.69869995117188,130.29812622070312,154.03956604003906,95.29013061523438,142.69032287597656,128.7371063232422,156.82568359375,113.46485137939453,140.66009521484375,107.65579986572266,110.37323760986328,115.20050048828125,87.7114028930664,153.46340942382812,73.532958984375,191.31480407714844,90.73562622070312,227.77651977539062,1
6448,214.01748657226562,149.52395629882812,493.3587951660156,149.6023712158203,185.6326141357422,130.30581665039062,153.6374969482422,95.20437622070312,142.43490600585938,128.76536560058594,156.75228881835938,113.64753723144531,140.68096923828125,107.71824645996094,110.37342071533203,114.5477066040039,87.55691528320312,153.29071044921875,73.58114624023438,191.16207885742188,90.89703369140625,227.61624145507812,1
6449,214.45851135253906,149.2271270751953,493.3606262207031,149.5279541015625,184.04360961914062,135.805419921875,154.55300903320312,102.16226196289062,139.6852264404297,136.88314819335938,156.06765747070312,120.30001068115234,140.35458374023438,114.48306274414062,108.0579833984375,111.1912612915039,85.85221862792969,149.85816955566406,72.143798828125,184.31582641601562,70.46137237548828,219.82789611816406,1
6450,214.7722625732422,148.7781219482422,493.33697509765625,149.47613525390625,182.57302856445312,141.92718505859375,150.73745727539062,109.0238037109375,136.1744384765625,140.6593475341797,152.7357940673828,124.78390502929688,141.61268615722656,120.09263610839844,109.58036041259766,114.62919616699219,87.00215911865234,148.7216796875,73.73687744140625,189.3046112060547,70.7983627319336,230.47999572753906,1
6451,214.5655517578125,148.72076416015625,493.3031005859375,149.5386199951172,177.5264129638672,155.11253356933594,152.01072692871094,122.14541625976562,135.45518493652344,153.1007537841797,153.32952880859375,141.2815399169922,140.88150024414062,133.70188903808594,113.1553726196289,117.7950439453125,85.68616485595703,146.31549072265625,73.18663024902344,184.54794311523438,62.789573669433594,223.20570373535156,1
6452,214.27035522460938,148.30007934570312,493.2665100097656,149.56919860839844,174.93788146972656,163.73550415039062,155.9466552734375,128.9578399658203,135.04449462890625,157.05322265625,154.56350708007812,146.6593475341797,143.49053955078125,137.15476989746094,115.48979187011719,118.58985137939453,83.11652374267578,144.28248596191406,73.48384857177734,181.26953125,64.94573974609375,219.9842987060547,1
6453,213.7974853515625,148.3665008544922,493.3446960449219,149.55450439453125,174.33822631835938,170.16868591308594,159.1448974609375,136.63052368164062,135.22637939453125,162.69259643554688,155.89361572265625,152.17832946777344,144.04368591308594,143.54019165039062,117.5736083984375,120.43645477294922,82.65385437011719,140.77406311035156,72.04734802246094,175.87960815429688,64.34220886230469,209.7662353515625,1
6454,213.91915893554688,148.1964111328125,493.2862548828125,149.55519104003906,176.42333984375,175.90951538085938,160.96530151367188,143.24769592285156,137.60169982910156,167.77471923828125,157.52220153808594,157.3887939453125,147.3359375,148.5878448486328,118.14881134033203,122.50302124023438,82.49024200439453,137.133056640625,70.13593292236328,167.9651641845703,61.03862762451172,196.91712951660156,1
6455,214.01815795898438,148.16664123535156,493.32330322265625,149.55450439453125,180.55674743652344,183.591796875,161.01370239257812,147.5272674560547,137.13531494140625,173.43994140625,158.0413055419922,164.5641632080078,146.8990478515625,154.92401123046875,118.62358093261719,125.84554290771484,81.8097915649414,133.40472412109375,68.71409606933594,164.03150939941406,58.46005630493164,196.04115295410156,1
6456,214.024169921875,148.16319274902344,493.3236999511719,149.54519653320312,180.53103637695312,183.63949584960938,160.9904022216797,147.5540771484375,137.13232421875,173.4221954345703,158.04617309570312,164.6125030517578,146.83949279785156,155.00299072265625,118.53504180908203,125.71440887451172,81.80537414550781,133.43548583984375,68.7110595703125,164.04124450683594,58.46414566040039,196.02044677734375,1
6457,213.79515075683594,148.21896362304688,493.37335205078125,149.65713500976562,181.23959350585938,178.31524658203125,156.35604858398438,145.70379638671875,137.0099639892578,174.38648986816406,157.23606872558594,161.9421844482422,144.79542541503906,154.02859497070312,117.22464752197266,126.2695083618164,82.2370834350586,132.2691192626953,69.42752075195312,163.24281311035156,61.865962982177734,195.5313262939453,1
6458,213.9972381591797,148.35736083984375,493.344970703125,149.6426239013672,179.96243286132812,167.1031036376953,150.4142608642578,141.36900329589844,135.1448974609375,172.7718505859375,152.748046875,157.52581787109375,142.2474822998047,152.1103515625,112.25751495361328,124.78660583496094,81.07979583740234,131.74293518066406,68.37675476074219,160.3836669921875,60.132354736328125,193.12059020996094,1
6459,214.03797912597656,148.26560974121094,493.383056640625,149.5814971923828,179.19508361816406,164.18521118164062,149.37310791015625,139.6420135498047,134.63623046875,171.66769409179688,152.53309631347656,157.95838928222656,141.7002716064453,151.46240234375,111.59598541259766,123.89178466796875,80.900146484375,131.5288543701172,68.01856231689453,160.75782775878906,58.719268798828125,193.4268035888672,1
6460,214.7605743408203,148.08834838867188,493.27252197265625,149.58755493164062,180.90695190429688,160.91622924804688,148.47850036621094,137.24853515625,135.6758575439453,170.87210083007812,152.68153381347656,154.44032287597656,141.53565979003906,151.39971923828125,110.00304412841797,123.35133361816406,80.7933578491211,131.51812744140625,67.65095520019531,160.94456481933594,56.83673858642578,193.9071044921875,1
6461,214.7512969970703,148.08326721191406,493.2704772949219,149.5591583251953,180.92327880859375,160.97335815429688,148.47750854492188,137.45799255371094,135.74929809570312,170.96351623535156,152.64608764648438,154.544189453125,141.62826538085938,151.52944946289062,110.04041290283203,123.4229965209961,80.78971099853516,131.4774932861328,67.61365509033203,160.8662872314453,56.92069625854492,193.8937225341797,1
6462,214.499755859375,148.0388641357422,493.2049255371094,149.52682495117188,182.6253204345703,161.4812469482422,149.02728271484375,138.35675048828125,137.21092224121094,171.84201049804688,153.13821411132812,155.48358154296875,142.38133239746094,152.3318328857422,110.54509735107422,124.44303894042969,80.85895538330078,130.8631591796875,67.81571197509766,160.74351501464844,56.69808578491211,194.046875,1
6463,214.25668334960938,148.18605041503906,493.226806640625,149.53799438476562,181.94036865234375,167.76458740234375,150.3642120361328,142.54774475097656,135.8758544921875,175.7542724609375,153.40390014648438,159.41697692871094,142.7545623779297,153.96766662597656,112.28231048583984,125.22786712646484,81.47319030761719,129.4547576904297,68.32275390625,159.75405883789062,56.14598846435547,193.6949920654297,1
6464,213.83395385742188,148.4091339111328,493.2540283203125,149.58116149902344,181.23321533203125,176.3570098876953,152.2648162841797,147.82061767578125,134.25086975097656,178.22401428222656,154.15762329101562,164.0474090576172,143.4666290283203,158.42080688476562,113.97509765625,126.20561981201172,81.716796875,128.57040405273438,67.76118469238281,160.12339782714844,56.42063903808594,194.2887420654297,0
6465,213.80357360839844,148.68238830566406,493.3033142089844,149.72073364257812,177.05014038085938,182.94175720214844,153.26409912109375,153.4411163330078,132.17041015625,179.51145935058594,152.4961395263672,170.06605529785156,142.65431213378906,162.27633666992188,116.06786346435547,127.70565032958984,81.98819732666016,128.54769897460938,67.76277923583984,160.26255798339844,56.42811965942383,194.57565307617188,0
6466,213.8006134033203,148.67921447753906,493.3013916015625,149.72056579589844,177.0530548095703,182.9368438720703,153.22218322753906,153.322265625,132.1597900390625,179.5147247314453,152.5275115966797,169.99050903320312,142.65248107910156,162.27220153808594,115.98975372314453,127.6546630859375,81.98439025878906,128.5431671142578,67.75789642333984,160.26895141601562,56.427345275878906,194.57131958007812,0
6467,213.76063537597656,148.64227294921875,493.22869873046875,149.66709899902344,176.10003662109375,182.26271057128906,164.70803833007812,161.4663848876953,142.04159545898438,184.9623260498047,161.01893615722656,174.42022705078125,151.99884033203125,166.76150512695312,123.03262329101562,130.50709533691406,81.07749938964844,127.73246002197266,71.23096466064453,159.6764373779297,61.368080139160156,194.4914093017578,0
6468,213.7249298095703,148.649169921875,493.23291015625,149.6669921875,176.1217498779297,182.32911682128906,164.75820922851562,161.47633361816406,142.01666259765625,184.92982482910156,160.94183349609375,174.39495849609375,152.00723266601562,166.75035095214844,123.02833557128906,130.51072692871094,81.09185791015625,127.71739196777344,71.27059173583984,159.51235961914062,61.44427490234375,194.29794311523438,0
6469,214.00494384765625,148.4478759765625,493.36492919921875,149.60121154785156,179.7224578857422,191.15675354003906,169.59262084960938,170.43890380859375,145.8746337890625,191.71473693847656,166.2339324951172,184.2751007080078,156.4422149658203,174.5962677001953,129.31268310546875,136.2017364501953,80.2474594116211,125.18687438964844,74.87035369873047,162.98521423339844,75.19171142578125,194.35853576660156,0
6470,214.38690185546875,148.9789581298828,493.2509765625,149.66493225097656,179.99703979492188,199.91656494140625,170.35475158691406,177.23245239257812,145.4657745361328,196.46852111816406,165.86814880371094,190.64805603027344,156.44195556640625,180.56832885742188,128.61170959472656,139.2152862548828,80.35381317138672,125.16246795654297,72.85533142089844,161.4511260986328,73.62303161621094,196.352783203125,0
6471,214.81277465820312,149.4970245361328,493.2904052734375,149.66473388671875,174.14122009277344,219.65476989746094,171.97650146484375,197.99383544921875,144.41505432128906,215.52845764160156,163.60134887695312,209.55235290527344,156.0603790283203,199.5759735107422,132.95068359375,151.59132385253906,84.32429504394531,123.87122344970703,66.6000747680664,158.191650390625,69.58391571044922,204.6538848876953,0
6472,214.5970001220703,149.60305786132812,493.0230407714844,149.38760375976562,176.3749542236328,231.79153442382812,171.84646606445312,207.00619506835938,143.89280700683594,222.80792236328125,163.92047119140625,219.04197692871094,157.0247039794922,208.8740234375,131.9692840576172,156.4621124267578,88.21959686279297,122.52327728271484,64.21483612060547,155.2543182373047,61.41069030761719,206.68927001953125,0
6473,214.51101684570312,149.55026245117188,492.97821044921875,149.4150390625,176.2128448486328,231.66827392578125,171.773681640625,206.5032958984375,143.83688354492188,222.72254943847656,163.62875366210938,218.5311279296875,156.97679138183594,208.59056091308594,131.69989013671875,156.48561096191406,88.3380355834961,122.52084350585938,64.22035217285156,155.173828125,61.396484375,206.3555450439453,0
6474,214.4954071044922,149.01046752929688,493.11553955078125,149.1687774658203,176.30001831054688,246.6523895263672,173.0160675048828,219.59136962890625,147.46263122558594,233.02236938476562,164.68719482421875,230.1024627685547,159.58035278320312,219.29811096191406,137.1271209716797,166.79685974121094,93.5965347290039,126.99500274658203,70.99271392822266,169.5728302001953,62.67251968383789,211.03411865234375,0
6475,214.6772918701172,148.90460205078125,493.1580810546875,149.42984008789062,182.31301879882812,280.5306091308594,182.11451721191406,253.3470916748047,156.6229705810547,266.2154235839844,172.94384765625,263.5123291015625,169.40695190429688,252.9099884033203,152.4015655517578,192.18910217285156,123.54256439208984,139.20114135742188,87.65973663330078,173.30555725097656,72.6551284790039,199.6803741455078,0
6476,214.52505493164062,148.6722412109375,493.0351257324219,149.35255432128906,191.19078063964844,314.6429443359375,195.80323791503906,280.9801330566406,165.5235137939453,292.1573486328125,183.57632446289062,293.7505798339844,179.18589782714844,281.152587890625,165.53265380859375,231.8358612060547,159.8358154296875,173.7940673828125,189.9968719482422,288.4198913574219,193.29437255859375,321.45989990234375,0
6477,214.5292205810547,148.67706298828125,493.0751037597656,149.36314392089844,191.2047882080078,314.65570068359375,195.84323120117188,280.8650817871094,165.4530029296875,292.0810241699219,183.51898193359375,293.5923767089844,179.1534881591797,281.0059814453125,165.44985961914062,231.47079467773438,159.87106323242188,173.73403930664062,189.97584533691406,288.35565185546875,193.2917938232422,321.4483337402344,0
6478,214.25491333007812,148.73153686523438,492.6970520019531,149.44915771484375,195.60556030273438,329.5924072265625,201.0177459716797,296.735107421875,171.86068725585938,307.80718994140625,188.26634216308594,307.19873046875,185.0648651123047,295.6219177246094,170.41526794433594,251.946533203125,161.37696838378906,252.9971160888672,175.13087463378906,258.457275390625,132.02554321289062,183.89395141601562,0
6479,214.2544708251953,148.57920837402344,492.8244323730469,149.50445556640625,212.30361938476562,359.8476257324219,213.20741271972656,318.2195129394531,184.93051147460938,333.5399475097656,203.9208221435547,332.0140686035156,198.475830078125,320.9791564941406,176.35548400878906,268.5566101074219,145.34408569335938,227.11752319335938,117.16014862060547,245.98263549804688,96.46417999267578,272.4517822265625,0
6480,214.19711303710938,148.5919189453125,492.89300537109375,149.36973571777344,217.78074645996094,369.6534423828125,220.0623321533203,327.6190490722656,189.43109130859375,343.9600830078125,207.95327758789062,342.80914306640625,203.44911193847656,328.29376220703125,184.3295440673828,278.37628173828125,165.6912841796875,224.7984161376953,131.22877502441406,229.35887145996094,107.9281005859375,258.2830505371094,0
6481,214.18763732910156,148.63919067382812,492.81195068359375,149.4296417236328,216.5370330810547,383.2230224609375,225.11770629882812,339.7867736816406,191.51388549804688,347.7762451171875,211.71633911132812,354.2260437011719,207.34732055664062,338.2102355957031,188.9421844482422,284.86285400390625,165.26145935058594,228.9017791748047,128.90074157714844,226.8228759765625,98.18696594238281,252.9171905517578,0
6482,214.17144775390625,148.50808715820312,492.8294677734375,149.44754028320312,212.663330078125,393.776611328125,226.58116149902344,347.826416015625,193.25547790527344,352.58465576171875,211.2964630126953,363.3553161621094,209.06153869628906,345.69012451171875,192.22630310058594,293.45538330078125,162.77499389648438,241.1490478515625,126.1228256225586,229.1636505126953,97.5777587890625,256.0630798339844,0
6483,214.23167419433594,148.4756317138672,492.84478759765625,149.43226623535156,212.3848876953125,403.5370788574219,227.1312713623047,355.637451171875,194.4687042236328,359.75152587890625,211.25430297851562,369.4637451171875,209.5640106201172,352.0885314941406,191.2354736328125,301.1543884277344,158.4974365234375,254.19033813476562,127.0884780883789,239.1001434326172,99.64051055908203,258.9576721191406,0
6484,214.20497131347656,148.46006774902344,492.8013916015625,149.48097229003906,213.3101043701172,422.10723876953125,229.7898712158203,375.5142822265625,197.29153442382812,378.0566101074219,214.27943420410156,388.4093933105469,213.03811645507812,371.2923889160156,195.37030029296875,316.74371337890625,168.91647338867188,264.8269958496094,135.96725463867188,249.3369140625,105.1250228881836,280.62939453125,0
6485,214.24542236328125,148.564697265625,492.8038330078125,149.47621154785156,223.15599060058594,434.5538024902344,240.00735473632812,389.29193115234375,206.1062469482422,390.74334716796875,223.09141540527344,401.00494384765625,222.79739379882812,384.8300476074219,213.7332305908203,326.4619140625,198.79177856445312,265.6243591308594,178.9766387939453,234.39529418945312,144.40032958984375,249.55130004882812,0
6486,214.24346923828125,148.5714111328125,492.8360290527344,149.5194091796875,223.1757049560547,434.57025146484375,240.11106872558594,389.31536865234375,206.26388549804688,390.79559326171875,223.26490783691406,401.0106506347656,222.9611358642578,384.8570556640625,213.761962890625,326.4336853027344,198.78823852539062,265.62591552734375,178.97552490234375,234.38645935058594,144.39588928222656,249.554443359375,0
6487,214.29368591308594,148.5559844970703,492.7883605957031,149.5350341796875,226.0902862548828,441.5758361816406,244.8496551513672,393.9622802734375,212.1479949951172,395.1885986328125,228.0742645263672,407.89837646484375,228.6375732421875,390.3426818847656,216.79693603515625,324.80987548828125,202.68043518066406,269.95172119140625,193.52978515625,240.20046997070312,171.68125915527344,240.22906494140625,0
6488,214.3324432373047,148.714599609375,492.8638610839844,149.45668029785156,224.8931427001953,456.9768371582031,246.31265258789062,410.51416015625,217.1486358642578,410.03216552734375,229.30857849121094,423.9203186035156,231.38914489746094,406.10223388671875,227.0904998779297,353.26177978515625,201.25071716308594,288.5735168457031,196.3673095703125,263.1358947753906,194.71597290039062,252.37330627441406,0
6489,214.2645263671875,148.60499572753906,492.85369873046875,149.66810607910156,225.179931640625,461.0094909667969,248.47608947753906,417.32757568359375,213.39207458496094,415.1492919921875,230.13967895507812,429.2578430175781,230.80921936035156,410.80078125,224.51588439941406,355.5048522949219,201.6670684814453,302.2154235839844,195.120849609375,273.95111083984375,197.18316650390625,265.1175231933594,0
6490,214.23875427246094,148.5119171142578,492.96575927734375,149.6066131591797,228.73497009277344,464.81549072265625,249.44818115234375,415.37664794921875,214.43948364257812,416.41680908203125,231.1556854248047,428.5315246582031,230.62489318847656,411.0755615234375,225.29486083984375,360.7606201171875,213.73524475097656,307.0278625488281,192.11312866210938,285.9490661621094,173.3887939453125,300.74334716796875,0
6491,214.23883056640625,148.50975036621094,492.98284912109375,149.57330322265625,228.7379150390625,464.80889892578125,249.4507598876953,415.3745422363281,214.43670654296875,416.4217224121094,231.15493774414062,428.5299072265625,230.62635803222656,411.07586669921875,225.2933807373047,360.765380859375,213.735107421875,307.0188903808594,192.0394287109375,285.9465026855469,173.44058227539062,300.78704833984375,0
6492,214.2484893798828,148.62655639648438,493.0711975097656,149.4899139404297,228.25054931640625,463.15826416015625,251.66998291015625,414.5189514160156,216.69583129882812,413.9975891113281,232.34841918945312,427.4349670410156,233.44876098632812,410.92413330078125,228.6429443359375,360.7981262207031,220.97776794433594,301.6857604980469,207.11782836914062,274.68701171875,178.5508270263672,282.2227783203125,0
6493,214.2256317138672,148.62294006347656,493.0699157714844,149.49789428710938,228.24452209472656,463.1536865234375,251.6717071533203,414.5243225097656,216.7047119140625,413.97991943359375,232.3451690673828,427.4325256347656,233.46533203125,410.91644287109375,228.6744384765625,360.75506591796875,220.9551239013672,301.6344299316406,207.13540649414062,274.6656494140625,178.59046936035156,282.2027587890625,0
6494,214.11764526367188,148.63523864746094,493.0683288574219,149.5009307861328,227.41473388671875,455.6968078613281,254.951904296875,407.50506591796875,217.40911865234375,404.6033020019531,232.2586669921875,419.96624755859375,235.0944061279297,401.9395446777344,230.58456420898438,354.40594482421875,220.4170379638672,300.38800048828125,213.238037109375,280.64654541015625,191.1907958984375,284.0108642578125,0
6495,214.18374633789062,148.66775512695312,493.1009826660156,149.4034423828125,225.7841033935547,450.21148681640625,254.08482360839844,403.0682067871094,217.21115112304688,398.7853088378906,231.88153076171875,414.10205078125,233.92568969726562,398.15057373046875,230.5550994873047,351.56390380859375,221.3699188232422,299.79669189453125,213.64492797851562,280.10504150390625,193.84945678710938,283.0284118652344,0
6496,214.15603637695312,148.76193237304688,493.3055725097656,149.4656524658203,221.9628448486328,446.71173095703125,249.05865478515625,398.5145568847656,212.13821411132812,395.7906799316406,228.653076171875,411.98095703125,229.01829528808594,394.5316467285156,229.66693115234375,350.5321350097656,221.4918670654297,296.5830078125,219.41001892089844,266.8636779785156,213.4496612548828,252.8859405517578,0
6497,214.16046142578125,148.7279510498047,493.3043212890625,149.45834350585938,221.95989990234375,446.7063293457031,249.10386657714844,398.5230407714844,212.14483642578125,395.7829895019531,228.65032958984375,411.9744567871094,229.03453063964844,394.5364074707031,229.71945190429688,350.5439453125,221.49029541015625,296.5823059082031,219.4060516357422,266.8585510253906,213.44796752929688,252.892578125,0
6498,214.0675811767578,148.80014038085938,493.266845703125,149.56048583984375,220.7378387451172,445.497802734375,248.8899688720703,398.1027526855469,211.37684631347656,394.467041015625,227.2607421875,411.1499328613281,229.5977325439453,394.7761535644531,229.412353515625,350.3343811035156,220.57305908203125,296.60955810546875,218.20309448242188,260.2167053222656,207.0634002685547,233.28614807128906,0
6499,214.22393798828125,148.5668182373047,493.1709289550781,149.56539916992188,218.12759399414062,457.48541259765625,247.00033569335938,407.9545593261719,209.84893798828125,402.3450012207031,224.38539123535156,419.8201599121094,227.15773010253906,402.07843017578125,229.77340698242188,353.46624755859375,220.9924774169922,295.7688903808594,217.26438903808594,245.06536865234375,206.85479736328125,197.8594512939453,0
6500,214.33554077148438,148.40611267089844,493.1778564453125,149.57376098632812,216.6451416015625,461.9900207519531,243.98403930664062,412.6333312988281,207.33197021484375,406.8477478027344,222.70892333984375,424.0526123046875,225.37559509277344,406.1543273925781,228.5529022216797,356.4280090332031,220.86375427246094,295.7895202636719,217.282470703125,244.51881408691406,208.08082580566406,196.52406311035156,0
6501,214.39569091796875,148.2575225830078,493.1682434082031,149.5717315673828,215.50347900390625,466.70147705078125,243.11227416992188,416.5394287109375,206.38290405273438,411.7948913574219,221.8229217529297,428.16656494140625,224.4324188232422,408.9593200683594,226.9589385986328,357.6775207519531,220.069091796875,295.9755859375,216.6443634033203,243.76815795898438,208.73040771484375,195.6005401611328,0
6502,214.237060546875,148.2778778076172,493.1264953613281,149.64012145996094,211.71170043945312,470.1629943847656,241.08274841308594,420.2104187011719,204.82435607910156,414.6125183105469,218.90762329101562,430.8087463378906,222.80673217773438,412.686279296875,225.0146942138672,357.9836730957031,218.27407836914062,295.19708251953125,214.30857849121094,247.451904296875,206.4167022705078,199.34597778320312,0
6503,214.1044464111328,148.78070068359375,493.18963623046875,149.66212463378906,204.1639862060547,473.33648681640625,235.21725463867188,424.441162109375,199.94760131835938,417.25909423828125,213.42684936523438,436.3812561035156,217.02688598632812,416.46697998046875,223.18251037597656,359.7506103515625,217.8208770751953,294.0896911621094,210.31568908691406,243.9527130126953,199.2461395263672,197.15786743164062,0
6504,214.14651489257812,148.7345428466797,493.06658935546875,149.73646545410156,203.78964233398438,472.31097412109375,234.06866455078125,424.15301513671875,200.0516357421875,416.4654846191406,212.68997192382812,435.8287048339844,217.49876403808594,415.10467529296875,223.24014282226562,359.0205993652344,218.27645874023438,292.8159484863281,211.1477813720703,241.9276580810547,199.61215209960938,196.31932067871094,0
6505,214.44448852539062,148.8304901123047,493.1949462890625,149.71205139160156,198.73764038085938,462.3076477050781,234.54800415039062,421.2035827636719,200.8509521484375,409.2166748046875,210.15414428710938,428.2295837402344,216.77481079101562,411.33404541015625,224.47262573242188,358.5854797363281,217.13900756835938,294.34954833984375,207.97340393066406,244.26979064941406,194.95176696777344,196.65756225585938,0
6506,214.3202667236328,148.88380432128906,493.1921081542969,149.70704650878906,198.72836303710938,462.30682373046875,234.6131134033203,421.2077331542969,200.87887573242188,409.2371826171875,210.16358947753906,428.2217712402344,216.83934020996094,411.2913513183594,224.4714813232422,358.5558776855469,217.13429260253906,294.35235595703125,208.00192260742188,244.41383361816406,195.06674194335938,196.91041564941406,0
6507,214.16799926757812,148.82925415039062,493.2197570800781,149.56288146972656,192.13648986816406,453.90020751953125,234.80337524414062,416.7557678222656,203.814697265625,399.4372863769531,208.567138671875,422.5375061035156,218.17037963867188,406.2071228027344,226.98533630371094,357.54302978515625,217.77426147460938,293.3259582519531,207.68162536621094,246.0821533203125,195.70370483398438,198.6427764892578,0
6508,214.38304138183594,148.4920654296875,493.21539306640625,149.59500122070312,187.26255798339844,448.6444091796875,231.67819213867188,416.64312744140625,202.9920196533203,395.36456298828125,205.33152770996094,419.5758361816406,216.6786651611328,404.29205322265625,228.72740173339844,357.79925537109375,218.93438720703125,294.86334228515625,211.12774658203125,246.53695678710938,200.853271484375,197.0246124267578,0
6509,214.3873748779297,148.41139221191406,493.24560546875,149.64208984375,183.22250366210938,445.7839660644531,230.5791778564453,416.8271179199219,202.77816772460938,393.6611633300781,205.49365234375,417.899658203125,216.45252990722656,403.61334228515625,229.37628173828125,358.10260009765625,219.10902404785156,294.3916931152344,212.4834442138672,247.05360412597656,202.64637756347656,198.68475341796875,0
6510,214.49330139160156,148.61058044433594,493.1939392089844,149.66574096679688,178.63751220703125,442.1258239746094,226.29237365722656,414.0190734863281,198.59564208984375,389.04345703125,200.67825317382812,411.8062744140625,211.92897033691406,400.59027099609375,227.71905517578125,356.7801513671875,218.69735717773438,297.0693359375,211.7089385986328,247.13668823242188,203.45518493652344,197.5585479736328,0
6511,214.49566650390625,148.61074829101562,493.19219970703125,149.66592407226562,178.8079071044922,442.1314392089844,226.25437927246094,414.0284118652344,198.614013671875,389.06219482421875,200.70082092285156,411.75592041015625,211.93057250976562,400.5718078613281,227.76943969726562,356.68475341796875,218.70420837402344,297.0628967285156,211.7073974609375,247.15072631835938,203.48019409179688,197.58265686035156,0
6512,214.45565795898438,148.4276123046875,493.21258544921875,149.54100036621094,178.4911651611328,441.8394775390625,223.91729736328125,413.2874755859375,197.3011474609375,387.7287902832031,198.88821411132812,411.4657897949219,210.82740783691406,399.2548828125,227.3937530517578,356.5527038574219,219.48007202148438,296.5592346191406,211.75997924804688,245.4897003173828,202.96287536621094,195.81356811523438,0
6513,214.39857482910156,148.39981079101562,493.1383056640625,149.5525360107422,172.11471557617188,435.4876708984375,220.59152221679688,409.1578063964844,196.0021514892578,382.96514892578125,194.73524475097656,406.9709167480469,208.75108337402344,395.1439514160156,226.16525268554688,354.384521484375,218.90895080566406,297.2995910644531,212.20497131347656,246.003662109375,203.1107635498047,196.1367950439453,0
6514,214.4576873779297,148.483154296875,493.21868896484375,149.55369567871094,167.9143524169922,432.3506774902344,217.063232421875,407.53125,190.55882263183594,380.8200988769531,189.3255157470703,406.2857666015625,203.81640625,393.29833984375,224.6695556640625,354.13836669921875,219.60153198242188,296.91949462890625,212.12486267089844,245.91099548339844,203.2011260986328,195.77890014648438,0
6515,214.42942810058594,148.42938232421875,493.2191162109375,149.67129516601562,159.04637145996094,427.8393859863281,211.43844604492188,405.0750427246094,185.06434631347656,377.5738525390625,183.9839630126953,404.9486999511719,197.16943359375,389.8973693847656,220.23106384277344,353.54388427734375,219.86923217773438,296.7175598144531,211.55787658691406,246.57754516601562,202.84332275390625,195.42819213867188,0
6516,214.43226623535156,148.4624786376953,493.2175598144531,149.67098999023438,159.0375518798828,427.83831787109375,211.42774963378906,405.0832214355469,185.05413818359375,377.568115234375,183.97410583496094,404.9339294433594,197.17959594726562,389.86834716796875,220.27056884765625,353.5530700683594,219.87686157226562,296.7244873046875,211.54998779296875,246.5737762451172,202.86058044433594,195.44937133789062,0
6517,214.33462524414062,148.46409606933594,493.29315185546875,149.62220764160156,156.89279174804688,426.59674072265625,209.3656463623047,403.8722229003906,183.4154815673828,376.12432861328125,180.77117919921875,400.9732360839844,193.39166259765625,389.2908630371094,219.3992156982422,353.39129638671875,219.6405487060547,297.52392578125,211.0652618408203,247.5373077392578,202.66192626953125,195.68699645996094,0
6518,214.30287170410156,148.3997039794922,493.3304138183594,149.67672729492188,154.8193817138672,425.23681640625,208.46688842773438,403.2732849121094,181.3801727294922,373.3521728515625,178.4156951904297,399.6276550292969,191.29904174804688,387.40802001953125,217.51934814453125,351.893798828125,219.69557189941406,300.8468933105469,210.4087677001953,248.7118682861328,202.61907958984375,195.98622131347656,0
6519,214.25430297851562,148.24339294433594,493.3499755859375,149.5244903564453,157.02301025390625,425.1127014160156,208.15599060058594,401.4377746582031,180.96102905273438,372.4484558105469,179.1793670654297,398.79248046875,191.92654418945312,386.2630310058594,216.94378662109375,351.5901184082031,219.6361083984375,301.151611328125,210.78085327148438,249.06324768066406,202.83258056640625,195.86407470703125,0
6520,214.24685668945312,148.425048828125,493.2815246582031,149.5889892578125,164.17803955078125,425.0148620605469,212.7799530029297,397.30963134765625,183.3378448486328,372.95013427734375,186.10690307617188,397.5342712402344,195.62310791015625,384.9159240722656,216.3698272705078,350.5704345703125,219.38739013671875,302.2557678222656,211.0397491455078,249.34239196777344,202.71090698242188,195.5432586669922,0
6521,214.2620849609375,148.4210968017578,493.2644958496094,149.61451721191406,164.17843627929688,425.0156555175781,212.78050231933594,397.31231689453125,183.34024047851562,372.9521179199219,186.10894775390625,397.5362548828125,195.6283416748047,384.9068603515625,216.3843536376953,350.5458068847656,219.38638305664062,302.2608947753906,211.03257751464844,249.3027801513672,202.6970672607422,195.58120727539062,0
6522,214.170654296875,148.1668701171875,493.2761535644531,149.59242248535156,168.3151092529297,425.0386657714844,216.65496826171875,397.840087890625,184.4909210205078,372.31390380859375,190.4754638671875,395.16656494140625,198.57740783691406,384.8442687988281,216.5731201171875,351.0767517089844,219.25534057617188,302.847412109375,210.94354248046875,249.62820434570312,202.97958374023438,195.63836669921875,0
6523,214.15188598632812,148.25071716308594,493.33544921875,149.52716064453125,175.0559539794922,427.2980041503906,223.09725952148438,398.5309143066406,190.96743774414062,374.0279541015625,195.57012939453125,398.5463562011719,204.37046813964844,384.97479248046875,219.82064819335938,350.383056640625,220.40792846679688,300.3501281738281,213.2337646484375,249.16128540039062,203.11480712890625,195.7132110595703,0
6524,214.1216278076172,148.266845703125,493.1951599121094,149.4752655029297,176.60250854492188,432.2265625,225.15194702148438,399.87744140625,193.36228942871094,375.7882385253906,198.04522705078125,399.7702331542969,208.05259704589844,385.74066162109375,221.1610565185547,347.1124572753906,221.8225555419922,296.0209655761719,215.20529174804688,245.3204345703125,204.4145965576172,195.6068572998047,0
6525,214.23609924316406,148.31930541992188,493.2856140136719,149.56724548339844,190.1806640625,437.1725158691406,231.59405517578125,400.469970703125,200.4743194580078,381.3536682128906,206.79135131835938,403.12164306640625,215.9917449951172,387.72894287109375,225.22662353515625,341.8812561035156,225.74879455566406,286.44732666015625,218.6827392578125,239.1884307861328,205.9259490966797,194.54696655273438,0
6526,214.2609405517578,148.41632080078125,493.1772766113281,149.5637664794922,194.73387145996094,437.3135986328125,235.84312438964844,397.96392822265625,202.80307006835938,382.1977844238281,210.1043243408203,404.0474853515625,217.67828369140625,386.9244079589844,227.94435119628906,341.3230895996094,228.0512237548828,284.1330871582031,220.46035766601562,235.43231201171875,206.4900665283203,194.26686096191406,0
6527,214.18772888183594,148.44969177246094,493.21832275390625,149.59298706054688,194.69810485839844,437.2887878417969,235.84130859375,397.9612121582031,202.7714385986328,382.132080078125,210.08416748046875,403.94061279296875,217.77667236328125,386.5903625488281,227.8646697998047,340.5165100097656,228.11485290527344,283.4317626953125,220.27626037597656,234.83702087402344,206.51312255859375,194.27027893066406,0
6528,214.22674560546875,148.57077026367188,493.4488220214844,149.60690307617188,199.29946899414062,433.67889404296875,238.55215454101562,396.94476318359375,206.0942840576172,381.09002685546875,214.94430541992188,402.20257568359375,221.3638458251953,385.2532958984375,231.11561584472656,339.0863952636719,229.15431213378906,280.4520568847656,221.9248504638672,232.2070770263672,206.54640197753906,192.79061889648438,0
6529,214.43931579589844,148.57749938964844,493.3927307128906,149.55303955078125,204.2734375,425.93414306640625,241.51510620117188,393.7746887207031,210.397705078125,378.0364685058594,219.2689971923828,396.74176025390625,224.584228515625,382.0613098144531,231.55726623535156,335.6999206542969,229.5438995361328,279.0816345214844,222.0715789794922,230.0583038330078,205.38063049316406,190.58387756347656,0
6530,214.5373992919922,148.56640625,493.5067138671875,149.64208984375,206.603271484375,409.241455078125,245.63340759277344,382.7314758300781,215.63340759277344,368.3844909667969,222.45298767089844,385.81304931640625,229.8155517578125,371.767333984375,235.3089599609375,326.9223327636719,238.1745147705078,270.80511474609375,231.1349639892578,220.6288299560547,207.37744140625,186.505859375,0
6531,214.54176330566406,148.59976196289062,493.5126953125,149.6175537109375,206.60769653320312,409.2265930175781,245.74136352539062,382.6489562988281,215.6076202392578,368.39520263671875,222.48728942871094,385.7258605957031,229.8776092529297,371.7324523925781,235.30455017089844,326.9659118652344,238.177490234375,270.80462646484375,231.15489196777344,220.61019897460938,207.38824462890625,186.52371215820312,0
6532,214.3235626220703,148.50881958007812,493.3367004394531,149.6111297607422,200.69419860839844,400.8955993652344,241.206298828125,379.3429870605469,212.0657958984375,362.9959411621094,218.6979522705078,378.64990234375,225.76246643066406,367.3641662597656,234.5603485107422,323.4281311035156,239.9554901123047,269.5233459472656,234.13560485839844,220.0803985595703,208.95245361328125,187.07667541503906,0
6533,214.4774169921875,148.45050048828125,493.49761962890625,149.6372833251953,191.07212829589844,382.225830078125,223.93472290039062,375.4664611816406,197.4351043701172,356.956298828125,203.94723510742188,370.5262145996094,213.144775390625,359.8008728027344,225.90921020507812,319.1095275878906,244.17335510253906,266.4325256347656,240.63525390625,217.3152313232422,215.81253051757812,187.4702911376953,0
6534,214.53419494628906,148.2593231201172,493.55206298828125,149.6210479736328,187.7246856689453,375.60394287109375,215.92123413085938,372.0987548828125,190.32191467285156,352.2207946777344,197.0789031982422,367.0657653808594,205.04037475585938,355.07537841796875,222.05526733398438,315.95806884765625,244.6605987548828,264.1061096191406,245.7301483154297,214.25079345703125,219.6433563232422,187.2475128173828,0
6535,214.36831665039062,148.28045654296875,493.5404357910156,149.6778564453125,177.00738525390625,367.72802734375,209.07870483398438,369.6795959472656,188.8663330078125,347.823486328125,189.72348022460938,361.666259765625,201.80870056152344,352.0760803222656,226.0591278076172,313.2707214355469,245.23904418945312,257.5168762207031,250.3876495361328,209.98992919921875,224.27098083496094,185.42384338378906,0
6536,214.43812561035156,148.32310485839844,493.4624938964844,149.65455627441406,173.43544006347656,369.43365478515625,204.73211669921875,369.919189453125,184.6973114013672,347.7169494628906,187.88119506835938,360.7877502441406,197.86798095703125,352.7743835449219,225.4175262451172,315.42388916015625,246.63426208496094,256.8742980957031,250.58843994140625,209.2000732421875,224.2611846923828,185.37159729003906,0
6537,214.4720001220703,148.2244110107422,493.44964599609375,149.71963500976562,168.60372924804688,377.1352233886719,200.00845336914062,374.3414306640625,180.7954864501953,352.0084228515625,182.2611541748047,366.5494079589844,194.37564086914062,356.4457702636719,224.20106506347656,317.7557678222656,245.53424072265625,258.4439392089844,249.28134155273438,210.9510955810547,224.49986267089844,185.97732543945312,0
6538,214.63418579101562,148.19284057617188,493.44036865234375,149.62049865722656,159.28294372558594,383.04486083984375,193.726806640625,379.3350830078125,175.18899536132812,358.227294921875,174.9993133544922,373.2652893066406,188.1040496826172,363.082763671875,217.79124450683594,323.86395263671875,243.01551818847656,261.9163818359375,245.9246368408203,212.1934356689453,216.1693115234375,186.60183715820312,0
6539,214.2252197265625,148.4789276123047,493.5447692871094,149.60098266601562,138.77442932128906,399.0208435058594,174.54641723632812,394.68511962890625,157.9948272705078,370.8879089355469,156.99205017089844,387.67327880859375,169.98538208007812,378.1919860839844,205.87425231933594,341.3766784667969,238.77745056152344,280.0119323730469,242.16473388671875,226.5376739501953,207.21072387695312,194.10325622558594,0
6540,214.21774291992188,148.4835205078125,493.5568542480469,149.58717346191406,138.7828826904297,399.0199279785156,174.5144805908203,394.7073669433594,157.98777770996094,370.91473388671875,156.9671173095703,387.6905822753906,169.9070281982422,378.23651123046875,205.83270263671875,341.37115478515625,238.7939453125,280.0021667480469,242.17880249023438,226.5472412109375,207.21165466308594,194.1013946533203,0
6541,214.26388549804688,148.26687622070312,493.4886779785156,149.59271240234375,130.24905395507812,410.4974670410156,167.51318359375,401.3955993652344,149.8287811279297,377.4706726074219,148.08853149414062,395.35150146484375,161.23524475097656,384.6858825683594,199.5302276611328,346.9769287109375,237.08663940429688,287.711669921875,247.45748901367188,236.37403869628906,213.44271850585938,197.1553955078125,0
6542,214.0469970703125,148.16285705566406,493.4191589355469,149.68978881835938,116.27820587158203,423.4523010253906,154.423583984375,413.0613098144531,135.7656707763672,390.00531005859375,133.1470947265625,408.2511291503906,147.32225036621094,398.5848693847656,189.5437774658203,358.501953125,235.95912170410156,302.7841796875,256.87725830078125,253.9088592529297,224.37960815429688,202.16128540039062,0
6543,213.92947387695312,148.46116638183594,493.4007873535156,149.74057006835938,107.51353454589844,427.1357116699219,148.6636962890625,415.6534729003906,129.25662231445312,393.6668395996094,127.71021270751953,412.53802490234375,140.13975524902344,401.69110107421875,184.5220947265625,364.2018127441406,234.72109985351562,314.37005615234375,259.768798828125,268.9966125488281,234.39065551757812,214.72296142578125,0
6544,214.0853729248047,148.59091186523438,493.4563293457031,149.6675567626953,90.1469955444336,436.2762145996094,134.34713745117188,428.6994934082031,116.68687438964844,404.87091064453125,111.90398406982422,423.0560607910156,128.27223205566406,414.12884521484375,178.40252685546875,377.1033020019531,230.82244873046875,332.96337890625,264.6781921386719,293.2248229980469,248.36241149902344,235.38885498046875,0
6545,214.0751495361328,148.60665893554688,493.4866943359375,149.64541625976562,90.09325408935547,436.3260192871094,134.3374786376953,428.7147521972656,116.69123077392578,404.85528564453125,111.92034149169922,423.0543212890625,128.24655151367188,414.1297607421875,178.5158233642578,377.0958557128906,230.8126220703125,332.9482727050781,264.67034912109375,293.1894226074219,248.3610382080078,235.38796997070312,0
6546,214.08389282226562,148.70474243164062,493.4669494628906,149.5092010498047,83.21467590332031,436.9894714355469,122.45354461669922,436.8117980957031,111.84425354003906,409.8750915527344,105.62055206298828,426.039306640625,118.73531341552734,422.9677429199219,169.55654907226562,385.65264892578125,226.26007080078125,339.0438232421875,260.8093566894531,304.04119873046875,260.4418640136719,259.88104248046875,0
6547,213.97299194335938,148.49818420410156,493.41387939453125,149.5762939453125,76.2423324584961,438.3753967285156,111.85413360595703,441.7566223144531,103.54740905761719,412.21221923828125,96.6903305053711,429.45623779296875,111.97406005859375,425.875,158.62193298339844,396.2093811035156,208.2805633544922,344.5848388671875,230.27877807617188,317.1246337890625,231.07899475097656,283.9028625488281,0
6548,213.96905517578125,148.5958709716797,493.4932556152344,149.54220581054688,75.71635437011719,441.53717041015625,113.69351959228516,441.8242492675781,104.12812805175781,413.74169921875,96.60343933105469,431.7672119140625,111.7701187133789,426.5538024902344,156.3636016845703,395.6783142089844,200.8518829345703,343.75823974609375,217.47129821777344,305.3664245605469,194.48770141601562,262.82940673828125,0
6549,214.13189697265625,148.51744079589844,493.4321594238281,149.6224365234375,79.71087646484375,434.8954162597656,107.73388671875,440.9902648925781,102.12287902832031,412.6724853515625,95.47594451904297,427.7012939453125,108.47875213623047,424.63092041015625,154.97286987304688,394.0260009765625,196.60317993164062,339.95135498046875,211.0319366455078,295.9674072265625,193.3499755859375,249.6111602783203,0
6550,214.13055419921875,148.50186157226562,493.4482727050781,149.62612915039062,79.7166748046875,434.92706298828125,107.86495208740234,440.91162109375,102.09236145019531,412.71734619140625,95.55323028564453,427.72906494140625,108.61125183105469,426.3034362792969,155.04452514648438,393.99224853515625,196.58847045898438,339.9493408203125,211.03378295898438,295.95245361328125,193.3662567138672,249.6443328857422,0
6551,214.13563537597656,148.5939483642578,493.468505859375,149.652587890625,80.67906951904297,434.0005798339844,107.2613525390625,439.8697814941406,100.91160583496094,413.4796142578125,95.08956909179688,427.46368408203125,107.41753387451172,426.0237121582031,153.75547790527344,393.22845458984375,196.12156677246094,339.4100036621094,213.04669189453125,292.8912658691406,194.44046020507812,235.47398376464844,0
6552,214.1859130859375,148.5904083251953,493.4560241699219,149.7163848876953,81.95184326171875,436.07220458984375,105.7230224609375,439.5574035644531,98.9874496459961,414.477783203125,94.34648132324219,428.2774658203125,106.24248504638672,426.4591979980469,151.71035766601562,393.6523132324219,196.22613525390625,342.3733215332031,216.22532653808594,295.2168884277344,200.3435821533203,242.32798767089844,0
6553,214.25619506835938,148.619384765625,493.4327087402344,149.7767791748047,81.25243377685547,437.3204345703125,106.3561019897461,438.98480224609375,99.72423553466797,413.10986328125,94.19278717041016,428.0050964355469,106.4111328125,425.8425598144531,152.51280212402344,393.4808044433594,196.6180419921875,342.8215026855469,217.70162963867188,296.5028381347656,203.66552734375,239.1129913330078,0
6554,214.39404296875,148.64556884765625,493.36114501953125,149.79251098632812,79.20233917236328,438.9547424316406,107.02084350585938,437.4560241699219,100.13597106933594,411.4809875488281,93.81694030761719,427.8330078125,106.73762512207031,424.8279113769531,152.84030151367188,393.55364990234375,195.97032165527344,344.0755310058594,216.14613342285156,296.94073486328125,199.8705596923828,240.8585662841797,0
6555,214.38845825195312,148.6515350341797,493.3450927734375,149.80255126953125,79.02638244628906,438.95111083984375,107.05705261230469,437.4908447265625,100.12860870361328,411.4631652832031,93.77555847167969,427.86279296875,106.747314453125,424.83367919921875,152.81417846679688,393.5462646484375,195.97640991210938,344.0783996582031,216.15017700195312,296.9505920410156,199.8778076171875,240.8647003173828,0
6556,214.3141326904297,148.72906494140625,493.4059143066406,149.84178161621094,79.88117218017578,435.2430114746094,106.07881927490234,436.92010498046875,99.36054229736328,411.2743225097656,93.39786529541016,426.7774963378906,106.16160583496094,424.07220458984375,152.70205688476562,392.9917297363281,195.1219024658203,343.6946716308594,215.9736785888672,297.2497253417969,199.18902587890625,238.73838806152344,0
6557,214.2034912109375,148.789306640625,493.318115234375,149.95164489746094,79.28866577148438,432.8480529785156,103.76327514648438,439.9776916503906,96.55894470214844,414.0415344238281,92.96149444580078,427.2630920410156,103.95479583740234,425.71661376953125,150.74136352539062,394.4938659667969,195.52609252929688,345.4844970703125,219.53695678710938,308.7131042480469,223.58082580566406,272.173095703125,0
6558,214.24034118652344,148.63601684570312,493.30291748046875,149.8234100341797,79.91792297363281,434.3396911621094,104.73981475830078,440.5562744140625,97.7884292602539,414.2929382324219,94.14600372314453,428.1719970703125,105.17524719238281,426.81048583984375,149.00146484375,396.79461669921875,201.01449584960938,348.7344055175781,229.61448669433594,311.8339538574219,229.80770874023438,262.9118347167969,0
6559,214.193359375,148.57211303710938,493.3771057128906,149.7888946533203,79.80590057373047,436.692626953125,105.06163787841797,441.17401123046875,98.38978576660156,414.4967956542969,94.4590072631836,428.91070556640625,105.30829620361328,426.2059020996094,152.24754333496094,399.65667724609375,206.697998046875,354.56939697265625,247.66311645507812,320.98486328125,254.03787231445312,275.1911926269531,0
6560,214.19386291503906,148.58737182617188,493.32586669921875,149.79818725585938,79.81094360351562,436.6951904296875,105.06460571289062,441.1648864746094,98.37970733642578,414.53765869140625,94.45117950439453,428.9106140136719,105.28406524658203,426.2066650390625,152.32325744628906,399.5684814453125,206.69961547851562,354.570068359375,247.64306640625,321.015380859375,254.0335235595703,275.2012023925781,0
6561,214.232421875,148.69996643066406,493.4165954589844,149.76161193847656,79.52767181396484,437.34930419921875,104.7950439453125,439.5976867675781,98.31828308105469,413.1357421875,94.2335433959961,428.2552185058594,105.31000518798828,426.48443603515625,152.9130096435547,398.49188232421875,206.73411560058594,354.4305725097656,247.02804565429688,315.2759094238281,250.58486938476562,263.19012451171875,0
6562,214.2401885986328,148.5423126220703,493.3796691894531,149.75860595703125,78.98594665527344,437.086181640625,104.69839477539062,437.41473388671875,95.61746978759766,412.557861328125,91.40093994140625,428.7484436035156,103.33120727539062,425.2860107421875,151.3859100341797,399.4127197265625,205.79505920410156,354.09527587890625,242.57232666015625,314.10906982421875,242.4673309326172,259.8890686035156,0
6563,214.15667724609375,148.49900817871094,493.4366760253906,149.79124450683594,81.06452941894531,437.1053161621094,105.1244888305664,437.7975769042969,96.68190002441406,413.8291015625,92.79988861083984,428.5269775390625,104.14643859863281,426.013671875,152.40631103515625,399.12860107421875,206.15438842773438,354.2131652832031,243.8968963623047,314.89471435546875,246.75538635253906,258.6558532714844,0
6564,214.17254638671875,148.66477966308594,493.3728942871094,149.70285034179688,95.61072540283203,438.21112060546875,111.74148559570312,437.53045654296875,97.59098815917969,413.1645202636719,97.78421020507812,431.105712890625,108.0294418334961,426.5853576660156,152.52813720703125,398.99591064453125,206.39013671875,353.52667236328125,245.14048767089844,312.92413330078125,245.10140991210938,254.43710327148438,0
6565,214.17991638183594,148.72128295898438,493.32098388671875,149.66432189941406,94.603515625,436.15399169921875,111.30615234375,438.125244140625,98.75035858154297,414.1378173828125,98.38668060302734,430.624267578125,108.86540985107422,425.31536865234375,153.1265411376953,398.4487609863281,207.1263427734375,352.26324462890625,246.1558074951172,311.42803955078125,245.3063507080078,252.47000122070312,0
6566,214.20486450195312,148.69361877441406,493.2898864746094,149.67312622070312,94.61387634277344,436.20379638671875,111.3087158203125,438.09368896484375,98.75891876220703,414.1372375488281,98.38575744628906,430.63409423828125,108.86077880859375,425.2870178222656,153.03074645996094,398.5003356933594,207.14059448242188,352.26507568359375,246.16607666015625,311.4106140136719,245.30284118652344,252.47573852539062,0
6567,214.1932830810547,148.8922882080078,493.4268798828125,149.69163513183594,96.08108520507812,436.6552734375,112.2485580444336,438.16778564453125,99.20719909667969,414.61175537109375,99.21778106689453,431.4347839355469,109.46109771728516,426.7397155761719,153.70578002929688,397.6823425292969,207.32650756835938,351.9183654785156,245.5308380126953,309.5504455566406,245.56112670898438,251.96075439453125,0
6568,214.26251220703125,148.65994262695312,493.34912109375,149.68772888183594,96.313720703125,436.1078796386719,113.47071838378906,437.3902587890625,99.90654754638672,413.1732177734375,100.64097595214844,430.3290710449219,110.41944885253906,425.7135009765625,153.8867950439453,397.7462158203125,207.7151336669922,351.6812744140625,245.83497619628906,309.3108215332031,245.37069702148438,251.51524353027344,0
6569,214.14727783203125,148.8864288330078,493.2759704589844,149.746826171875,93.55687713623047,442.82196044921875,121.22042846679688,431.30255126953125,105.8486328125,407.2388610839844,102.6791763305664,426.697509765625,115.62305450439453,418.39398193359375,158.1956024169922,390.6565856933594,205.97206115722656,348.02850341796875,245.79452514648438,305.3429870605469,248.55245971679688,248.30032348632812,0
6570,214.14923095703125,148.88841247558594,493.3316345214844,149.76113891601562,93.56166076660156,442.8251953125,121.20349884033203,431.3085632324219,105.85017395019531,407.24200439453125,102.68150329589844,426.6989440917969,115.60884094238281,418.4065856933594,158.19003295898438,390.6828918457031,205.98390197753906,348.0464782714844,245.8097686767578,305.3399963378906,248.55552673339844,248.30563354492188,0
6571,214.1901397705078,148.8509979248047,493.3987121582031,149.8034210205078,90.83375549316406,444.2325439453125,121.77642822265625,430.1774597167969,105.85228729248047,406.2420959472656,102.14500427246094,426.69317626953125,115.39775848388672,417.6156921386719,158.11419677734375,389.8131408691406,206.4017333984375,347.97991943359375,246.09512329101562,304.8456726074219,246.67433166503906,246.91339111328125,0
6572,214.1707763671875,148.75875854492188,493.3826599121094,149.74229431152344,82.19378662109375,444.7473449707031,121.1928482055664,431.9652099609375,105.96992492675781,405.81842041015625,101.61778259277344,427.22930908203125,115.0287094116211,418.260009765625,159.6501922607422,389.7891845703125,206.1796875,348.9468688964844,245.9961700439453,307.0396423339844,248.76763916015625,248.9185791015625,0
6573,214.17086791992188,148.84332275390625,493.3795471191406,149.6350555419922,76.6484375,448.9102783203125,118.65032958984375,434.8365783691406,104.245849609375,407.8359680175781,97.94287872314453,430.76226806640625,111.83366394042969,420.7904968261719,155.99435424804688,391.2998962402344,206.4511260986328,349.978271484375,245.40525817871094,309.2451477050781,249.86480712890625,252.4451904296875,0
6574,214.2119140625,148.84437561035156,493.3826904296875,149.6235809326172,73.19073486328125,451.3562316894531,117.44107055664062,436.6524353027344,101.04869842529297,409.6947021484375,94.93766021728516,432.69189453125,109.27622985839844,423.139404296875,153.47694396972656,393.296142578125,203.96046447753906,350.7098388671875,244.56903076171875,310.3954772949219,249.8764190673828,253.23974609375,0
6575,214.2213592529297,148.86788940429688,493.2315673828125,149.70985412597656,69.01264953613281,453.9476318359375,114.32002258300781,438.78466796875,98.80266571044922,410.8639221191406,91.5007095336914,433.51708984375,106.06147003173828,425.6983337402344,153.02096557617188,394.4815673828125,201.9609375,351.58087158203125,241.35731506347656,311.9378662109375,248.92013549804688,262.2411804199219,0
6576,214.2501220703125,148.825439453125,493.2535095214844,149.70669555664062,61.00664520263672,452.93939208984375,112.2822265625,441.7012634277344,98.07530212402344,412.4396057128906,89.1634750366211,434.9064636230469,105.05643463134766,427.8029479980469,150.1235809326172,394.61029052734375,196.97584533691406,354.7461242675781,240.5210723876953,313.33990478515625,249.00396728515625,260.962646484375,0
6577,214.2574920654297,148.82505798339844,493.2711181640625,149.68568420410156,61.00893783569336,452.94415283203125,112.28321075439453,441.6960144042969,98.07679748535156,412.44122314453125,89.16380310058594,434.9024963378906,105.05960083007812,427.8002014160156,150.16262817382812,394.5874938964844,196.98338317871094,354.7437438964844,240.52310180664062,313.32452392578125,249.00546264648438,260.9526062011719,0
6578,214.24227905273438,148.8480224609375,493.1902770996094,149.69219970703125,62.55227279663086,446.8580017089844,113.07604217529297,440.91522216796875,100.97895812988281,409.2872619628906,92.30229187011719,430.82830810546875,107.04002380371094,425.38916015625,150.16500854492188,394.8858947753906,199.02345275878906,359.9615783691406,245.5,321.08953857421875,261.26318359375,270.72467041015625,0
6579,214.41708374023438,148.6944122314453,493.2481689453125,149.8411407470703,68.77422332763672,442.14935302734375,120.64921569824219,439.85577392578125,109.72418212890625,405.7530822753906,99.06302642822266,428.0202331542969,114.88922882080078,422.3533020019531,157.07244873046875,396.0887756347656,205.1893768310547,362.2361145019531,257.89617919921875,328.9076232910156,287.8680114746094,281.5557556152344,0
6580,214.36700439453125,148.65460205078125,493.2123107910156,149.8269500732422,74.51532745361328,433.6971740722656,124.12934112548828,435.8471984863281,115.33319854736328,402.6761169433594,102.9481430053711,422.8988342285156,120.36084747314453,419.05224609375,160.94924926757812,395.38275146484375,206.5218048095703,363.587158203125,256.4729919433594,334.9179382324219,291.114501953125,297.026611328125,0
6581,214.48239135742188,148.838134765625,493.1791076660156,149.90029907226562,78.99414825439453,409.09912109375,125.62815856933594,431.93408203125,127.6058349609375,394.1182861328125,110.91352081298828,411.3057556152344,127.86722564697266,413.6318359375,167.8635711669922,394.1204528808594,210.0770263671875,364.4265441894531,265.96630859375,335.72991943359375,318.957763671875,301.9173889160156,0
6582,214.515380859375,148.83554077148438,493.18182373046875,149.89402770996094,78.99803161621094,409.0921630859375,125.63787841796875,431.8973388671875,127.5963363647461,394.14605712890625,110.91787719726562,411.2957458496094,127.87262725830078,413.6513671875,167.86309814453125,394.09320068359375,210.0645751953125,364.4289855957031,265.9664001464844,335.7292785644531,318.95672607421875,301.9183654785156,0
6583,214.49293518066406,148.82489013671875,493.2480163574219,149.78024291992188,79.42174530029297,403.5819091796875,123.438720703125,426.50250244140625,128.6744842529297,390.9063415527344,109.55746459960938,408.0870056152344,128.7052459716797,409.6317138671875,168.32737731933594,393.073974609375,212.2759246826172,364.79364013671875,269.4251708984375,336.25860595703125,320.0774841308594,301.1573181152344,0
6584,214.40182495117188,148.81517028808594,493.3581848144531,149.72079467773438,79.09019470214844,395.67559814453125,122.04608154296875,421.1873474121094,127.7662353515625,383.713623046875,109.60663604736328,399.8199768066406,127.23123168945312,402.642822265625,169.9461212158203,392.7432861328125,217.08033752441406,365.5461730957031,274.5936584472656,346.0156555175781,321.69354248046875,310.8245849609375,0
6585,214.41439819335938,148.76055908203125,493.2588195800781,149.7092742919922,79.37804412841797,392.5093078613281,123.5000228881836,419.0926818847656,128.86703491210938,382.5360107421875,111.2239990234375,397.41864013671875,128.31202697753906,401.2200622558594,170.5111541748047,391.2454528808594,217.0083770751953,366.2708740234375,278.03167724609375,347.7214660644531,326.91864013671875,308.97552490234375,0
6586,214.1710662841797,148.66030883789062,493.30096435546875,149.56362915039062,86.54656219482422,385.3935241699219,129.75576782226562,411.567626953125,134.77224731445312,376.9424133300781,117.24442291259766,390.80572509765625,134.8852081298828,394.8895263671875,172.75265502929688,389.4960021972656,215.61102294921875,368.87957763671875,279.7041015625,356.4206848144531,326.80157470703125,318.9329833984375,0
6587,214.1712188720703,148.65562438964844,493.2770690917969,149.590576171875,86.53608703613281,385.4016418457031,129.67181396484375,411.5738220214844,134.65509033203125,377.1474304199219,116.2294692993164,392.3999938964844,134.7313995361328,394.9967956542969,172.63697814941406,389.4841613769531,215.61810302734375,368.9018249511719,279.6504211425781,356.44384765625,326.8031921386719,318.93267822265625,0
6588,214.2232208251953,148.70814514160156,493.2364807128906,149.56329345703125,87.2470703125,383.53778076171875,129.5835418701172,410.5732727050781,136.42691040039062,374.3425598144531,118.03794860839844,389.3197021484375,135.99948120117188,393.6822509765625,173.92372131347656,389.3347473144531,216.01756286621094,369.260498046875,281.34063720703125,356.5729675292969,328.70892333984375,317.3529968261719,0
6589,214.19256591796875,148.70025634765625,493.1100158691406,149.5066375732422,85.76641082763672,383.93310546875,128.25314331054688,410.47314453125,135.82955932617188,374.63653564453125,116.65992736816406,390.8731689453125,134.5394744873047,393.3094787597656,172.64122009277344,389.1366882324219,215.95204162597656,368.9842834472656,280.9769592285156,356.3724670410156,329.02374267578125,317.6446228027344,0
6590,214.224365234375,148.590576171875,493.13726806640625,149.5033416748047,87.3684310913086,382.5075378417969,127.91885375976562,411.7431640625,136.351806640625,376.38140869140625,116.67735290527344,391.5299072265625,134.26251220703125,394.8023376464844,171.46963500976562,389.47662353515625,215.16598510742188,369.1867980957031,280.47650146484375,356.39208984375,328.98162841796875,318.33074951171875,0
6591,214.2184600830078,148.69793701171875,493.11474609375,149.59124755859375,93.31424713134766,369.3528137207031,119.11286926269531,412.99688720703125,140.1658935546875,380.68182373046875,117.12120056152344,388.7796630859375,133.62326049804688,400.5282287597656,169.99496459960938,394.88897705078125,212.2505340576172,370.0733337402344,278.96917724609375,357.38262939453125,326.6430969238281,321.27044677734375,0
6592,214.20826721191406,148.75367736816406,493.1448669433594,149.58717346191406,93.31682586669922,369.33770751953125,119.1492691040039,412.9666748046875,140.16024780273438,380.6628112792969,117.11862182617188,388.7746276855469,133.61264038085938,400.5245056152344,169.9962158203125,394.9090576171875,212.25897216796875,370.06890869140625,278.9708557128906,357.3736877441406,326.6456298828125,321.27001953125,0
6593,214.22894287109375,148.7857208251953,493.2315673828125,149.57467651367188,94.72073364257812,364.436767578125,117.35674285888672,410.7458801269531,140.97158813476562,379.46185302734375,116.89456939697266,387.5838623046875,133.218505859375,399.3370056152344,168.89642333984375,397.1974792480469,210.4260711669922,370.8969421386719,274.887451171875,363.4241943359375,324.640869140625,331.50372314453125,0
6594,214.09144592285156,148.79122924804688,493.24566650390625,149.6625518798828,92.57959747314453,361.281982421875,115.46586608886719,408.0670471191406,139.52426147460938,375.1909484863281,116.51167297363281,382.93963623046875,131.3477020263672,395.44580078125,167.59463500976562,397.63226318359375,209.81593322753906,371.87225341796875,275.56353759765625,362.1260070800781,328.0998229980469,333.68475341796875,0
6595,214.09864807128906,148.7269744873047,493.1800231933594,149.66612243652344,90.85376739501953,359.7875671386719,115.04176330566406,406.5509338378906,137.50115966796875,372.5263366699219,114.47142028808594,380.5123291015625,128.86856079101562,393.9375,166.7647247314453,394.9794616699219,209.81602478027344,372.2663269042969,275.7811584472656,362.0337219238281,328.7476806640625,332.5352783203125,0
6596,214.01947021484375,148.88087463378906,493.3302307128906,149.6985626220703,90.30728149414062,358.87213134765625,115.3665542602539,403.4193115234375,136.56851196289062,369.0908203125,113.97504425048828,377.5787048339844,128.67819213867188,389.3502502441406,167.11558532714844,394.19970703125,211.1997833251953,374.8946533203125,276.67828369140625,365.4720764160156,328.90350341796875,333.69830322265625,0
6597,214.01931762695312,148.88133239746094,493.2502136230469,149.696533203125,90.3166275024414,358.8518981933594,115.36560821533203,403.4209899902344,136.5691375732422,369.0746765136719,113.9869155883789,377.5768127441406,128.68064880371094,389.33148193359375,167.1333465576172,394.2477722167969,211.2423553466797,374.90545654296875,276.6433410644531,365.47857666015625,328.8729248046875,333.72528076171875,0
6598,214.02488708496094,148.71685791015625,493.21197509765625,149.67333984375,92.46574401855469,358.0462341308594,118.18923950195312,404.35333251953125,140.34156799316406,368.1930847167969,116.63426208496094,377.09686279296875,131.41424560546875,389.3985290527344,166.83407592773438,393.0115966796875,211.0631561279297,374.7999267578125,276.05804443359375,364.2357482910156,328.2983703613281,333.53302001953125,0
6599,214.1588592529297,148.59292602539062,493.2216796875,149.57217407226562,95.83110046386719,356.3846740722656,121.75181579589844,401.4354248046875,144.35330200195312,367.1564025878906,119.85327911376953,375.78076171875,134.41680908203125,386.5382995605469,167.65611267089844,391.2193298339844,209.42031860351562,375.95562744140625,273.9142150878906,364.0952453613281,327.9613037109375,335.72119140625,0
6600,214.0875701904297,148.59786987304688,493.10601806640625,149.564697265625,98.19231414794922,355.052978515625,123.42591094970703,400.0143737792969,146.2046661376953,367.2084045410156,121.25812530517578,374.4760437011719,135.46885681152344,385.2377014160156,168.39706420898438,390.15582275390625,209.38258361816406,376.03173828125,274.19354248046875,363.92010498046875,328.2816467285156,335.8224792480469,0
6601,214.07891845703125,148.9062042236328,493.2087097167969,149.5701141357422,97.39183807373047,350.9783020019531,123.14923095703125,394.66497802734375,146.21058654785156,364.64300537109375,121.75164794921875,371.2171325683594,137.2799530029297,383.7578430175781,168.44627380371094,389.59454345703125,209.33389282226562,376.31402587890625,274.3219909667969,363.82861328125,328.299072265625,335.5904846191406,0
6602,214.13192749023438,148.89378356933594,493.1815185546875,149.57843017578125,97.40540313720703,350.9537353515625,123.14790344238281,394.66705322265625,146.21531677246094,364.6432800292969,121.75128173828125,371.2182312011719,137.28353881835938,383.7605895996094,168.44500732421875,389.5981750488281,209.32237243652344,376.3189392089844,274.3185119628906,363.87689208984375,328.3141174316406,335.59869384765625,0
6603,214.18763732910156,148.66946411132812,493.17919921875,149.6002197265625,99.49982452392578,352.08489990234375,123.78076171875,396.11639404296875,146.46939086914062,365.653076171875,122.1658935546875,372.22052001953125,137.69451904296875,384.6373596191406,168.66651916503906,390.3131103515625,209.552490234375,376.4028625488281,274.6118469238281,363.803955078125,328.2640686035156,335.93743896484375,0
6604,214.213134765625,148.7129669189453,493.2027282714844,149.66390991210938,104.06267547607422,356.19769287109375,125.27245330810547,400.9879455566406,150.51954650878906,367.05511474609375,124.95143127441406,375.488525390625,138.50985717773438,386.31597900390625,169.58522033691406,391.5685729980469,209.9575653076172,376.9601135253906,274.7017517089844,363.9303283691406,328.550048828125,336.12738037109375,0
6605,214.07757568359375,148.67849731445312,493.1184387207031,149.6190185546875,102.96224975585938,356.80438232421875,126.22412872314453,401.12744140625,151.78790283203125,366.9840393066406,125.30519104003906,377.2687683105469,139.7835235595703,386.3296203613281,170.2789764404297,392.17138671875,210.43963623046875,377.23968505859375,275.1133117675781,363.953369140625,327.3472900390625,335.87042236328125,0
6606,214.0841522216797,148.69090270996094,493.184326171875,149.5901641845703,103.94408416748047,356.69921875,126.87892150878906,400.6680603027344,152.52171325683594,366.4561767578125,125.7684326171875,376.9501647949219,140.3670196533203,385.9762878417969,170.5890655517578,391.9329528808594,210.64407348632812,377.3623352050781,275.6203308105469,363.79339599609375,327.25677490234375,335.7498474121094,0
6607,214.17762756347656,148.81243896484375,493.2292175292969,149.62286376953125,102.5045394897461,356.07275390625,126.8817367553711,400.58807373046875,151.72706604003906,366.35076904296875,125.39849853515625,376.640625,140.15147399902344,385.88922119140625,170.81065368652344,392.0103454589844,210.779296875,377.187255859375,275.7147216796875,363.75787353515625,327.7297668457031,335.69140625,0
6608,213.9876251220703,148.90745544433594,493.22509765625,149.70071411132812,101.4027328491211,355.228271484375,126.46761322021484,400.6908264160156,151.01194763183594,366.4425048828125,124.70008087158203,376.5266418457031,139.8437042236328,385.86102294921875,170.52923583984375,391.82305908203125,210.70616149902344,377.2608337402344,276.02960205078125,363.5404052734375,329.58917236328125,334.6394958496094,0
6609,214.15130615234375,148.7447967529297,493.25128173828125,149.66860961914062,101.52332305908203,354.9595947265625,126.06293487548828,401.4796142578125,150.8201904296875,367.0557556152344,125.44303131103516,375.27081298828125,139.52044677734375,386.5386657714844,170.4173126220703,392.4696044921875,210.8767547607422,377.3545837402344,275.7466735839844,363.6217346191406,327.7555847167969,335.84063720703125,0
6610,214.07595825195312,148.6041259765625,493.2433776855469,149.66404724121094,100.62651062011719,355.76031494140625,124.36022186279297,402.2510986328125,149.57388305664062,368.20184326171875,123.65415954589844,375.6430358886719,137.94598388671875,387.5488586425781,169.9121856689453,392.9947814941406,210.92869567871094,377.3664855957031,276.32464599609375,363.54071044921875,329.847900390625,334.6689758300781,0
6611,214.07369995117188,148.60443115234375,493.2437744140625,149.6533203125,100.63874053955078,355.7779541015625,124.344482421875,402.27386474609375,149.56089782714844,368.126220703125,123.6485366821289,375.5225830078125,137.95372009277344,387.54949951171875,169.98934936523438,393.15057373046875,210.93600463867188,377.3914794921875,276.30657958984375,363.5442199707031,329.8448486328125,334.6693115234375,0
6612,214.10240173339844,148.6850128173828,493.1535949707031,149.7363739013672,98.93460845947266,356.13262939453125,123.39120483398438,402.2318420410156,147.8396759033203,368.61065673828125,122.8609619140625,375.5896911621094,136.6685791015625,387.6787414550781,170.15260314941406,393.0373229980469,210.8011474609375,377.58941650390625,276.11260986328125,363.48382568359375,328.3402404785156,335.4804992675781,0
6613,214.1573486328125,148.7975311279297,493.1155090332031,149.7230682373047,94.99330139160156,355.9896545410156,120.796142578125,402.2734680175781,145.83277893066406,368.3119812011719,120.17205047607422,375.7350769042969,135.02105712890625,387.8340759277344,169.06520080566406,393.66876220703125,210.91148376464844,377.7455139160156,275.8319396972656,363.65185546875,330.107421875,334.6622619628906,0
6614,214.2127227783203,148.80496215820312,493.08551025390625,149.62486267089844,93.31825256347656,356.7983703613281,119.4585189819336,403.0448303222656,144.359619140625,368.195068359375,119.04574584960938,376.4607238769531,133.87515258789062,388.6797180175781,168.40084838867188,393.3799133300781,211.16908264160156,377.76019287109375,276.2203369140625,363.3444519042969,328.40185546875,335.5320129394531,0
6615,214.2772979736328,148.78125,493.0892028808594,149.51571655273438,92.81096649169922,357.61590576171875,118.68978118896484,403.84429931640625,143.01344299316406,368.1700439453125,119.5662841796875,376.172119140625,132.8002471923828,389.0116271972656,167.51028442382812,393.49700927734375,210.76670837402344,377.96795654296875,276.1258850097656,363.3127746582031,329.7174377441406,334.6557922363281,0
6616,214.2409210205078,148.72079467773438,492.9873962402344,149.59873962402344,91.72850036621094,358.9608459472656,117.81226348876953,405.0088806152344,141.40582275390625,369.109619140625,118.27095031738281,377.2242126464844,131.39617919921875,390.1529235839844,166.67800903320312,393.51263427734375,210.65101623535156,378.2530517578125,276.58099365234375,363.1833801269531,330.1686096191406,334.127197265625,0
6617,214.2781524658203,148.7513885498047,492.9906005859375,149.59786987304688,91.71936798095703,358.9772644042969,117.82511138916016,405.0115966796875,141.40185546875,369.1032409667969,118.27200317382812,377.2332763671875,131.41773986816406,390.14697265625,166.70907592773438,393.5820007324219,210.6166229248047,378.25103759765625,276.53607177734375,363.19512939453125,330.1988525390625,334.11749267578125,0
6618,214.30088806152344,148.78424072265625,493.02301025390625,149.59817504882812,91.1602783203125,360.9683837890625,117.78477478027344,405.6514892578125,140.52308654785156,369.052978515625,117.88420104980469,377.8531494140625,131.13916015625,390.1863098144531,166.44131469726562,393.4668273925781,210.80441284179688,378.2284851074219,276.3554382324219,363.2725524902344,330.00250244140625,334.5738525390625,0
6619,214.3385467529297,148.84686279296875,493.0983581542969,149.72866821289062,90.2269058227539,361.6064758300781,117.12295532226562,406.07696533203125,139.8663787841797,369.0771484375,116.55410766601562,379.4988098144531,130.89190673828125,390.35955810546875,166.7272491455078,393.7408447265625,210.4677276611328,378.30712890625,276.56451416015625,363.11920166015625,330.26312255859375,334.230224609375,0
6620,214.3861541748047,148.6328887939453,493.0895080566406,149.77664184570312,90.44786834716797,361.225341796875,117.20055389404297,406.1765441894531,139.754638671875,369.0775451660156,116.51626586914062,379.49853515625,130.7815399169922,390.3033447265625,166.65670776367188,393.905029296875,210.79554748535156,378.399169921875,276.3233337402344,363.19329833984375,330.5146179199219,334.24169921875,0
6621,214.36317443847656,148.61923217773438,493.1233215332031,149.7967529296875,90.439453125,361.21002197265625,117.29978942871094,406.0421447753906,139.73468017578125,368.9784240722656,116.50636291503906,379.31585693359375,130.80628967285156,390.126953125,166.7178497314453,393.9814758300781,210.80667114257812,378.3519592285156,276.3141174316406,363.18792724609375,330.5143737792969,334.24072265625,0
6622,214.31529235839844,148.6074981689453,493.09033203125,149.7643280029297,90.66868591308594,361.60296630859375,117.44290924072266,405.85943603515625,140.2974395751953,369.03082275390625,116.80632781982422,379.31005859375,131.189453125,390.16619873046875,166.98992919921875,394.0227355957031,210.15504455566406,378.4454040527344,276.0954284667969,363.26824951171875,330.33905029296875,334.3695068359375,0
6623,214.22862243652344,148.59866333007812,493.1137390136719,149.7541961669922,90.555908203125,360.7964172363281,117.9708251953125,405.4459533691406,140.57106018066406,369.25994873046875,116.70818328857422,379.11004638671875,131.4010772705078,390.0767822265625,167.05177307128906,393.8643493652344,210.1058807373047,378.4293212890625,275.54827880859375,363.3482971191406,330.4486999511719,334.316162109375,0
6624,214.292236328125,148.66445922851562,493.02191162109375,149.8258819580078,90.63291931152344,360.7809143066406,118.01847076416016,405.375244140625,140.51080322265625,369.09576416015625,116.7839584350586,379.2723693847656,131.48562622070312,390.0276184082031,166.8921661376953,393.7066345214844,210.02096557617188,378.28326416015625,276.24224853515625,363.12677001953125,331.0456848144531,333.71234130859375,0
6625,214.2320098876953,148.65049743652344,493.1510925292969,149.80267333984375,90.1729507446289,361.4953918457031,117.771240234375,405.7906494140625,140.255615234375,369.0777893066406,116.66041564941406,379.5214538574219,131.18397521972656,390.279296875,167.17825317382812,394.6877746582031,210.38681030273438,378.26165771484375,276.0875244140625,363.379638671875,330.5906982421875,334.27923583984375,0
6626,214.22451782226562,148.63836669921875,493.14007568359375,149.7929229736328,90.17462158203125,361.4970397949219,117.78971099853516,405.78021240234375,140.2643280029297,369.0857238769531,116.66062927246094,379.52301025390625,131.18768310546875,390.2972106933594,167.22251892089844,394.64544677734375,210.37911987304688,378.2581787109375,276.0587463378906,363.3854675292969,330.6610107421875,334.19232177734375,0
6627,214.2174530029297,148.7924041748047,493.0325012207031,149.78836059570312,90.01333618164062,361.30877685546875,117.37711334228516,405.8479919433594,139.78819274902344,369.3575439453125,116.3988265991211,379.61248779296875,130.95799255371094,390.5791015625,166.6439971923828,393.5762939453125,210.11221313476562,378.32012939453125,276.03173828125,363.38116455078125,330.3743896484375,334.24383544921875,0
6628,214.1644744873047,148.71107482910156,493.03070068359375,149.8151092529297,90.14976501464844,360.6027526855469,117.052734375,405.7206115722656,139.5367889404297,369.24334716796875,116.09615325927734,379.3817138671875,130.58213806152344,390.27557373046875,167.09507751464844,394.44158935546875,210.62899780273438,378.2611083984375,276.10504150390625,363.32391357421875,330.69622802734375,334.13470458984375,0
6629,214.29881286621094,148.73814392089844,493.0923767089844,149.7803497314453,91.25466918945312,362.2198486328125,118.07158660888672,405.7687072753906,140.4679718017578,370.0582580566406,118.60120391845703,378.92706298828125,132.18356323242188,391.00164794921875,167.63507080078125,393.099853515625,211.9130096435547,378.7226257324219,277.4143371582031,363.47686767578125,330.9670715332031,333.7735900878906,0
6630,214.08702087402344,148.77857971191406,493.6293640136719,149.61900329589844,92.45003509521484,372.6542053222656,126.79362487792969,407.9884948730469,139.8535919189453,371.1692199707031,122.59709167480469,383.97119140625,137.41946411132812,391.5155029296875,174.9062957763672,391.9621887207031,218.26412963867188,378.9108581542969,283.3606872558594,368.7391357421875,333.18511962890625,333.7583923339844,0
6631,214.08685302734375,148.77845764160156,493.60760498046875,149.63031005859375,92.45191955566406,372.6580505371094,126.7921142578125,407.989013671875,139.85861206054688,371.16650390625,122.59931182861328,383.9722900390625,137.42501831054688,391.51531982421875,174.93101501464844,391.9385986328125,218.26258850097656,378.9090576171875,283.35382080078125,368.7406311035156,333.1914367675781,333.75323486328125,0
6632,214.1344451904297,148.78121948242188,493.5093078613281,149.5589599609375,94.97346496582031,378.71923828125,132.09878540039062,409.5944519042969,140.33445739746094,374.07464599609375,123.7893295288086,387.5936584472656,139.70462036132812,391.8322448730469,178.07972717285156,391.27191162109375,221.14772033691406,378.474609375,287.1271057128906,368.86041259765625,334.46038818359375,333.6208801269531,0
6633,214.05995178222656,148.85336303710938,493.53466796875,149.58839416503906,101.50975036621094,381.1847229003906,132.33445739746094,410.3016052246094,138.25904846191406,376.48675537109375,124.78376007080078,389.0289306640625,138.5462188720703,392.9949951171875,178.37498474121094,391.203369140625,222.43202209472656,379.1324462890625,290.02410888671875,369.3622741699219,336.339111328125,330.62664794921875,0
6634,214.111572265625,148.889404296875,493.5385437011719,149.59063720703125,103.0633316040039,377.06121826171875,128.21096801757812,408.2152099609375,136.5755615234375,375.57672119140625,122.93083953857422,386.7533874511719,136.1774139404297,391.2151184082031,177.68331909179688,391.072021484375,223.25450134277344,378.89178466796875,290.8391418457031,369.35443115234375,336.67791748046875,330.69171142578125,0
6635,214.3558349609375,148.8694610595703,493.47589111328125,149.57980346679688,103.62507629394531,375.4434814453125,123.07958221435547,405.24517822265625,131.4114532470703,373.00860595703125,118.38282775878906,383.746826171875,131.57017517089844,388.1132507324219,175.61700439453125,390.6217956542969,223.791748046875,378.950927734375,291.5823669433594,369.0220031738281,337.5989685058594,329.1335144042969,0
6636,214.39126586914062,148.88511657714844,493.4726867675781,149.57235717773438,103.62984466552734,375.4399108886719,123.08396911621094,405.2489929199219,131.42608642578125,373.0147399902344,118.39080810546875,383.7564392089844,131.57118225097656,388.1347961425781,173.81790161132812,389.816650390625,223.78321838378906,378.9451904296875,291.46112060546875,369.09844970703125,337.4771728515625,329.62762451171875,0
6637,214.36666870117188,148.8883056640625,493.316162109375,149.57896423339844,102.58326721191406,373.7158203125,119.6639633178711,402.0966796875,126.0892105102539,370.5268249511719,116.03304290771484,382.9888000488281,128.26980590820312,385.62548828125,172.42054748535156,388.041015625,224.68521118164062,379.4733581542969,291.5279541015625,369.08526611328125,337.3274841308594,329.91607666015625,0
6638,214.29595947265625,148.71006774902344,493.31988525390625,149.70606994628906,98.16858673095703,370.69140625,112.87516021728516,396.942138671875,119.57090759277344,367.1761474609375,109.25443267822266,379.3536682128906,121.02729034423828,383.5496826171875,167.43186950683594,385.7300720214844,225.57901000976562,380.5981140136719,292.77044677734375,369.5999755859375,337.7864074707031,330.5909423828125,0
6639,214.15133666992188,148.79672241210938,493.3053283691406,149.70240783691406,90.03610229492188,370.6837463378906,109.94914245605469,398.41192626953125,117.42353820800781,367.07513427734375,107.52668762207031,378.05584716796875,119.45509338378906,383.5120544433594,166.93031311035156,386.243896484375,224.5501251220703,380.6251525878906,292.32769775390625,369.8246765136719,338.0292053222656,330.4872131347656,0
6640,214.32412719726562,148.83084106445312,493.3285827636719,149.59210205078125,91.3707504272461,370.0653381347656,108.63951110839844,399.4529724121094,115.78966522216797,367.6854248046875,106.14938354492188,378.83660888671875,117.59857177734375,384.32220458984375,165.5982666015625,386.5966491699219,223.20208740234375,380.9554748535156,291.6235656738281,369.465576171875,338.4657897949219,330.0389709472656,0
6641,214.32777404785156,148.8353729248047,493.2813720703125,149.63046264648438,91.37064361572266,370.06488037109375,108.6408462524414,399.4519348144531,115.79288482666016,367.6827392578125,106.1522216796875,378.83416748046875,117.6032485961914,384.3222961425781,165.6199493408203,386.601806640625,223.18687438964844,380.96429443359375,291.5065612792969,369.49383544921875,338.45489501953125,330.0413513183594,0
6642,214.2909393310547,148.66281127929688,493.3248596191406,149.6485595703125,100.14032745361328,365.8841247558594,108.95012664794922,399.0811462402344,116.62338256835938,366.6524963378906,106.78781127929688,377.6985168457031,117.40906524658203,384.41693115234375,165.27203369140625,387.6422119140625,223.0951690673828,380.9510192871094,290.7478332519531,369.5021057128906,337.0846252441406,330.3271179199219,0
6643,214.15383911132812,148.74600219726562,493.252197265625,149.68051147460938,108.33021545410156,372.7505187988281,112.8237533569336,401.32421875,119.64068603515625,368.46044921875,109.91156768798828,382.5498046875,119.79183959960938,385.9868469238281,167.3824920654297,386.84979248046875,224.89283752441406,380.77935791015625,292.1540222167969,368.81732177734375,338.55780029296875,328.9989318847656,0
6644,214.07008361816406,148.8274383544922,493.3402099609375,149.71377563476562,110.82340240478516,374.6417236328125,115.05200958251953,403.2500915527344,122.4196548461914,368.4593811035156,113.14028930664062,384.4200439453125,123.30459594726562,387.4773864746094,168.89956665039062,385.7084655761719,227.1065673828125,379.2088928222656,294.5159912109375,368.3818359375,341.0108337402344,328.65838623046875,0
6645,214.12478637695312,148.79794311523438,493.3742370605469,149.56898498535156,110.2066879272461,376.4599914550781,117.27655029296875,403.564697265625,121.7551040649414,369.6866760253906,112.84345245361328,383.7055969238281,124.18244171142578,387.68328857421875,170.2173614501953,385.6778564453125,227.6612548828125,378.8453369140625,293.9522705078125,368.5159912109375,338.7011413574219,330.5269470214844,0
6646,214.16473388671875,148.7955322265625,493.37945556640625,149.57232666015625,110.22767639160156,376.45849609375,117.3136215209961,403.54962158203125,121.75230407714844,369.671630859375,112.8577651977539,383.699462890625,124.20608520507812,387.6482238769531,170.22665405273438,385.6497497558594,227.66717529296875,378.8409423828125,293.9656066894531,368.5002746582031,338.7032470703125,330.5165710449219,0
6647,214.30499267578125,148.8171844482422,493.358642578125,149.55467224121094,107.01393127441406,380.3538513183594,117.5270004272461,405.5947265625,120.34908294677734,371.9041442871094,111.81294250488281,385.32666015625,123.4527816772461,389.0528259277344,169.4935760498047,384.6690979003906,227.4424591064453,378.89520263671875,294.0285949707031,368.5592346191406,338.7148132324219,330.2548522949219,0
6648,214.2957763671875,148.72230529785156,493.3016357421875,149.697021484375,97.08629608154297,386.1434631347656,115.09822845458984,409.2528381347656,113.61161041259766,378.6777038574219,106.40814208984375,391.2411193847656,118.4352798461914,393.6706848144531,167.75582885742188,385.9428405761719,226.0205841064453,378.0884094238281,292.36773681640625,368.0286865234375,338.11688232421875,331.04364013671875,0
6649,214.13131713867188,148.654541015625,493.3836669921875,149.5169219970703,90.10334777832031,385.83673095703125,112.13993072509766,409.3817138671875,111.86958312988281,379.2152404785156,103.60356140136719,390.7177734375,116.96849822998047,393.53424072265625,166.17359924316406,386.84130859375,224.9745330810547,378.1719665527344,292.1731872558594,366.8775939941406,338.6358947753906,330.55804443359375,0
6650,214.0139617919922,148.73089599609375,493.40203857421875,149.55947875976562,82.4770736694336,384.5688781738281,106.01034545898438,408.07666015625,107.8119125366211,377.67889404296875,98.56687927246094,388.65802001953125,112.4444808959961,391.3272399902344,161.8224334716797,387.67449951171875,221.37557983398438,380.4687194824219,289.549072265625,372.4867858886719,336.5784606933594,333.45660400390625,0
6651,214.01577758789062,148.73289489746094,493.39617919921875,149.5320587158203,82.47589874267578,384.5730285644531,106.00714111328125,408.078857421875,107.82250213623047,377.7034912109375,98.57022094726562,388.666259765625,112.45609283447266,391.3412780761719,161.8332061767578,387.6703796386719,221.38052368164062,380.47296142578125,289.5455017089844,372.48443603515625,336.5741271972656,333.4593811035156,0
6652,213.9692840576172,148.7914276123047,493.36029052734375,149.47999572753906,80.10845947265625,385.798095703125,106.48060607910156,407.1324768066406,107.60567474365234,377.1722717285156,97.93402099609375,388.1081237792969,112.46737670898438,389.9951171875,161.0127716064453,387.2408142089844,219.6358184814453,380.7151184082031,287.2611999511719,374.0681457519531,333.76123046875,337.07769775390625,0
6653,214.17445373535156,148.75112915039062,493.3815002441406,149.50460815429688,81.97857666015625,389.9407958984375,105.60360717773438,408.3661804199219,104.68840026855469,377.64703369140625,96.71836853027344,389.76806640625,110.35816192626953,391.12939453125,160.09193420410156,385.5404052734375,219.7853546142578,379.14935302734375,286.5649108886719,370.456787109375,334.63922119140625,333.64617919921875,0
6654,214.14874267578125,148.72972106933594,493.3746643066406,149.65505981445312,80.47338104248047,389.91009521484375,104.82318115234375,409.40582275390625,103.95982360839844,380.20233154296875,94.7858657836914,391.568359375,107.35663604736328,393.16229248046875,158.86643981933594,385.6195373535156,218.6221160888672,378.591064453125,285.65673828125,369.9817810058594,335.38140869140625,330.46441650390625,0
6655,214.16539001464844,148.76332092285156,493.39471435546875,149.56199645996094,81.94111633300781,383.3964538574219,104.58671569824219,409.40264892578125,103.70748901367188,379.3379211425781,95.37528991699219,389.4751892089844,107.70976257324219,392.85693359375,155.68544006347656,383.8241882324219,217.8433837890625,377.049560546875,283.0017395019531,367.5610656738281,329.0697326660156,331.1096496582031,0
6656,214.16787719726562,148.76577758789062,493.37109375,149.53445434570312,82.06548309326172,383.3485412597656,104.5970687866211,409.4121398925781,103.70917510986328,379.2972412109375,95.42411041259766,389.4760437011719,107.7430419921875,392.84991455078125,155.60293579101562,383.8527526855469,217.79627990722656,377.02984619140625,283.0022888183594,367.56402587890625,329.0690612792969,331.1089782714844,0
6657,214.26051330566406,148.66102600097656,493.31610107421875,149.55149841308594,81.78803253173828,380.5152893066406,101.80525970458984,407.3596496582031,102.97891998291016,377.6064453125,94.1493148803711,387.06610107421875,107.0902099609375,390.97283935546875,154.83863830566406,383.84478759765625,217.2558135986328,376.2508850097656,283.134033203125,367.3226623535156,330.16363525390625,329.27044677734375,0
6658,214.1942901611328,148.68373107910156,493.3521728515625,149.66661071777344,81.9605484008789,382.32421875,102.21630859375,406.38787841796875,103.35314178466797,376.8924560546875,94.0460205078125,386.7867736816406,107.21928405761719,389.77972412109375,155.16648864746094,382.1994934082031,217.49708557128906,375.9063415527344,283.58734130859375,366.919677734375,331.90753173828125,327.8387451171875,0
6659,214.2037811279297,148.572021484375,493.3269348144531,149.62033081054688,81.03591918945312,380.7068176269531,101.46726989746094,405.743408203125,104.09961700439453,376.74945068359375,94.52631378173828,384.910400390625,106.73978424072266,389.528564453125,154.59060668945312,382.1590576171875,217.4113006591797,375.26123046875,283.2471008300781,369.08355712890625,331.5231018066406,332.1565856933594,0
6660,214.2474365234375,148.60580444335938,493.3163757324219,149.58900451660156,81.74774932861328,383.412841796875,103.62635040283203,405.8556213378906,102.43214416503906,376.7630310058594,94.32823944091797,386.90948486328125,107.9970474243164,389.16729736328125,155.84188842773438,381.4832763671875,218.62759399414062,375.0143737792969,284.8414306640625,369.5485534667969,334.15093994140625,333.18023681640625,0
6661,214.25592041015625,148.53594970703125,493.30828857421875,149.70925903320312,83.99696350097656,389.47454833984375,103.80769348144531,408.22601318359375,100.31311798095703,379.768798828125,94.39244079589844,390.11614990234375,105.3251953125,391.5822448730469,153.89479064941406,379.9752197265625,218.00344848632812,375.55322265625,285.3469543457031,373.6999206542969,333.0478515625,339.2203063964844,0
6662,214.36605834960938,148.64788818359375,493.33941650390625,149.68894958496094,79.8820571899414,391.26300048828125,103.75005340576172,410.18560791015625,97.68443298339844,381.4162292480469,92.08589935302734,392.26190185546875,103.93092346191406,393.15643310546875,152.41990661621094,380.6513366699219,216.63473510742188,375.6985778808594,284.4433898925781,377.2596130371094,332.8789367675781,344.6808166503906,0
6663,214.28485107421875,148.57839965820312,493.40667724609375,149.6766815185547,79.95598602294922,396.1040344238281,106.47367858886719,413.307373046875,97.95309448242188,384.85205078125,94.44193267822266,395.3901062011719,103.47240447998047,394.61688232421875,151.95538330078125,379.03021240234375,215.0184783935547,377.40570068359375,281.00152587890625,387.2542419433594,332.1574401855469,359.0626220703125,0
6664,214.48182678222656,148.56605529785156,493.45526123046875,149.58509826660156,80.50434112548828,397.4398498535156,106.92394256591797,414.8544921875,94.27958679199219,386.50091552734375,92.65203857421875,397.2309265136719,102.0266342163086,396.0755920410156,149.33900451660156,377.45751953125,213.22372436523438,374.3404846191406,280.0126647949219,389.23504638671875,331.2520446777344,371.38909912109375,0
6665,214.40440368652344,148.7137451171875,493.31219482421875,149.7013397216797,83.01625061035156,398.7438659667969,106.15779876708984,413.4095458984375,94.12846374511719,385.7751770019531,92.83722686767578,396.01593017578125,101.15864562988281,395.6044921875,148.1620635986328,376.8999938964844,213.1704559326172,373.8168640136719,279.76556396484375,387.1022644042969,330.9441833496094,369.68438720703125,0
6666,214.390869140625,148.71595764160156,493.310302734375,149.7303009033203,83.10308074951172,398.8446960449219,106.26626586914062,413.3598937988281,94.13309478759766,385.86114501953125,92.84636688232422,396.06646728515625,101.1556625366211,395.6581726074219,147.88438415527344,376.8736267089844,213.1306915283203,373.8346252441406,279.9744873046875,387.10870361328125,330.7158508300781,369.81280517578125,0
6667,214.43771362304688,148.53546142578125,493.36248779296875,149.62469482421875,81.80794525146484,396.2038879394531,104.93165588378906,412.99267578125,93.31144714355469,384.62030029296875,90.6514663696289,395.66619873046875,100.09647369384766,393.54583740234375,146.8818817138672,378.7648010253906,212.079833984375,371.26123046875,277.8624572753906,382.0977783203125,331.9693603515625,366.4949035644531,0
6668,214.40914916992188,148.50831604003906,493.3115539550781,149.605712890625,81.39844512939453,394.157958984375,106.25774383544922,409.93341064453125,91.7909164428711,384.2916564941406,91.16756439208984,394.34918212890625,100.13321685791016,392.809326171875,146.91238403320312,373.0299072265625,209.7916717529297,358.84356689453125,274.3310241699219,362.36083984375,336.46014404296875,358.2778015136719,0
6669,214.46957397460938,148.50454711914062,493.24383544921875,149.5966033935547,84.07795715332031,397.60406494140625,109.59156036376953,408.5106201171875,92.95075225830078,383.8353576660156,92.32571411132812,393.3038635253906,101.02801513671875,390.7221374511719,147.2210235595703,367.43115234375,211.1756591796875,355.986328125,274.94158935546875,362.2889404296875,337.01031494140625,359.17926025390625,0
6670,214.46975708007812,148.50437927246094,493.29339599609375,149.568603515625,84.05648803710938,397.5997619628906,109.62730407714844,408.5927734375,92.98912048339844,383.9029846191406,92.34344482421875,393.33154296875,101.0483627319336,390.7836608886719,147.198486328125,367.4725341796875,211.1841583251953,355.9888610839844,274.94805908203125,362.2908020019531,337.0116271972656,359.1794738769531,0
6671,214.3944091796875,148.58636474609375,493.2243957519531,149.59278869628906,83.32154083251953,399.6711120605469,110.52618408203125,408.79156494140625,90.01006317138672,385.276123046875,92.02284240722656,395.4590148925781,99.98519134521484,391.3913269042969,144.40960693359375,366.4317321777344,210.38421630859375,354.0565490722656,273.8424072265625,360.2581481933594,338.2218017578125,359.4495849609375,0
6672,214.22447204589844,148.58718872070312,493.30718994140625,149.5967559814453,85.0347671508789,399.45172119140625,107.40562438964844,406.49420166015625,84.54115295410156,387.1959533691406,88.24590301513672,395.57989501953125,94.9281005859375,391.03424072265625,139.33265686035156,364.56671142578125,206.5941619873047,352.9799499511719,269.9877014160156,355.91387939453125,331.7266845703125,361.521484375,0
6673,214.22683715820312,148.5240020751953,493.2589111328125,149.55772399902344,87.3687973022461,399.19805908203125,109.57579040527344,406.4838562011719,85.3738784790039,387.5260009765625,89.96440124511719,395.0973205566406,96.00353240966797,390.3388977050781,140.12249755859375,364.0293273925781,206.91456604003906,351.5005187988281,271.15924072265625,354.4707946777344,331.72869873046875,360.474365234375,0
6674,214.2572021484375,148.59317016601562,493.292236328125,149.6668243408203,84.85781860351562,396.1578063964844,105.36997985839844,403.31097412109375,84.59581756591797,381.3853454589844,86.85806274414062,392.06982421875,95.37226867675781,386.7063903808594,140.1451416015625,363.5349426269531,207.7156524658203,352.4645690917969,272.22064208984375,354.2335510253906,332.3013000488281,360.62890625,0
6675,214.26055908203125,148.590087890625,493.29156494140625,149.66627502441406,84.75309753417969,396.1568298339844,105.32971954345703,403.14556884765625,84.65081024169922,381.1703186035156,86.80558013916016,391.92706298828125,95.22010040283203,386.7164306640625,140.14633178710938,363.5125732421875,207.72116088867188,352.4656066894531,272.2552185058594,354.2322692871094,332.2750244140625,360.6440734863281,0
6676,214.1941680908203,148.71759033203125,493.2270202636719,149.70025634765625,85.52843475341797,395.88726806640625,106.42572784423828,403.2114562988281,86.09931945800781,381.2610778808594,87.84406280517578,391.6037902832031,96.270751953125,386.565185546875,140.65089416503906,363.175048828125,208.95594787597656,352.7247009277344,273.1953430175781,355.6927795410156,335.1461486816406,362.3266906738281,0
6677,214.03892517089844,148.67269897460938,493.5906066894531,149.553466796875,84.09300994873047,389.6884765625,107.38082122802734,400.26507568359375,89.48490142822266,375.1053161621094,90.89144897460938,385.37359619140625,99.28683471679688,381.49200439453125,144.7879180908203,363.5328063964844,208.50723266601562,354.7481994628906,272.1446228027344,357.71728515625,334.29998779296875,362.48614501953125,0
6678,214.12188720703125,148.67701721191406,493.3037414550781,149.8843231201172,83.46094512939453,386.95770263671875,104.67097473144531,399.45416259765625,89.40137481689453,374.0043640136719,88.52642822265625,382.99176025390625,98.65047454833984,380.2669677734375,144.3021240234375,362.56097412109375,208.92568969726562,354.39544677734375,271.993896484375,357.8303527832031,333.90704345703125,362.9162902832031,0
6679,214.2521209716797,148.9113311767578,493.31878662109375,149.86512756347656,79.58296966552734,383.5633239746094,104.26164245605469,397.026611328125,91.554931640625,373.17529296875,91.0882339477539,381.2746276855469,99.86721801757812,380.1785888671875,145.6563720703125,361.9787902832031,209.1693115234375,354.64959716796875,273.03082275390625,356.9868469238281,334.6744689941406,363.42822265625,0
6680,214.28866577148438,148.7611541748047,493.3590393066406,149.76107788085938,82.08788299560547,389.135498046875,107.53829956054688,398.9586486816406,91.39383697509766,376.0047607421875,90.77101135253906,384.82611083984375,101.45226287841797,382.45184326171875,144.9556121826172,361.6900939941406,207.5562744140625,356.6496887207031,271.7248229980469,360.00604248046875,334.367431640625,363.7978515625,0
6681,214.22006225585938,148.63311767578125,493.3399658203125,149.75416564941406,82.31404876708984,393.4140930175781,110.8976058959961,399.81878662109375,93.91730499267578,378.96478271484375,93.33744812011719,389.0680236816406,104.52438354492188,385.22503662109375,146.83560180664062,361.7109680175781,207.23463439941406,356.97882080078125,270.7193298339844,360.7626953125,331.0977478027344,363.6319580078125,0
6682,214.21133422851562,148.64520263671875,493.2624816894531,149.81919860839844,82.32776641845703,393.40216064453125,110.87039947509766,399.8454284667969,93.93374633789062,379.0065002441406,93.33256530761719,389.0643005371094,104.4718017578125,385.2640686035156,146.8489990234375,361.7454833984375,207.24771118164062,356.9684753417969,270.7789306640625,361.15386962890625,331.333984375,363.62982177734375,0
6683,214.21401977539062,148.8062286376953,493.135498046875,149.77769470214844,82.8449478149414,396.1404113769531,111.46405792236328,401.0840148925781,94.30933380126953,379.8614807128906,94.2806625366211,390.74444580078125,104.89352416992188,386.3557434082031,148.0577850341797,361.9194641113281,207.39393615722656,356.441162109375,271.4410095214844,361.22442626953125,332.3059997558594,363.5338439941406,0
6684,214.090576171875,148.7393035888672,493.1302795410156,149.8154754638672,79.82586669921875,402.3113708496094,113.7873306274414,401.5138244628906,96.392578125,379.42413330078125,94.58546447753906,393.69952392578125,106.61177062988281,387.0662841796875,148.79656982421875,360.9592590332031,207.50344848632812,354.74383544921875,271.61077880859375,359.2744140625,332.97662353515625,364.2460632324219,0
6685,214.25164794921875,148.8375244140625,493.12359619140625,149.74607849121094,74.31710815429688,405.00787353515625,115.6604995727539,400.99114990234375,99.19149780273438,377.76470947265625,96.04847717285156,393.0427551269531,108.50628662109375,386.9830627441406,150.09559631347656,360.37689208984375,208.57896423339844,354.8973693847656,272.3938293457031,359.56146240234375,334.38323974609375,364.35089111328125,0
6686,214.18594360351562,148.86373901367188,493.19793701171875,149.80238342285156,72.28471374511719,403.0937805175781,117.48946380615234,401.6808776855469,102.174560546875,375.5433044433594,96.2822036743164,392.3678283691406,110.85993957519531,384.2980041503906,152.07720947265625,361.8113708496094,210.5323486328125,355.11456298828125,273.0652160644531,361.4553527832031,334.73431396484375,364.3034362792969,0
6687,214.2022247314453,148.86219787597656,493.2098083496094,149.81497192382812,72.27909851074219,403.0943298339844,117.45905303955078,401.6702880859375,102.1351089477539,375.5445251464844,96.23908233642578,392.3871765136719,110.77743530273438,384.3384094238281,152.04351806640625,361.84844970703125,210.52227783203125,355.1214294433594,273.065185546875,361.4284973144531,334.8161926269531,364.31317138671875,0
6688,214.07345581054688,148.78358459472656,493.2425537109375,149.80503845214844,76.48783874511719,398.4775390625,119.07843017578125,401.61590576171875,105.25920104980469,374.5194396972656,98.4903793334961,390.3755187988281,112.16600036621094,385.8978576660156,152.82191467285156,362.5895080566406,211.34759521484375,354.55560302734375,273.78076171875,361.14544677734375,334.76019287109375,364.0205993652344,0
6689,213.92105102539062,148.91375732421875,493.3429870605469,149.88182067871094,87.31987762451172,383.5330505371094,120.19268035888672,397.52471923828125,113.37103271484375,367.6265563964844,106.41777038574219,379.4595031738281,117.87191009521484,380.5744323730469,160.08096313476562,360.6539306640625,215.8533935546875,354.6728515625,277.8159484863281,361.8107604980469,336.2456359863281,365.4659423828125,0
6690,214.0075225830078,148.86607360839844,493.4653015136719,149.82774353027344,99.86420440673828,373.7152099609375,120.96440124511719,396.3935852050781,113.82289123535156,364.9709777832031,106.9854736328125,378.4375,118.09620666503906,380.4645080566406,161.34461975097656,361.7870178222656,218.5789794921875,354.73822021484375,283.1903381347656,360.5798645019531,340.1355895996094,367.60845947265625,0
6691,214.04281616210938,148.98016357421875,493.4145812988281,149.82659912109375,102.2274169921875,372.1230163574219,126.521240234375,399.4448547363281,121.7031478881836,365.0846862792969,112.96871948242188,379.2480163574219,127.02742004394531,379.848388671875,166.03811645507812,365.530517578125,220.35760498046875,356.5533447265625,287.8624572753906,357.8185729980469,345.3936462402344,372.4314270019531,0
6692,213.9638214111328,148.88626098632812,493.42987060546875,149.8120574951172,100.8028335571289,373.43994140625,127.36215209960938,398.7556457519531,123.82177734375,365.4859313964844,114.88243865966797,379.31024169921875,126.93376922607422,381.2859191894531,168.12197875976562,365.2979736328125,221.5782928466797,356.1541442871094,289.03887939453125,357.3728942871094,345.0840148925781,372.0930480957031,0
6693,214.13955688476562,148.90390014648438,493.43353271484375,149.81187438964844,100.57316589355469,372.1155700683594,127.66297912597656,398.86126708984375,124.72570037841797,365.9780578613281,115.51270294189453,379.16363525390625,127.33602905273438,381.6940612792969,168.59031677246094,365.35418701171875,221.26161193847656,355.1470947265625,289.19970703125,356.49554443359375,345.0857238769531,371.9905090332031,0
6694,214.202880859375,148.757568359375,493.5263366699219,149.7222442626953,99.25225830078125,369.4656677246094,126.44393920898438,397.23828125,123.57976531982422,364.93572998046875,114.10215759277344,378.310546875,127.01959228515625,380.8269958496094,168.30137634277344,364.6106872558594,221.3863525390625,355.24700927734375,288.9751892089844,357.3275451660156,345.5897216796875,371.91729736328125,0
6695,214.25181579589844,148.6837158203125,493.4830322265625,149.67640686035156,98.75979614257812,367.092529296875,125.4620590209961,395.7795104980469,124.11754608154297,363.9806213378906,114.07923126220703,376.5163879394531,127.39570617675781,380.47076416015625,168.68775939941406,365.6202392578125,221.4420928955078,355.9185791015625,288.7017822265625,357.8610534667969,345.41510009765625,371.99114990234375,0
6696,214.2548370361328,148.72547912597656,493.4855041503906,149.66647338867188,98.74995422363281,367.1087951660156,125.4737777709961,395.7924499511719,124.30647277832031,363.9885559082031,114.15623474121094,376.5321350097656,127.47502136230469,380.4912109375,168.79403686523438,365.6295166015625,221.45741271972656,355.9182434082031,288.81561279296875,357.80267333984375,345.5866394042969,372.27508544921875,0
6697,214.18450927734375,148.8479766845703,493.44891357421875,149.7436981201172,104.43120574951172,343.7345275878906,115.26803588867188,388.57147216796875,129.55545043945312,360.8487243652344,114.40343475341797,366.152587890625,125.55768585205078,376.1737976074219,168.30453491210938,372.1621398925781,220.9965057373047,357.59637451171875,287.7001647949219,356.7061767578125,343.1507873535156,370.7462158203125,0
6698,214.19635009765625,148.79769897460938,493.47674560546875,149.80633544921875,99.26886749267578,332.48638916015625,113.13278198242188,379.5137939453125,132.0517120361328,351.71514892578125,113.26586151123047,356.12957763671875,126.52198791503906,367.11767578125,167.08270263671875,377.56878662109375,220.8651885986328,365.47308349609375,285.4295349121094,365.87115478515625,345.53753662109375,372.191162109375,0
6699,214.24989318847656,148.91371154785156,493.49285888671875,149.68031311035156,95.48592376708984,332.5037536621094,112.60785675048828,375.69775390625,130.39157104492188,349.19183349609375,111.66085815429688,353.0197448730469,125.8510971069336,363.8949890136719,166.4805450439453,377.3276672363281,219.49595642089844,369.0792541503906,282.359375,370.94256591796875,341.4195556640625,371.7427062988281,0
6700,214.25442504882812,148.58245849609375,493.3858337402344,149.5984649658203,83.22835540771484,343.8298034667969,110.25968933105469,378.7668151855469,123.60400390625,349.2385559082031,106.45245361328125,357.59295654296875,121.32855224609375,364.3811340332031,164.92010498046875,374.7091064453125,217.2984161376953,370.0887145996094,279.5804443359375,378.2010498046875,332.6387634277344,380.35272216796875,0
6701,214.2809600830078,148.67884826660156,493.41522216796875,149.63919067382812,83.28263092041016,343.796875,110.25691223144531,378.7692565917969,123.59642028808594,349.2475280761719,106.45341491699219,357.5968017578125,121.32518768310547,364.3839111328125,164.91578674316406,374.7134094238281,217.3587188720703,370.0357666015625,279.635498046875,378.2006530761719,332.6733093261719,380.3664855957031,0
6702,214.19309997558594,148.82020568847656,493.4600830078125,149.6328887939453,81.37252044677734,342.5912780761719,107.22354125976562,378.6774597167969,121.94464874267578,349.0455322265625,103.20999145507812,356.8354187011719,119.21639251708984,365.23260498046875,163.678466796875,374.89093017578125,216.7986297607422,369.0304260253906,280.501220703125,377.01385498046875,340.83587646484375,383.5076904296875,0
6703,214.19529724121094,148.8159637451172,493.4036865234375,149.5853271484375,76.89325714111328,345.02044677734375,103.40258026123047,379.339599609375,116.54480743408203,350.0129089355469,99.188720703125,359.1161193847656,114.65714263916016,366.3962097167969,161.2215118408203,373.96905517578125,216.34634399414062,369.8238525390625,279.4054260253906,378.06414794921875,338.2340393066406,383.010009765625,0
6704,214.17706298828125,148.879638671875,493.49334716796875,149.63914489746094,77.7171859741211,345.74951171875,102.78597259521484,380.00433349609375,116.05947875976562,350.3899230957031,99.01506805419922,359.78167724609375,114.02340698242188,367.04803466796875,160.22381591796875,373.7806701660156,215.84524536132812,369.95672607421875,278.4871520996094,379.52581787109375,335.65570068359375,383.4448547363281,0
6705,214.23631286621094,148.89300537109375,493.5919189453125,149.5734100341797,81.39080047607422,349.90045166015625,103.8389663696289,381.63812255859375,116.00536346435547,351.3778381347656,100.9545669555664,360.97784423828125,115.04068756103516,367.7322692871094,160.36097717285156,373.5734558105469,215.7440185546875,369.9258728027344,278.6593933105469,379.6363525390625,336.63336181640625,383.2015380859375,0
6706,214.2344207763672,148.89523315429688,493.5863952636719,149.5717315673828,81.3851547241211,349.9044494628906,103.85174560546875,381.6484069824219,116.00994873046875,351.37725830078125,100.96269226074219,360.97711181640625,115.05715942382812,367.74188232421875,160.35702514648438,373.594482421875,215.74209594726562,369.92449951171875,278.6564025878906,379.6368103027344,336.6354675292969,383.2061767578125,0
6707,214.03590393066406,148.82705688476562,493.4934387207031,149.69142150878906,87.5102767944336,359.3969421386719,104.23343658447266,386.0294494628906,109.23613739013672,356.30364990234375,100.18933868408203,366.62060546875,111.41596984863281,369.64544677734375,157.12286376953125,368.69000244140625,216.8602752685547,367.31976318359375,279.62188720703125,375.9844970703125,337.34637451171875,382.0863342285156,0
6708,214.0902557373047,148.92202758789062,493.4947814941406,149.75909423828125,83.91354370117188,356.455322265625,101.1165542602539,383.61395263671875,106.55754852294922,354.28582763671875,96.86262512207031,364.2331848144531,109.29065704345703,368.28265380859375,155.41004943847656,368.7479553222656,216.0729217529297,367.1487121582031,278.88409423828125,373.5582275390625,338.2037353515625,374.1129150390625,0
6709,214.0061798095703,148.726806640625,493.4571838378906,149.7122802734375,84.01808166503906,356.4933776855469,101.2265625,383.5528564453125,106.01039123535156,354.2838134765625,96.65818786621094,364.3243713378906,109.05682373046875,368.2341613769531,154.63018798828125,368.0647888183594,215.4573211669922,367.7896423339844,277.9283447265625,375.3507080078125,336.9903869628906,376.27630615234375,0
6710,214.1751251220703,148.56138610839844,493.406005859375,149.55517578125,82.00535583496094,356.6615905761719,100.97610473632812,382.2571105957031,105.69493103027344,353.0174865722656,96.03683471679688,363.2257385253906,108.63900756835938,367.1499328613281,154.65560913085938,367.7908630371094,215.333740234375,366.17877197265625,277.71392822265625,373.77044677734375,336.9262390136719,376.730712890625,0
6711,214.17286682128906,148.56048583984375,493.3848571777344,149.52932739257812,82.02661895751953,356.6597595214844,100.96592712402344,382.2574462890625,105.6868667602539,353.0320129394531,96.0395278930664,363.2425842285156,108.6301040649414,367.1686096191406,154.6595458984375,367.77899169921875,215.33689880371094,366.1820373535156,277.70928955078125,373.7693786621094,336.86407470703125,376.73388671875,0
6712,214.1779327392578,148.66978454589844,493.4999694824219,149.5151824951172,82.15509033203125,357.6924743652344,101.58161163330078,382.57183837890625,105.6037368774414,353.563720703125,96.47925567626953,363.6371154785156,109.04460906982422,367.17572021484375,155.11048889160156,367.3570251464844,215.3096466064453,365.6788330078125,277.7325134277344,373.026611328125,337.2405700683594,376.6002197265625,0
6713,214.2265625,148.48536682128906,493.4087219238281,149.54762268066406,81.2724609375,359.87713623046875,101.17672729492188,383.50091552734375,103.87677764892578,354.4054870605469,95.03105163574219,364.6813659667969,107.70134735107422,367.826904296875,154.17416381835938,367.0169372558594,215.47747802734375,365.5891418457031,278.135986328125,372.56695556640625,337.65411376953125,376.62310791015625,0
6714,214.1695098876953,148.6319580078125,493.33209228515625,149.59483337402344,81.60521697998047,360.0103454589844,101.06683349609375,384.54571533203125,103.56362915039062,355.05218505859375,94.92790985107422,365.297607421875,107.50045776367188,367.9058532714844,153.9070281982422,366.6688537597656,215.7897186279297,365.3818664550781,278.15887451171875,372.909912109375,338.41943359375,376.8687438964844,0
6715,214.2191619873047,148.56236267089844,493.4299011230469,149.7958984375,80.98271179199219,362.1287536621094,102.43274688720703,383.3619079589844,103.2808609008789,355.2728576660156,95.27623748779297,365.5500183105469,108.04618072509766,368.1268310546875,153.8663787841797,365.34930419921875,215.17288208007812,365.4083251953125,277.7305908203125,373.511962890625,337.4061584472656,378.2015075683594,0
6716,214.24261474609375,148.5784454345703,493.4302978515625,149.79574584960938,80.9870834350586,362.1278991699219,102.4341812133789,383.36334228515625,103.28057098388672,355.2713623046875,95.27587890625,365.5503845214844,108.0472183227539,368.1265869140625,153.87530517578125,365.3399353027344,215.17340087890625,365.4100036621094,277.72247314453125,373.5128173828125,337.39947509765625,378.2069091796875,0
6717,214.14892578125,148.57162475585938,493.3940734863281,149.6089630126953,80.61552429199219,361.7115783691406,102.5725326538086,382.06671142578125,103.05528259277344,354.4649963378906,94.95208740234375,364.6119689941406,107.76473999023438,366.9599609375,154.39620971679688,364.74169921875,215.33432006835938,364.77349853515625,278.194091796875,372.1548156738281,336.7220153808594,377.56378173828125,0
6718,214.16712951660156,148.62657165527344,493.42864990234375,149.45277404785156,81.01869201660156,358.6159362792969,100.89251708984375,384.52215576171875,103.6141586303711,355.3712158203125,94.90081024169922,365.32952880859375,107.22940826416016,367.8538818359375,153.97975158691406,365.1274108886719,215.43482971191406,364.44329833984375,277.8529357910156,371.7763671875,336.8296203613281,377.6709899902344,0
6719,214.1024627685547,148.75262451171875,493.3222961425781,149.4434814453125,80.76937866210938,357.60089111328125,100.60712432861328,382.91717529296875,103.65775299072266,354.439697265625,94.51251983642578,364.3094177246094,107.31700134277344,367.6822509765625,153.9091339111328,366.2252197265625,214.91510009765625,364.6807861328125,277.5744934082031,371.27008056640625,335.6224365234375,376.64178466796875,0
6720,214.1936798095703,148.7127227783203,493.2786560058594,149.56289672851562,80.76905822753906,357.21185302734375,101.07868957519531,381.029052734375,105.31282043457031,352.9061584472656,94.19137573242188,362.9483642578125,106.54608917236328,366.3072814941406,153.97792053222656,365.0357971191406,215.1809539794922,364.4540100097656,278.2539367675781,371.775390625,337.3852233886719,378.1944274902344,0
6721,214.0703125,148.72508239746094,493.3676452636719,149.5830078125,80.7370834350586,357.37481689453125,101.027587890625,381.3730773925781,105.29182434082031,353.02703857421875,94.23994445800781,363.0946044921875,106.70643615722656,366.39385986328125,154.1754608154297,365.112060546875,215.026611328125,364.4928283691406,277.8515625,372.58526611328125,337.360107421875,378.0752258300781,0
6722,214.1415252685547,148.7275390625,493.4204406738281,149.54354858398438,80.86678314208984,357.4562072753906,100.99365997314453,381.6853332519531,103.24481964111328,353.6155090332031,94.30967712402344,363.3587951660156,106.66138458251953,366.6481018066406,153.8221893310547,364.9664611816406,214.90155029296875,364.53485107421875,278.13037109375,372.5910949707031,336.7499694824219,378.1609191894531,0
6723,214.05242919921875,148.64871215820312,493.3928527832031,149.5535125732422,82.20208740234375,358.8882141113281,101.11115264892578,382.1330261230469,105.0264892578125,353.61114501953125,94.65569305419922,364.1533203125,106.58274841308594,367.2773742675781,153.03598022460938,364.84002685546875,215.08070373535156,364.4979248046875,277.6437072753906,372.3963928222656,336.3501892089844,377.90509033203125,0
6724,214.1442108154297,148.65292358398438,493.4290466308594,149.65847778320312,88.24119567871094,365.493408203125,103.3742904663086,387.8043518066406,102.96528625488281,357.19525146484375,95.33061981201172,369.189208984375,107.12364196777344,371.0336608886719,152.92971801757812,363.9781799316406,214.50540161132812,364.3412780761719,276.7743835449219,373.4200439453125,336.4925231933594,378.0913391113281,0
6725,214.12709045410156,148.6629638671875,493.4211730957031,149.66647338867188,88.23883056640625,365.49285888671875,103.3743667602539,387.80059814453125,102.96669006347656,357.1937561035156,95.33426666259766,369.1855163574219,107.12239074707031,371.0303649902344,152.97061157226562,363.9828186035156,214.50433349609375,364.33624267578125,276.76104736328125,373.42547607421875,336.4804382324219,378.0738525390625,0
6726,214.15325927734375,148.75221252441406,493.3951110839844,149.66702270507812,94.79669189453125,364.4186706542969,105.90946960449219,388.404052734375,104.98196411132812,355.00250244140625,97.68988037109375,369.1901550292969,109.19225311279297,371.3652648925781,154.0704803466797,363.8160095214844,216.29742431640625,362.2462463378906,279.0549011230469,367.8155212402344,337.6916198730469,375.86407470703125,0
6727,214.0080108642578,148.79627990722656,493.3433532714844,149.6899871826172,96.4870376586914,367.2688903808594,109.50005340576172,389.89190673828125,107.73542022705078,355.61639404296875,100.88699340820312,370.5854187011719,110.843994140625,371.6415100097656,154.79505920410156,363.48846435546875,217.11317443847656,360.6634826660156,279.0508728027344,368.53216552734375,339.1670837402344,376.21588134765625,0
6728,213.96893310546875,148.73922729492188,493.4584045410156,149.70205688476562,98.67355346679688,366.6474914550781,110.11943817138672,389.76849365234375,107.90996551513672,355.66448974609375,101.75260925292969,370.4981384277344,111.52740478515625,371.7689514160156,155.58445739746094,363.00225830078125,217.16226196289062,361.0681457519531,280.02880859375,368.0245666503906,340.5508728027344,376.62841796875,0
6729,214.0111846923828,148.61007690429688,493.3940734863281,149.7181854248047,97.67431640625,368.2774963378906,113.62288665771484,390.3091125488281,107.72869873046875,356.853515625,102.49854278564453,371.57293701171875,113.09664154052734,371.719482421875,157.0581512451172,362.0794982910156,217.40476989746094,361.1119079589844,279.59515380859375,368.52105712890625,340.08984375,376.47442626953125,0
6730,213.9854736328125,148.62701416015625,493.3999328613281,149.70947265625,97.66822052001953,368.2608947753906,113.64591217041016,390.30926513671875,107.73683166503906,356.8558654785156,102.5135726928711,371.5665283203125,113.1127700805664,371.7202453613281,157.06692504882812,362.0902404785156,217.40463256835938,361.1145935058594,279.5648193359375,368.5217590332031,340.0135498046875,376.4043884277344,0
6731,214.09339904785156,148.52252197265625,493.40826416015625,149.6293487548828,96.87073516845703,372.5286560058594,114.4337158203125,390.810791015625,106.41142272949219,358.8015441894531,101.47154235839844,374.7952575683594,113.03193664550781,372.709716796875,156.7451171875,361.5943298339844,217.4481964111328,361.2928161621094,279.4351501464844,368.826416015625,339.72613525390625,376.507080078125,0
6732,213.95127868652344,148.57484436035156,493.47125244140625,149.52017211914062,93.87166595458984,382.22076416015625,116.29592895507812,393.8836975097656,105.87969970703125,368.7626037597656,101.77000427246094,382.53021240234375,112.0162124633789,379.704345703125,157.7103271484375,362.54931640625,218.109130859375,360.53594970703125,279.9849548339844,367.8407897949219,338.7748107910156,375.72003173828125,0
6733,214.11866760253906,148.74688720703125,493.3865661621094,149.5270233154297,92.35165405273438,385.99127197265625,116.0220718383789,398.520263671875,104.59326171875,373.13720703125,99.6995849609375,386.0908203125,111.153564453125,383.79345703125,156.14825439453125,363.1372985839844,217.1533660888672,359.99896240234375,278.57672119140625,366.1221008300781,336.2082824707031,370.6805725097656,0
6734,213.96900939941406,148.61279296875,493.32598876953125,149.64646911621094,89.14523315429688,398.1887512207031,114.38885498046875,405.65997314453125,101.5879135131836,380.6405334472656,98.79829406738281,392.4222412109375,110.07829284667969,389.2965087890625,154.5445098876953,367.5973205566406,214.63616943359375,360.1487121582031,276.9780578613281,365.6904602050781,332.135009765625,366.2990417480469,0
6735,213.99658203125,148.6458740234375,493.31207275390625,149.63327026367188,89.15052032470703,398.1866149902344,114.40596771240234,405.6707458496094,101.64236450195312,380.6107177734375,98.80504608154297,392.41802978515625,110.10430908203125,389.30914306640625,154.7255859375,367.58734130859375,214.66143798828125,360.1377258300781,276.97802734375,365.7057800292969,332.09490966796875,366.2956848144531,0
6736,213.99200439453125,148.6689453125,493.142578125,149.532958984375,86.01934051513672,398.4065246582031,112.56427001953125,408.2347412109375,99.51245880126953,382.7598571777344,96.88343811035156,393.7295227050781,107.83164978027344,391.1529846191406,153.22377014160156,368.4627990722656,213.72149658203125,360.1469421386719,276.14251708984375,364.5030822753906,335.1184387207031,364.9917907714844,0
6737,214.0391845703125,148.60903930664062,493.1072082519531,149.556396484375,81.87661743164062,396.1212158203125,109.56417083740234,410.19207763671875,98.51190948486328,383.8672180175781,95.24307250976562,394.555419921875,106.62999725341797,393.294677734375,151.60589599609375,370.6741638183594,211.45277404785156,360.1403503417969,273.6747131347656,364.8626708984375,334.1291809082031,363.04852294921875,0
6738,214.1239776611328,148.48983764648438,493.1088562011719,149.50653076171875,82.83426666259766,395.2175598144531,110.71388244628906,408.931396484375,98.98058319091797,382.976806640625,95.54971313476562,393.265869140625,107.0015869140625,391.9606628417969,151.91404724121094,369.7023010253906,212.01858520507812,359.82635498046875,274.3740234375,365.2504577636719,334.62896728515625,363.1027526855469,0
6739,214.0477294921875,148.55015563964844,493.1510314941406,149.60096740722656,82.43731689453125,393.4009094238281,107.64996337890625,407.3195495605469,95.8388900756836,381.0299377441406,93.06132507324219,391.0806884765625,103.72451782226562,390.19512939453125,150.51644897460938,369.2478942871094,210.9394073486328,362.86676025390625,270.2826232910156,371.8202209472656,322.996337890625,372.5124816894531,0
6740,214.11227416992188,148.51242065429688,493.17425537109375,149.6455535888672,82.46095275878906,393.4136657714844,107.67342376708984,407.3146667480469,95.79338836669922,381.0234680175781,93.03752136230469,391.0973815917969,103.63585662841797,390.2600402832031,150.3837890625,369.2009582519531,210.95172119140625,362.8741760253906,270.26812744140625,371.8656005859375,323.0365295410156,372.52239990234375,0
6741,214.243896484375,148.5308837890625,493.05291748046875,149.5692596435547,81.87112426757812,393.4458923339844,108.56197357177734,403.9444274902344,95.70919799804688,379.2210388183594,93.1292953491211,389.2196044921875,104.1537094116211,388.0218811035156,149.8651885986328,366.9300842285156,210.70574951171875,363.4608459472656,272.55621337890625,376.0895690917969,327.57012939453125,378.8954162597656,0
6742,214.1494598388672,148.43316650390625,493.1861572265625,149.45909118652344,82.026611328125,395.5715026855469,109.05232238769531,402.7632751464844,94.71292114257812,379.7006530761719,92.93390655517578,390.18096923828125,103.91934967041016,387.5802917480469,149.068359375,366.06170654296875,209.77537536621094,364.3475341796875,270.2306213378906,379.0775146484375,325.2420959472656,383.0542297363281,0
6743,214.14300537109375,148.44424438476562,493.2304992675781,149.6284942626953,82.06131744384766,393.7321472167969,109.34300231933594,401.404052734375,94.61663818359375,379.5250244140625,92.87149810791016,389.90142822265625,103.83287811279297,385.7479553222656,148.1308135986328,364.87603759765625,208.71495056152344,364.6755065917969,268.72943115234375,380.0762023925781,325.3446044921875,384.77423095703125,0
6744,214.1111297607422,148.40798950195312,493.35870361328125,149.64822387695312,82.53313446044922,400.52545166015625,113.89995574951172,403.18817138671875,97.91494750976562,379.0754089355469,95.46407318115234,393.1775817871094,107.27592468261719,387.1814270019531,149.57276916503906,365.0283203125,208.65940856933594,365.72674560546875,267.8834228515625,382.43914794921875,324.55963134765625,387.96405029296875,0
6745,214.10751342773438,148.41290283203125,493.35748291015625,149.64956665039062,82.49090576171875,400.4955139160156,113.9298095703125,403.1855163574219,97.95825958251953,379.0594787597656,95.48373413085938,393.1828308105469,107.31370544433594,387.1507568359375,149.83290100097656,364.9956970214844,208.78375244140625,365.7275085449219,267.9008483886719,382.4414367675781,324.57281494140625,387.9544372558594,0
6746,214.22532653808594,148.52001953125,493.3882141113281,149.5832977294922,76.37409973144531,404.3164367675781,116.6974868774414,406.83087158203125,102.59207916259766,379.82586669921875,97.41615295410156,394.87579345703125,111.6909408569336,389.00958251953125,152.25413513183594,366.4021301269531,209.64195251464844,365.11541748046875,267.3374938964844,384.1968688964844,322.6969909667969,392.2983703613281,0
6747,214.29254150390625,148.5835723876953,493.3592224121094,149.50439453125,74.3847885131836,409.5793762207031,119.59403228759766,409.19140625,104.76653289794922,381.99090576171875,98.13706970214844,399.04150390625,114.22246551513672,392.677490234375,154.003173828125,367.4794006347656,211.02992248535156,360.9494323730469,269.0571594238281,372.51470947265625,322.00006103515625,372.8183898925781,0
6748,214.34344482421875,148.64854431152344,493.4395751953125,149.4849853515625,72.5762710571289,413.128173828125,119.47472381591797,409.4133605957031,104.97500610351562,381.8995056152344,97.42779541015625,400.5660705566406,113.8383560180664,394.34051513671875,153.67880249023438,368.53143310546875,210.85848999023438,360.3615417480469,271.7471008300781,371.4023742675781,331.378662109375,370.3067932128906,0
6749,214.4640655517578,148.6875,493.45953369140625,149.6439208984375,73.23959350585938,409.92413330078125,121.12269592285156,409.9903564453125,108.513671875,378.0600891113281,100.48329162597656,398.697998046875,116.09445190429688,393.46209716796875,155.71051025390625,371.8114013671875,210.14256286621094,360.28277587890625,269.282470703125,369.6224365234375,330.4332275390625,368.2804870605469,0
6750,214.4240264892578,148.68130493164062,493.4108581542969,149.62319946289062,73.26531982421875,409.91131591796875,121.14157104492188,409.9501037597656,108.50914764404297,378.0682373046875,100.47877502441406,398.7024841308594,116.14144897460938,393.4260559082031,155.66981506347656,371.8968505859375,210.16102600097656,360.28125,269.36102294921875,369.6172790527344,330.41644287109375,368.2850646972656,0
6751,214.36073303222656,148.55023193359375,493.4890441894531,149.5338897705078,76.432861328125,410.6672668457031,125.37608337402344,410.4895324707031,112.13912963867188,376.7421569824219,104.1346206665039,396.7294921875,118.6370620727539,392.87860107421875,160.00315856933594,372.3545227050781,211.72918701171875,360.1098327636719,271.47265625,370.5029296875,330.1423645019531,368.71990966796875,0
6752,214.35752868652344,148.5732421875,493.5100402832031,149.6395263671875,82.91466522216797,407.2111511230469,134.72523498535156,407.82086181640625,121.82351684570312,375.3580017089844,113.08861541748047,395.8611145019531,129.37930297851562,389.67315673828125,165.65353393554688,370.5541076660156,215.09547424316406,360.7302551269531,276.03131103515625,374.1732177734375,328.67193603515625,379.8343505859375,0
6753,214.4299774169922,148.70199584960938,493.46966552734375,149.58206176757812,87.02909851074219,405.8387451171875,138.28599548339844,406.1989440917969,125.19380187988281,374.1672058105469,114.76367950439453,394.3730773925781,131.63180541992188,388.4515075683594,167.96908569335938,370.1625061035156,216.41697692871094,361.4443359375,276.8148193359375,376.2734375,328.57257080078125,386.81396484375,0
6754,214.3412628173828,148.58518981933594,493.5550842285156,149.6924591064453,87.35094451904297,405.9513854980469,138.7986297607422,405.7630310058594,127.32337951660156,373.824462890625,116.5590591430664,394.021728515625,132.5133819580078,387.932373046875,168.84579467773438,370.55889892578125,215.4247589111328,363.0044860839844,277.2895202636719,380.55908203125,329.8595886230469,400.67828369140625,0
6755,214.3422393798828,148.58567810058594,493.546630859375,149.7208709716797,87.35780334472656,405.9622802734375,138.7596435546875,405.8096618652344,127.31340789794922,373.8157043457031,116.57489776611328,394.0247497558594,132.481201171875,387.93170166015625,168.87315368652344,370.5596008300781,215.4253692626953,363.0113830566406,277.2643737792969,380.55975341796875,329.86376953125,400.6781311035156,0
6756,214.26292419433594,148.4886016845703,493.5401306152344,149.62588500976562,87.97821807861328,405.6318359375,139.0013427734375,405.74627685546875,128.25511169433594,373.20489501953125,116.87274932861328,393.05450439453125,133.46627807617188,387.37213134765625,169.38931274414062,370.9781494140625,214.76658630371094,363.215087890625,278.2908020019531,380.28607177734375,331.2810363769531,402.1081848144531,0
6757,214.17446899414062,148.5319061279297,493.4333801269531,149.70411682128906,86.80789947509766,402.4556884765625,136.77708435058594,410.4615478515625,131.37539672851562,373.3056945800781,118.31089782714844,393.82830810546875,134.6504669189453,390.195556640625,168.02291870117188,374.06829833984375,214.0751495361328,363.9820861816406,278.06549072265625,382.477294921875,327.7138977050781,411.3949890136719,0
6758,214.13328552246094,148.62863159179688,493.4254150390625,149.78431701660156,89.94338989257812,393.9380187988281,135.5832977294922,410.4942932128906,135.15289306640625,373.5052185058594,120.39334869384766,391.7005615234375,136.1480712890625,391.9554748535156,168.58447265625,375.77783203125,212.84814453125,364.26104736328125,278.2177429199219,382.00592041015625,327.2958984375,411.8923034667969,0
6759,214.1173858642578,148.69529724121094,493.3589172363281,149.68173217773438,91.32362365722656,389.4150390625,135.9512481689453,408.7332458496094,137.63299560546875,370.90997314453125,122.31392669677734,389.4988708496094,138.4936065673828,390.5616149902344,169.96054077148438,376.0704650878906,212.4986114501953,363.32818603515625,275.90386962890625,381.0448913574219,320.9571228027344,411.01873779296875,0
6760,213.99191284179688,148.61158752441406,493.279296875,149.72308349609375,91.30509185791016,386.4635314941406,135.30177307128906,407.726806640625,139.3634490966797,368.8270263671875,123.1712646484375,386.34515380859375,139.60931396484375,387.8756408691406,171.25628662109375,376.1478271484375,212.9486846923828,363.3496398925781,275.6791076660156,381.08135986328125,317.7735290527344,414.8503112792969,0
6761,214.09559631347656,148.4560546875,493.3157043457031,149.64488220214844,97.7457504272461,377.0859069824219,140.3532257080078,403.2748718261719,143.39035034179688,365.3875732421875,128.35040283203125,381.3975524902344,143.2372283935547,383.99505615234375,176.3388671875,376.5617980957031,213.3926239013672,363.8717346191406,274.8683166503906,384.2344665527344,311.22723388671875,421.79608154296875,0
6762,214.02464294433594,148.53443908691406,493.355224609375,149.7208251953125,101.79792785644531,370.5098876953125,141.30581665039062,401.69189453125,148.33697509765625,365.0081787109375,130.59283447265625,379.69873046875,145.74681091308594,384.5210876464844,176.88821411132812,378.4027404785156,213.5824432373047,364.156005859375,277.062255859375,383.1622314453125,310.9768371582031,421.6925964355469,0
6763,214.10015869140625,148.61106872558594,493.3269958496094,149.6781463623047,102.91388702392578,367.7137145996094,142.68943786621094,398.816162109375,151.36837768554688,364.84320068359375,132.643798828125,377.743896484375,148.40017700195312,383.66015625,178.61631774902344,379.0707702636719,213.77630615234375,364.37884521484375,277.8941955566406,383.44384765625,311.2223205566406,422.0630798339844,0
6764,214.16433715820312,148.71670532226562,493.3236999511719,149.5172576904297,101.05349731445312,362.4520568847656,137.38381958007812,395.32623291015625,149.77012634277344,360.9472961425781,129.34078979492188,376.21142578125,146.5329132080078,381.02667236328125,177.05599975585938,378.47479248046875,214.00772094726562,364.9570007324219,278.57391357421875,383.69818115234375,309.5244140625,423.4635009765625,0
6765,214.06619262695312,148.68177795410156,493.37847900390625,149.43637084960938,101.67707061767578,360.7834777832031,135.5732421875,393.00885009765625,150.180419921875,358.3861389160156,128.84490966796875,373.6087341308594,145.08763122558594,378.53411865234375,175.74217224121094,378.1232604980469,214.04080200195312,365.3823547363281,279.1254577636719,383.73101806640625,309.39910888671875,423.57110595703125,0
6766,214.0699462890625,148.68218994140625,493.3692932128906,149.41664123535156,101.64363098144531,360.7513427734375,135.55902099609375,393.001708984375,150.17825317382812,358.3837890625,128.83737182617188,373.6030578613281,145.08299255371094,378.52783203125,175.7332305908203,378.1540222167969,214.0378875732422,365.3796081542969,279.11907958984375,383.7298278808594,309.405029296875,423.5621643066406,0
6767,214.0932159423828,148.72764587402344,493.3592834472656,149.4345245361328,102.46720886230469,357.0067138671875,134.56228637695312,392.6171875,150.4758758544922,357.2749328613281,128.97842407226562,370.9195251464844,144.6949005126953,377.44598388671875,175.2231903076172,378.4785461425781,214.39190673828125,365.09161376953125,279.3116149902344,383.3098449707031,309.3027648925781,423.41070556640625,0
6768,214.09996032714844,148.7216033935547,493.3595275878906,149.42955017089844,102.45536041259766,356.99371337890625,134.5572052001953,392.56256103515625,150.435546875,357.28546142578125,128.90724182128906,370.86822509765625,144.62648010253906,377.4197998046875,175.19032287597656,378.5157165527344,214.3916778564453,365.0880432128906,279.3139343261719,383.3092041015625,309.3062438964844,423.3758544921875,0
6769,214.08468627929688,148.6031494140625,493.4401550292969,149.55918884277344,112.75634765625,334.9749755859375,129.71063232421875,381.88916015625,155.2488250732422,352.7499694824219,131.4589080810547,360.9234313964844,144.81593322753906,371.2943115234375,172.39535522460938,382.04931640625,212.42063903808594,366.1871643066406,276.8735656738281,383.9764709472656,311.4969787597656,421.6907043457031,0
6770,214.03805541992188,148.7369842529297,493.3208923339844,149.5652313232422,113.79922485351562,331.15789794921875,128.57708740234375,378.1571960449219,155.4934844970703,349.9091491699219,131.7425079345703,357.0769348144531,143.60336303710938,367.83721923828125,170.3275604248047,381.9123229980469,211.9047088623047,366.51324462890625,275.90850830078125,383.9338684082031,311.71307373046875,421.2070007324219,0
6771,213.96885681152344,148.902099609375,493.3463134765625,149.7105255126953,117.56739044189453,324.61749267578125,126.4490737915039,371.7584533691406,156.91563415527344,346.6571960449219,133.18182373046875,349.0983581542969,143.3277130126953,363.19183349609375,168.19798278808594,378.9251708984375,209.15570068359375,367.1452941894531,273.8105773925781,385.89276123046875,311.1050720214844,422.4884948730469,0
6772,213.9589080810547,148.92156982421875,493.4294738769531,149.66201782226562,117.60037231445312,324.58990478515625,126.41780853271484,371.7627868652344,156.80128479003906,346.70709228515625,133.12942504882812,349.06976318359375,143.19631958007812,363.2123107910156,168.25184631347656,378.9154968261719,209.192626953125,367.1325988769531,273.82659912109375,385.8945007324219,311.0936584472656,422.4960632324219,0
6773,213.99302673339844,148.50851440429688,493.43212890625,149.73077392578125,117.46377563476562,320.3502502441406,126.90251159667969,369.4194030761719,156.60133361816406,343.744140625,133.6261749267578,346.84619140625,143.84117126464844,360.6482238769531,168.49014282226562,377.42279052734375,208.9357452392578,367.2803649902344,273.7411804199219,385.8402099609375,312.2719421386719,422.5921936035156,0
6774,213.9306182861328,148.67440795898438,493.5326232910156,149.58627319335938,119.52799987792969,314.61798095703125,125.66777801513672,365.3170471191406,156.97671508789062,341.0782775878906,133.97286987304688,342.1078186035156,142.8100128173828,356.8704833984375,165.9228515625,376.0189514160156,208.6072235107422,368.0258483886719,273.6880798339844,385.880859375,312.74383544921875,423.6142883300781,0
6775,213.95394897460938,148.51995849609375,493.4526672363281,149.56761169433594,118.92008209228516,314.0054626464844,125.22600555419922,364.27264404296875,157.08914184570312,339.8807067871094,133.85081481933594,341.47113037109375,142.58706665039062,356.0044250488281,165.8981475830078,374.39501953125,208.32000732421875,368.15679931640625,272.8936767578125,386.2002258300781,313.15948486328125,423.48150634765625,0
6776,213.92140197753906,148.3151397705078,493.4146423339844,149.66009521484375,119.72897338867188,319.0501403808594,126.64247131347656,367.3962097167969,157.68597412109375,342.7734069824219,135.14768981933594,344.8799133300781,143.6394500732422,358.8893127441406,166.4741973876953,374.7054138183594,207.88796997070312,369.63848876953125,272.38787841796875,386.6806945800781,313.3144836425781,422.74127197265625,0
6777,213.9454345703125,148.321533203125,493.44891357421875,149.56724548339844,119.73658752441406,319.03570556640625,126.59256744384766,367.4016418457031,157.73329162597656,342.7879638671875,135.1424560546875,344.8684387207031,143.57763671875,358.9193420410156,166.66058349609375,374.80584716796875,207.92018127441406,369.72705078125,272.3833312988281,386.66876220703125,313.3112487792969,422.7311096191406,0
6778,213.99252319335938,148.57667541503906,493.4006042480469,149.56561279296875,119.40895080566406,321.8689270019531,127.10973358154297,369.45361328125,158.85797119140625,343.2403259277344,135.78733825683594,346.6764831542969,144.77212524414062,360.4502258300781,167.62289428710938,376.8319091796875,208.11134338378906,370.1763000488281,272.8725280761719,386.69049072265625,314.3149719238281,422.7591247558594,0
6779,213.99032592773438,148.59085083007812,493.42742919921875,149.4604034423828,118.81407928466797,321.5193786621094,129.535888671875,370.44415283203125,159.6199951171875,344.6498718261719,137.95358276367188,347.4714050292969,147.4931640625,361.499267578125,169.80133056640625,377.418701171875,208.70147705078125,370.2275085449219,273.92230224609375,386.3276672363281,315.6375427246094,422.38079833984375,0
6780,214.15139770507812,148.5289306640625,493.43682861328125,149.40423583984375,120.2063217163086,319.6259460449219,129.72544860839844,369.9538269042969,160.77685546875,346.03912353515625,138.385498046875,346.5243225097656,147.762451171875,361.6611022949219,168.7758026123047,378.1319580078125,209.48562622070312,370.3573303222656,274.6842346191406,386.2465515136719,315.9166259765625,422.7338562011719,0
6781,214.08737182617188,148.7185516357422,493.3599853515625,149.521728515625,125.98603820800781,316.10430908203125,131.64666748046875,366.9313049316406,163.5234832763672,346.9022216796875,140.67254638671875,344.954345703125,148.48226928710938,361.6181335449219,170.83572387695312,379.3471984863281,213.90185546875,373.0997619628906,278.1227722167969,385.7860412597656,317.5395812988281,418.0673522949219,0
6782,214.0846405029297,148.73147583007812,493.36114501953125,149.52960205078125,125.98641967773438,316.11248779296875,131.65541076660156,366.9795227050781,163.50926208496094,346.89208984375,140.68405151367188,344.9810791015625,148.5281982421875,361.6354064941406,170.8488311767578,379.3208312988281,213.87744140625,373.10955810546875,278.03216552734375,385.7334289550781,317.47247314453125,417.8306579589844,0
6783,214.14622497558594,148.6538543701172,493.35888671875,149.63668823242188,129.77029418945312,320.3600769042969,134.7127227783203,370.8484802246094,165.67308044433594,347.6485595703125,142.30050659179688,348.2427978515625,152.37681579589844,362.5055847167969,177.3180389404297,383.2296142578125,218.92959594726562,378.75067138671875,284.8315124511719,389.9527587890625,326.27044677734375,419.3454284667969,0
6784,214.3284454345703,148.67630004882812,493.3351745605469,149.44720458984375,142.50848388671875,316.6652526855469,141.59141540527344,359.5631408691406,167.6747589111328,340.4227294921875,149.09947204589844,340.9319152832031,157.23582458496094,355.1958312988281,185.07168579101562,379.6684265136719,227.77731323242188,397.163818359375,294.7022705078125,401.5911865234375,343.7361145019531,421.8365783691406,0
6785,214.3000946044922,148.5977020263672,493.33148193359375,149.4099884033203,146.2012481689453,314.08831787109375,140.2463836669922,354.40875244140625,167.01303100585938,336.4878234863281,149.52719116210938,336.2820129394531,157.4341583251953,350.49853515625,184.60923767089844,377.6703796386719,227.9517364501953,398.188720703125,295.8641357421875,405.2808532714844,344.9971618652344,422.21600341796875,0
6786,214.3838348388672,148.63893127441406,493.3315734863281,149.48545837402344,150.06739807128906,309.0306091308594,138.4270782470703,346.918701171875,165.3965606689453,331.2882385253906,149.90097045898438,330.1870422363281,155.0356903076172,346.052490234375,184.05319213867188,375.158935546875,227.61375427246094,401.0807189941406,295.6678161621094,409.3260498046875,346.1269836425781,423.0516357421875,0
6787,214.38482666015625,148.6390380859375,493.3301696777344,149.477294921875,150.06520080566406,309.03558349609375,138.4249267578125,346.92413330078125,165.37701416015625,331.2867126464844,149.88555908203125,330.19244384765625,155.00689697265625,346.04388427734375,184.10647583007812,375.1429443359375,227.56875610351562,401.05322265625,295.6211853027344,409.3348693847656,346.1198425292969,423.04840087890625,0
6788,214.36474609375,148.62832641601562,493.27435302734375,149.4355926513672,146.9338836669922,304.83380126953125,136.3433837890625,344.5483093261719,163.22825622558594,328.7598571777344,147.19418334960938,328.3587341308594,152.26846313476562,342.3855285644531,181.04579162597656,374.7122497558594,226.34022521972656,402.810791015625,287.7564697265625,416.8099670410156,342.27410888671875,422.95196533203125,0
6789,214.1790771484375,148.59486389160156,493.40576171875,149.32510375976562,144.35150146484375,302.5665283203125,135.19723510742188,345.18603515625,163.28768920898438,329.09185791015625,146.11402893066406,328.3475341796875,151.75042724609375,342.6687316894531,179.74319458007812,375.128173828125,224.42654418945312,403.13214111328125,285.3767395019531,421.8016052246094,342.53033447265625,428.9456481933594,0
6790,214.1463623046875,148.532958984375,493.3086242675781,149.38299560546875,144.37254333496094,300.8030700683594,134.99952697753906,344.60968017578125,164.0623779296875,329.5824279785156,146.47235107421875,327.922119140625,152.1471710205078,342.95758056640625,179.44972229003906,375.48187255859375,223.7201385498047,403.2225646972656,285.3006896972656,422.3245849609375,342.30316162109375,429.3620300292969,0
6791,214.28482055664062,148.51731872558594,493.3770446777344,149.50466918945312,143.22129821777344,298.4015808105469,135.04591369628906,342.962890625,164.76199340820312,328.4775390625,146.9418182373047,324.9697570800781,152.08253479003906,340.06964111328125,177.7608642578125,374.0871887207031,222.34886169433594,404.2982482910156,279.0320739746094,425.5136413574219,338.1074523925781,430.1563415527344,0
6792,214.2818145751953,148.59291076660156,493.3808288574219,149.60948181152344,147.18182373046875,292.1724853515625,133.5107421875,333.85498046875,164.75013732910156,324.7651062011719,147.4083709716797,318.21148681640625,150.32203674316406,335.6639404296875,175.74693298339844,371.2279052734375,221.7525177001953,403.79852294921875,280.6767272949219,423.9258728027344,338.82171630859375,429.9617919921875,0
6793,214.169677734375,148.51576232910156,493.37542724609375,149.5970458984375,148.8723907470703,283.08026123046875,134.18148803710938,323.61590576171875,165.79908752441406,315.69879150390625,148.0298309326172,309.8175964355469,150.334716796875,325.6589050292969,171.32191467285156,367.7094421386719,218.467529296875,405.0747375488281,279.2274169921875,425.6313171386719,341.1997985839844,426.4576416015625,0
6794,214.22140502929688,148.4492645263672,493.3758544921875,149.58753967285156,148.9528045654297,269.39227294921875,134.71385192871094,309.6768493652344,165.7701416015625,304.6402587890625,148.14344787597656,296.71759033203125,149.67575073242188,313.0971374511719,166.23391723632812,358.3690490722656,212.24407958984375,405.57818603515625,260.5218811035156,429.2998046875,309.1377258300781,429.5935363769531,0
6795,214.18675231933594,148.55517578125,493.4671936035156,149.49496459960938,141.30722045898438,240.60897827148438,126.44549560546875,277.7756042480469,156.1393585205078,273.79638671875,140.47821044921875,265.60943603515625,141.62144470214844,282.8696594238281,157.6444854736328,332.3218688964844,191.62940979003906,397.7279052734375,222.173828125,428.7239990234375,263.6510009765625,443.9711608886719,0
6796,214.20550537109375,148.54869079589844,493.4983825683594,149.51185607910156,141.29757690429688,240.6082000732422,126.52104187011719,277.8994140625,156.1727752685547,273.9045715332031,140.5960235595703,265.72943115234375,141.62106323242188,282.9159240722656,157.79757690429688,332.8469543457031,191.65164184570312,397.74560546875,222.17674255371094,428.7282409667969,263.70831298828125,443.9787902832031,0
6797,214.12705993652344,148.71218872070312,493.3046875,149.5574951171875,143.58245849609375,235.03662109375,121.20330047607422,269.41021728515625,152.65798950195312,266.2984619140625,138.2452850341797,257.7489929199219,137.47914123535156,275.23834228515625,153.974853515625,324.5414733886719,181.7538299560547,389.0798034667969,213.3400421142578,426.5785827636719,264.1942443847656,452.5437316894531,0
6798,214.18614196777344,148.66928100585938,493.3476257324219,149.5634002685547,143.60752868652344,235.05120849609375,121.16018676757812,269.3457946777344,152.66737365722656,266.3131408691406,138.2407989501953,257.7071838378906,137.45252990722656,275.1827087402344,153.86935424804688,324.4515075683594,181.7882537841797,389.1177673339844,213.3763427734375,426.5878601074219,264.8589172363281,452.9523620605469,0
6799,214.2869110107422,148.6014862060547,493.40655517578125,149.48500061035156,141.77903747558594,224.64891052246094,119.78829956054688,257.7906494140625,152.00730895996094,256.64483642578125,136.4538116455078,247.54039001464844,136.1367645263672,263.3630065917969,147.06698608398438,316.144775390625,171.67840576171875,380.2110900878906,202.85325622558594,421.8229675292969,260.10595703125,450.7014465332031,0
6800,214.03372192382812,148.6354522705078,493.37823486328125,149.42388916015625,144.9994354248047,196.52577209472656,114.54029083251953,229.8579559326172,147.0775909423828,232.93943786621094,133.32398986816406,221.19004821777344,129.58486938476562,237.3607177734375,139.71087646484375,291.09600830078125,162.90875244140625,354.8443298339844,180.31614685058594,398.4781188964844,214.7917022705078,424.26763916015625,0
6801,214.00486755371094,148.7531280517578,493.4015808105469,149.4686737060547,154.56039428710938,191.56494140625,114.6944580078125,223.43838500976562,146.35755920410156,233.02650451660156,135.192626953125,217.7073974609375,127.72025299072266,234.43466186523438,138.18255615234375,282.6059265136719,167.41700744628906,338.2545471191406,195.71755981445312,384.6954040527344,249.64694213867188,410.6582946777344,0
6802,214.0045166015625,148.7532501220703,493.37567138671875,149.4588623046875,154.56045532226562,191.5653076171875,114.69515991210938,223.43923950195312,146.35777282714844,233.02684020996094,135.19281005859375,217.70860290527344,127.71926879882812,234.4356231689453,138.18209838867188,282.6070556640625,167.41888427734375,338.2222595214844,195.80242919921875,384.72296142578125,249.78958129882812,410.660888671875,0
6803,213.8015594482422,148.6819305419922,493.4227294921875,149.38082885742188,160.74151611328125,191.53501892089844,116.98124694824219,220.77098083496094,148.41685485839844,232.59457397460938,138.45016479492188,216.36119079589844,129.4085693359375,232.5635986328125,138.42056274414062,280.36407470703125,168.6075439453125,333.2841796875,199.61688232421875,378.6135559082031,259.4031982421875,406.78155517578125,0
6804,214.0081024169922,148.53512573242188,493.3012390136719,149.3681640625,165.61924743652344,184.46963500976562,120.89881134033203,212.09716796875,152.46311950683594,224.47344970703125,142.99627685546875,207.19656372070312,133.4513702392578,222.9735870361328,142.58523559570312,275.5329284667969,169.0354766845703,332.0328369140625,198.84262084960938,377.7904968261719,258.5948181152344,403.1664733886719,0
6805,213.95181274414062,148.45986938476562,493.2430114746094,149.3577423095703,161.3821563720703,177.6766357421875,121.02220153808594,208.95834350585938,152.07546997070312,218.90673828125,142.13980102539062,201.12435913085938,134.1239013671875,219.15492248535156,140.8902587890625,268.39349365234375,165.18359375,329.85150146484375,189.3376007080078,380.661376953125,244.94744873046875,408.05584716796875,0
6806,213.8868865966797,148.9088134765625,493.31195068359375,149.32261657714844,147.9842987060547,167.3717803955078,117.25791931152344,200.65451049804688,148.79522705078125,205.3130340576172,135.33013916015625,191.95616149902344,130.9696502685547,209.60610961914062,134.67906188964844,260.5868835449219,147.8768310546875,322.2392883300781,162.40545654296875,377.8232421875,200.1957244873047,410.4582214355469,0
6807,214.02171325683594,148.72708129882812,493.2843017578125,149.3271484375,141.4311981201172,159.85633850097656,112.0116958618164,192.62489318847656,143.57566833496094,196.2966766357422,130.5325927734375,184.244140625,126.32703399658203,201.14566040039062,127.30625915527344,255.00013732910156,137.93553161621094,316.4342041015625,149.12158203125,376.7187194824219,183.00917053222656,413.3842468261719,0
6808,213.96731567382812,148.7786865234375,493.15472412109375,149.42291259765625,136.5395965576172,151.481689453125,109.67430114746094,181.75230407714844,138.89768981933594,185.7836151123047,126.50239562988281,173.5784912109375,121.75723266601562,190.7904815673828,124.16468811035156,251.3855743408203,131.71966552734375,311.9798278808594,135.40695190429688,374.1983947753906,170.66738891601562,416.9308776855469,0
6809,213.8822479248047,148.56044006347656,493.2220153808594,149.36203002929688,135.05149841308594,140.68096923828125,107.1723861694336,169.7190704345703,136.38632202148438,174.67091369628906,124.06698608398438,163.0562744140625,119.96028137207031,180.0276336669922,122.94109344482422,237.1420135498047,130.45733642578125,303.9064636230469,131.48309326171875,369.299072265625,168.36859130859375,419.13922119140625,0
6810,213.99139404296875,148.6753387451172,493.1501159667969,149.39501953125,132.8192901611328,114.56770324707031,105.56201934814453,144.65087890625,135.8340606689453,148.89541625976562,123.45771026611328,136.543701171875,119.61466217041016,153.70220947265625,121.04212951660156,215.28724670410156,132.1681671142578,278.5542297363281,131.96629333496094,324.0472412109375,140.20130920410156,356.4918212890625,0
6811,213.9916229248047,148.85792541503906,493.130615234375,149.4685821533203,132.2399139404297,102.7300796508789,106.53983306884766,135.1360626220703,137.33596801757812,137.97825622558594,123.37045288085938,126.38064575195312,120.27330017089844,142.05540466308594,121.67051696777344,201.5193328857422,135.8872528076172,261.77459716796875,136.72625732421875,308.7995300292969,151.55624389648438,343.5257873535156,0
6812,213.9876708984375,148.83505249023438,493.0951232910156,149.52928161621094,132.28431701660156,102.69654846191406,106.44277954101562,135.10238647460938,137.36898803710938,138.12429809570312,123.36626434326172,126.42414855957031,120.16287231445312,142.17276000976562,120.71612548828125,202.36871337890625,135.714111328125,261.6072998046875,136.78268432617188,308.7917175292969,151.54547119140625,343.5275573730469,0
6813,213.97877502441406,148.54490661621094,493.12115478515625,149.57281494140625,128.3297882080078,92.12968444824219,106.66770935058594,124.92388153076172,136.07681274414062,128.0400390625,123.04090881347656,116.29846954345703,120.94308471679688,133.13417053222656,121.58149719238281,188.68411254882812,138.56280517578125,251.88734436035156,143.1461181640625,309.2703552246094,177.82017517089844,360.8262634277344,0
6814,213.93138122558594,148.65133666992188,493.2118225097656,149.64674377441406,114.72698974609375,78.28932189941406,102.3848648071289,121.86878204345703,134.25245666503906,117.53951263427734,115.83887481689453,108.11306762695312,118.0235595703125,124.85516357421875,122.59503936767578,177.42478942871094,132.1696014404297,239.5963134765625,142.51400756835938,303.1658935546875,177.73561096191406,348.7660827636719,0
6815,213.94053649902344,148.55682373046875,493.3061828613281,149.6047821044922,98.19371032714844,72.18085479736328,93.73558044433594,119.79838562011719,125.1070327758789,109.57193756103516,105.26385498046875,102.41912078857422,109.67037200927734,119.49549865722656,116.50775146484375,168.88685607910156,120.40160369873047,228.64073181152344,112.4154281616211,276.2159729003906,115.95569610595703,309.80377197265625,0
6816,213.94326782226562,148.5623321533203,493.3162841796875,149.6107940673828,98.19487762451172,72.17362213134766,93.74871063232422,119.8043212890625,125.12166595458984,109.58649444580078,105.2591552734375,102.40880584716797,109.6822509765625,119.51469421386719,116.50192260742188,168.9296875,120.35617065429688,228.58682250976562,112.56227111816406,275.9866027832031,115.9728775024414,309.5967102050781,0
6817,214.04339599609375,148.56214904785156,493.2828674316406,149.54331970214844,94.5084228515625,69.45704650878906,92.00634765625,117.04283905029297,122.37032318115234,107.81527709960938,102.6530532836914,99.1474838256836,107.82736206054688,116.45375061035156,116.02754974365234,166.43466186523438,118.96414947509766,224.54104614257812,105.70399475097656,285.7989196777344,128.90438842773438,350.33331298828125,0
6818,213.90463256835938,148.62989807128906,493.24224853515625,149.4838104248047,88.91690826416016,60.90585708618164,90.71548461914062,109.22698974609375,121.21210479736328,97.44676208496094,100.25218963623047,91.4576416015625,107.6423568725586,107.4210433959961,118.28372192382812,156.98452758789062,130.21372985839844,213.0103302001953,121.96052551269531,259.2891540527344,114.8050537109375,285.91851806640625,0
6819,213.9098358154297,148.68603515625,493.18316650390625,149.3572998046875,88.3709945678711,56.35196304321289,90.54850006103516,105.92784881591797,120.85187530517578,93.20710754394531,99.75708770751953,87.76778411865234,107.51020812988281,103.46302032470703,122.5459976196289,149.81463623046875,141.0780792236328,206.1727752685547,142.00892639160156,241.72332763671875,138.0858612060547,275.8089904785156,0
6820,214.20082092285156,148.732421875,493.2379455566406,149.4645538330078,87.0288314819336,53.88958740234375,93.53155517578125,104.71756744384766,122.19259643554688,86.9310531616211,100.5530776977539,84.77767181396484,110.05481719970703,99.52491760253906,128.83827209472656,144.89622497558594,147.7687225341797,200.9735870361328,153.18563842773438,262.21759033203125,174.60345458984375,317.0873107910156,0
6821,214.28018188476562,148.7191162109375,493.2273254394531,149.451416015625,87.07291412353516,53.8895378112793,93.5451431274414,104.74876403808594,122.18244171142578,86.95738983154297,100.55757141113281,84.8053970336914,110.05522918701172,99.54720306396484,128.84178161621094,144.91867065429688,147.7730255126953,200.9674072265625,153.16500854492188,262.212646484375,174.60337829589844,317.0823669433594,0
6822,214.4293670654297,148.76441955566406,493.24462890625,149.49095153808594,87.68386840820312,53.900089263916016,94.27252960205078,104.13951110839844,122.95331573486328,86.27142333984375,101.3915786743164,84.39230346679688,110.78028869628906,98.71183776855469,130.343505859375,143.79933166503906,147.37286376953125,199.92703247070312,149.47589111328125,254.0234375,155.39376831054688,297.6344909667969,0
6823,214.51820373535156,148.86776733398438,493.2545471191406,149.52244567871094,84.25277709960938,50.494590759277344,91.9852523803711,102.88429260253906,122.6611099243164,83.80864715576172,99.50648498535156,81.77876281738281,109.41972351074219,96.7538070678711,128.87371826171875,141.11807250976562,147.41354370117188,196.230224609375,145.52476501464844,245.8212432861328,142.63153076171875,293.6191101074219,0
6824,214.3591766357422,148.760009765625,493.1615295410156,149.47061157226562,82.476806640625,49.39491271972656,90.24430084228516,102.88587951660156,120.69992065429688,82.31655883789062,97.6146011352539,81.00585174560547,107.4845962524414,95.2919692993164,129.02615356445312,138.3297576904297,148.00965881347656,194.22804260253906,145.31845092773438,250.77743530273438,146.10992431640625,318.4720153808594,0
6825,214.14352416992188,148.5769805908203,493.0350646972656,149.42579650878906,75.44906616210938,59.230712890625,89.24617767333984,107.04851531982422,119.2625503540039,84.84536743164062,94.73860931396484,86.06338500976562,106.88433837890625,100.08396911621094,127.23045349121094,139.05970764160156,145.39956665039062,187.2141571044922,144.70309448242188,227.56802368164062,132.8441925048828,267.11761474609375,0
6826,214.13980102539062,148.58642578125,493.1676025390625,149.32894897460938,75.45146942138672,59.248600006103516,89.27410125732422,107.03266143798828,119.24311065673828,84.79924774169922,94.73316955566406,86.06914520263672,106.87297821044922,100.07136535644531,127.2904281616211,139.0208282470703,145.39935302734375,187.2421875,144.7191925048828,227.6262969970703,132.81532287597656,267.1332702636719,0
6827,214.1797637939453,148.79385375976562,493.17657470703125,149.35232543945312,74.3907699584961,66.00094604492188,89.01778411865234,112.98187255859375,119.6624755859375,89.03666687011719,95.17383575439453,89.48282623291016,106.95673370361328,103.844970703125,126.62024688720703,140.81060791015625,146.27825927734375,186.18226623535156,143.57763671875,226.2120361328125,123.99150848388672,262.7456359863281,0
6828,214.52520751953125,149.139892578125,493.062255859375,149.34671020507812,71.68853759765625,78.9487533569336,92.46729278564453,122.17425537109375,120.92369842529297,94.52352142333984,95.85972595214844,98.90397644042969,109.85582733154297,111.31051635742188,133.416748046875,138.58737182617188,160.39590454101562,176.26492309570312,153.23158264160156,223.9227294921875,106.1554183959961,277.72332763671875,0
6829,214.3687744140625,148.85166931152344,493.1486511230469,149.36244201660156,73.26099395751953,88.44609832763672,95.52095031738281,130.54713439941406,120.40768432617188,100.18656158447266,97.3035659790039,107.12220001220703,111.98201751708984,119.21110534667969,135.20814514160156,140.86599731445312,167.7722930908203,176.73712158203125,165.00001525878906,222.60621643066406,116.71188354492188,265.9672546386719,0
6830,214.72085571289062,149.1262664794922,493.363525390625,149.5973358154297,83.81165313720703,99.69271850585938,98.04756927490234,142.777587890625,119.78498840332031,115.11489868164062,98.13734436035156,119.85338592529297,110.32394409179688,131.7562713623047,138.02560424804688,146.09713745117188,169.52293395996094,172.1463623046875,201.3011932373047,203.65432739257812,180.40090942382812,255.59005737304688,0
6831,214.6713104248047,149.1083221435547,493.245849609375,149.69110107421875,83.81160736083984,99.68965148925781,98.04792785644531,142.781005859375,119.79630279541016,115.11690521240234,98.14282989501953,119.85658264160156,110.3375244140625,131.76060485839844,138.00328063964844,146.09161376953125,169.5277862548828,172.1309356689453,201.29600524902344,203.66549682617188,180.44369506835938,255.55943298339844,0
6832,214.6374969482422,149.1942596435547,493.0345458984375,149.7999267578125,82.99175262451172,104.3529052734375,100.90492248535156,150.00735473632812,120.25466918945312,119.81790161132812,99.21049499511719,125.46974182128906,112.68063354492188,136.461669921875,140.19000244140625,148.87869262695312,169.75067138671875,173.89028930664062,205.8925323486328,203.8598175048828,232.87142944335938,228.2185821533203,0
6833,214.54901123046875,149.1433868408203,493.1324157714844,149.8706817626953,80.45570373535156,108.87348937988281,104.21479034423828,153.19845581054688,121.96438598632812,123.10285186767578,100.62049102783203,129.65721130371094,115.29956817626953,140.82391357421875,143.93162536621094,150.9180450439453,170.10316467285156,174.32412719726562,215.17703247070312,215.43353271484375,257.2413024902344,252.96035766601562,0
6834,214.59271240234375,148.73416137695312,493.2767333984375,149.76846313476562,83.81895446777344,107.44542694091797,104.15139770507812,152.74745178222656,122.3412094116211,122.80862426757812,101.88500213623047,128.97061157226562,115.78814697265625,140.11961364746094,143.69923400878906,151.1158447265625,170.3382110595703,174.3407440185547,215.4178466796875,216.26951599121094,262.1321716308594,257.35491943359375,0
6835,214.54953002929688,148.73765563964844,493.25067138671875,149.7589569091797,83.8229751586914,107.44182586669922,104.14470672607422,152.74330139160156,122.3447265625,122.8076400756836,101.88996887207031,128.97068786621094,115.79076385498047,140.12091064453125,143.7034912109375,151.11691284179688,170.3418731689453,174.34909057617188,215.4298095703125,216.31219482421875,262.1876525878906,257.26751708984375,0
6836,214.69313049316406,148.835693359375,493.32421875,149.7913360595703,87.8961181640625,106.2105712890625,101.93363189697266,150.2915496826172,121.44732666015625,121.38203430175781,102.97249603271484,127.41053009033203,115.52584075927734,138.0750732421875,143.43280029296875,150.21112060546875,171.03424072265625,174.5983428955078,214.212890625,216.81553649902344,261.63720703125,256.8801574707031,0
6837,214.67337036132812,148.78224182128906,493.32257080078125,149.78292846679688,87.88082885742188,106.22703552246094,101.93956756591797,150.1873016357422,121.46311950683594,121.36186218261719,102.96898651123047,127.3851089477539,115.53596496582031,138.0010528564453,143.4416046142578,150.1788787841797,171.08056640625,174.6046905517578,214.2167205810547,216.85183715820312,261.809814453125,257.01416015625,0
6838,214.5642547607422,149.0370635986328,493.3731689453125,149.57135009765625,86.0669174194336,106.1788558959961,102.00381469726562,150.1043243408203,120.7679443359375,121.09198760986328,101.7536392211914,127.35690307617188,115.29940032958984,138.1284942626953,143.48146057128906,150.04507446289062,171.12106323242188,174.5447998046875,212.83824157714844,217.0374298095703,258.8575134277344,254.72743225097656,0
6839,214.6831512451172,148.9413604736328,493.52874755859375,149.70606994628906,71.80581665039062,113.85226440429688,100.2599868774414,151.9769287109375,117.02031707763672,121.03286743164062,96.21539306640625,129.21803283691406,111.9975814819336,138.4598388671875,142.95529174804688,148.34033203125,171.12149047851562,174.5693817138672,212.9797821044922,217.60398864746094,257.3448791503906,255.92190551757812,0
6840,214.61463928222656,148.9324951171875,493.39105224609375,149.7477264404297,65.47322845458984,121.19229125976562,101.6739730834961,153.32252502441406,113.85505676269531,120.78474426269531,93.26101684570312,131.88577270507812,109.77200317382812,138.6326904296875,142.695068359375,146.97987365722656,170.31497192382812,174.397216796875,210.51446533203125,218.58041381835938,252.05923461914062,259.22735595703125,0
6841,214.6919403076172,148.9117431640625,493.4945373535156,149.82421875,63.99556350708008,130.6217041015625,102.30543518066406,156.96286010742188,111.18407440185547,125.79557800292969,93.52027893066406,137.9342498779297,110.81666564941406,142.55709838867188,141.98916625976562,147.26878356933594,169.995849609375,175.43328857421875,210.68426513671875,222.2179412841797,246.1580810546875,267.5877685546875,0
6842,214.6108856201172,148.8644256591797,493.4359436035156,149.6617889404297,66.17485046386719,132.03436279296875,103.55122375488281,160.98291015625,112.20455169677734,127.6901626586914,94.0164566040039,140.14877319335938,111.4279556274414,144.81336975097656,143.07122802734375,149.15982055664062,170.0177459716797,174.05934143066406,210.71983337402344,218.20553588867188,240.7542266845703,267.17547607421875,0
6843,214.58380126953125,148.92919921875,493.4345397949219,149.6634979248047,66.17228698730469,132.05770874023438,103.53350830078125,160.9680938720703,112.16680145263672,127.67706298828125,94.05387878417969,140.0742950439453,111.39043426513672,144.6981658935547,143.0846710205078,149.17190551757812,170.0204620361328,174.0687713623047,210.65924072265625,218.17926025390625,240.70236206054688,267.0505676269531,0
6844,214.4443817138672,148.87814331054688,493.4383850097656,149.6911163330078,64.9224624633789,134.7626953125,103.94074249267578,163.70558166503906,112.50642395019531,129.7313232421875,95.72330474853516,142.48304748535156,110.49779510498047,147.77481079101562,143.68035888671875,150.06185913085938,169.44847106933594,174.16957092285156,215.45126342773438,214.9408721923828,246.72325134277344,268.2541809082031,0
6845,214.35427856445312,149.0345001220703,493.4812927246094,149.70118713378906,64.77877044677734,134.07359313964844,101.56258392333984,165.0360870361328,112.74716186523438,132.3361358642578,94.41365051269531,144.00733947753906,110.37100219726562,150.28515625,142.51290893554688,152.12454223632812,168.6621856689453,171.71253967285156,216.5470733642578,211.92706298828125,251.75697326660156,260.45343017578125,0
6846,214.1100311279297,148.82757568359375,493.4440002441406,149.72283935546875,76.2187271118164,131.64837646484375,111.77657318115234,169.06011962890625,120.42670440673828,137.87474060058594,100.99496459960938,147.18894958496094,117.93946838378906,154.02655029296875,145.2078094482422,155.59475708007812,168.76390075683594,169.46461486816406,223.68772888183594,205.56834411621094,264.60113525390625,246.21597290039062,0
6847,214.0837860107422,148.87498474121094,493.448486328125,149.72848510742188,76.24488067626953,131.6339874267578,111.84796142578125,169.06982421875,120.49886322021484,137.90423583984375,101.0533447265625,147.18704223632812,117.96520233154297,154.1265869140625,145.22311401367188,155.57569885253906,168.76473999023438,169.4831085205078,223.8009033203125,205.61935424804688,264.606201171875,246.22598266601562,0
6848,214.18002319335938,149.05287170410156,493.5027770996094,149.78541564941406,77.33303833007812,131.1243133544922,113.860107421875,168.59600830078125,125.2402114868164,138.10284423828125,104.64844512939453,147.57833862304688,119.90058898925781,154.32810974121094,147.6568603515625,156.20050048828125,169.30657958984375,169.55764770507812,223.8884735107422,205.27928161621094,264.640625,246.11297607421875,0
6849,214.141357421875,149.10018920898438,493.50048828125,149.73892211914062,75.7240982055664,131.7583770751953,114.38751983642578,167.9690399169922,125.44082641601562,134.6100311279297,104.9404296875,145.68698120117188,120.50501251220703,152.0810089111328,148.5231170654297,154.85179138183594,169.02293395996094,169.14700317382812,223.42282104492188,205.4462890625,262.9566650390625,246.74826049804688,0
6850,214.0665283203125,149.22271728515625,493.5747985839844,149.58729553222656,74.48756408691406,131.96231079101562,113.6370620727539,167.55662536621094,124.19944763183594,133.08619689941406,104.20731353759766,145.52294921875,119.96180725097656,151.51229858398438,149.25698852539062,152.5701141357422,168.7769012451172,169.1824188232422,222.79525756835938,205.16644287109375,263.7062683105469,246.33030700683594,0
6851,214.13150024414062,149.08425903320312,493.47296142578125,149.55953979492188,68.002197265625,137.609375,110.98047637939453,166.85052490234375,115.98277282714844,131.01571655273438,96.88496398925781,145.18508911132812,114.80850982666016,149.851318359375,146.27748107910156,150.3907012939453,168.3953399658203,169.11949157714844,221.79251098632812,203.8399200439453,264.0919494628906,246.33743286132812,0
6852,214.13021850585938,149.08419799804688,493.4617614746094,149.56155395507812,68.0027084350586,137.61077880859375,110.98035430908203,166.851318359375,115.98165893554688,131.01580810546875,96.8838882446289,145.18423461914062,114.80719757080078,149.8511505126953,146.27781677246094,150.39114379882812,168.3950653076172,169.1184844970703,221.79100036621094,203.83255004882812,264.11004638671875,246.34622192382812,0
6853,214.19960021972656,149.02450561523438,493.15484619140625,149.5218505859375,60.19466018676758,138.75146484375,103.1303939819336,165.4781951904297,110.95259094238281,130.51321411132812,93.86906433105469,144.14395141601562,108.99125671386719,148.86729431152344,142.46292114257812,148.77291870117188,169.11289978027344,169.19815063476562,221.99330139160156,204.3421630859375,263.259765625,247.03993225097656,0
6854,214.275634765625,148.92453002929688,493.10595703125,149.67623901367188,58.1786994934082,153.9259796142578,104.68514251708984,168.29788208007812,104.91487121582031,135.31253051757812,89.07991790771484,151.42469787597656,104.41744232177734,152.35726928710938,137.82098388671875,146.80284118652344,167.8202667236328,169.08651733398438,218.10379028320312,204.62437438964844,260.8443603515625,245.7626953125,0
6855,214.312744140625,148.9969940185547,493.05548095703125,149.51206970214844,56.11341857910156,156.85769653320312,103.39032745361328,171.36244201660156,102.63343811035156,138.30982971191406,88.50208282470703,153.48916625976562,104.83724212646484,154.39710998535156,136.05393981933594,147.80369567871094,168.2515106201172,169.04989624023438,218.50503540039062,204.80514526367188,261.0328063964844,245.8135986328125,0
6856,214.1156005859375,148.77061462402344,492.93817138671875,149.55374145507812,56.17107009887695,167.1654052734375,104.31641387939453,178.4530029296875,102.89598083496094,143.9055938720703,86.93910217285156,161.07220458984375,101.85445404052734,160.21484375,134.58297729492188,147.46078491210938,167.53182983398438,168.06480407714844,217.50477600097656,204.4382781982422,260.721435546875,245.66525268554688,0
6857,214.16616821289062,148.8207550048828,492.90692138671875,149.57424926757812,56.16392135620117,167.14285278320312,104.27701568603516,178.45355224609375,102.77806091308594,143.92132568359375,87.52693176269531,161.34388732910156,101.73800659179688,160.25033569335938,134.4936065673828,147.33860778808594,167.55038452148438,168.06211853027344,217.5432891845703,204.4524688720703,260.7634582519531,245.70928955078125,0
6858,214.20420837402344,148.8174591064453,492.9583740234375,149.59397888183594,53.98885726928711,169.46566772460938,102.50382995605469,181.2779998779297,101.06437683105469,145.8272247314453,86.09384155273438,164.4783172607422,98.6875,162.21751403808594,133.9556427001953,148.26429748535156,167.21371459960938,166.92892456054688,216.45751953125,203.98468017578125,259.5036315917969,244.53102111816406,0
6859,214.0598602294922,149.12008666992188,493.0580749511719,149.64793395996094,51.95222854614258,173.39791870117188,102.78644561767578,184.7525634765625,100.67124938964844,150.85247802734375,84.17848205566406,170.28224182128906,98.06974792480469,168.49603271484375,133.6195526123047,150.98226928710938,166.3267822265625,165.15066528320312,215.17312622070312,203.5364227294922,259.1257019042969,244.2185821533203,0
6860,214.06178283691406,148.9796600341797,493.0221862792969,149.70071411132812,51.547122955322266,175.77232360839844,102.26431274414062,189.058349609375,99.3061294555664,153.3995819091797,85.1258773803711,171.49708557128906,99.37288665771484,170.62576293945312,132.52197265625,152.98255920410156,166.10366821289062,164.47418212890625,214.82391357421875,204.22598266601562,259.8230895996094,245.65574645996094,0
6861,213.99221801757812,149.04112243652344,493.1251525878906,149.7080535888672,56.34181213378906,183.66746520996094,106.45232391357422,193.8396759033203,102.46397399902344,157.64129638671875,86.3909912109375,176.83868408203125,101.2305679321289,175.193603515625,132.5569305419922,154.33152770996094,166.45596313476562,163.97654724121094,213.49813842773438,205.46546936035156,260.197998046875,246.20640563964844,0
6862,213.9808807373047,149.0590362548828,493.1249084472656,149.7100830078125,56.33726119995117,183.66754150390625,106.45030212402344,193.81214904785156,102.39714813232422,157.6240692138672,86.34026336669922,176.84693908691406,101.18473815917969,175.23641967773438,132.7497100830078,154.19422912597656,166.4555206298828,163.99588012695312,213.53770446777344,205.50038146972656,260.2301940917969,246.143798828125,0
6863,214.14723205566406,149.14559936523438,493.0632019042969,149.64877319335938,58.378021240234375,187.0408172607422,107.6821060180664,195.47665405273438,102.56903076171875,159.26609802246094,87.61292266845703,179.60389709472656,101.76322937011719,175.7027130126953,130.4143524169922,154.58251953125,166.69422912597656,163.8971710205078,212.968994140625,206.26792907714844,259.6182861328125,245.49603271484375,0
6864,214.16546630859375,149.2326202392578,492.99664306640625,149.7095947265625,59.84463119506836,186.13796997070312,109.85763549804688,198.75228881835938,107.66333770751953,160.00494384765625,89.7040023803711,181.42413330078125,105.53392028808594,178.5759735107422,131.71011352539062,155.81680297851562,166.66722106933594,163.53001403808594,212.90663146972656,206.8729248046875,259.8671569824219,246.025634765625,0
6865,214.0581817626953,149.30386352539062,492.9104919433594,149.58213806152344,58.96463394165039,186.00291442871094,109.29036712646484,198.65499877929688,106.95095825195312,159.2614288330078,89.19625091552734,181.05398559570312,103.99368286132812,177.33599853515625,131.48272705078125,155.8731231689453,167.00631713867188,163.37489318847656,212.6126251220703,206.86001586914062,259.6819152832031,246.41644287109375,0
6866,214.05990600585938,149.12167358398438,493.06036376953125,149.58404541015625,57.855194091796875,186.1303253173828,108.15602111816406,198.4574737548828,104.83989715576172,159.61013793945312,88.03242492675781,180.91151428222656,102.58674621582031,177.39053344726562,130.579833984375,155.48724365234375,166.9348602294922,163.07086181640625,212.70611572265625,206.82534790039062,260.0777893066406,246.3502960205078,0
6867,214.20315551757812,149.15037536621094,493.0826721191406,149.62461853027344,56.609580993652344,185.89170837402344,107.10514831542969,198.1513214111328,103.5809555053711,159.6680450439453,87.22257995605469,180.5222625732422,101.51337432861328,177.54843139648438,130.00021362304688,154.97445678710938,167.06451416015625,162.76239013671875,212.66265869140625,206.78939819335938,259.7551574707031,245.7251434326172,0
6868,214.21292114257812,149.10763549804688,493.0882568359375,149.61582946777344,56.63295364379883,185.89382934570312,107.02735900878906,198.18893432617188,103.5326919555664,159.62535095214844,87.23516845703125,180.45846557617188,101.521240234375,177.4888916015625,130.05625915527344,155.03831481933594,167.07867431640625,162.8410186767578,212.6212921142578,206.73509216308594,259.8682556152344,245.64117431640625,0
6869,214.35667419433594,149.05987548828125,493.23736572265625,149.61306762695312,56.30387878417969,186.05783081054688,106.55918884277344,198.7064208984375,103.067626953125,159.97018432617188,87.24526977539062,181.05162048339844,101.46681213378906,178.0430145263672,129.9582061767578,155.26837158203125,167.1171875,162.86856079101562,212.396240234375,206.70831298828125,259.455322265625,245.5146026611328,0
6870,214.3021240234375,149.08827209472656,493.3315734863281,149.35556030273438,56.2771110534668,186.7530059814453,107.21935272216797,199.19186401367188,103.09833526611328,160.382080078125,87.55416870117188,181.92587280273438,102.2219467163086,178.2465362548828,130.1215362548828,155.86280822753906,167.10382080078125,162.80862426757812,212.40232849121094,206.88607788085938,259.70404052734375,246.1289825439453,0
6871,214.23648071289062,148.9611358642578,493.3377685546875,149.3168487548828,56.30054473876953,187.7382354736328,107.03666687011719,200.15660095214844,102.35145568847656,161.1754150390625,87.29427337646484,182.72113037109375,101.88867950439453,178.8818359375,130.2412567138672,156.66421508789062,167.13839721679688,162.98931884765625,212.06417846679688,206.85646057128906,259.38421630859375,245.68283081054688,0
6872,214.2105712890625,148.7435760498047,493.2751159667969,149.32168579101562,56.25309753417969,187.83155822753906,106.77716827392578,200.21893310546875,102.2485122680664,160.99888610839844,87.08783721923828,182.46768188476562,101.73767852783203,178.70440673828125,130.45486450195312,156.8686065673828,167.11546325683594,162.7752227783203,212.24652099609375,206.82839965820312,259.3052062988281,245.5321044921875,0
6873,214.23406982421875,148.9995880126953,493.2903137207031,149.2801971435547,55.43129348754883,186.61412048339844,106.4747543334961,199.86703491210938,103.73236083984375,161.03636169433594,86.54098510742188,182.16900634765625,100.94660186767578,178.79925537109375,130.0517578125,156.82879638671875,167.21946716308594,162.8099822998047,212.26817321777344,206.74313354492188,259.53179931640625,245.8194580078125,0
6874,214.0775909423828,149.07395935058594,493.2412109375,149.29202270507812,53.9420280456543,185.57208251953125,105.08113098144531,199.5502471923828,102.25778198242188,161.25611877441406,85.6353988647461,182.8982696533203,99.56592559814453,179.15748596191406,128.65975952148438,156.73757934570312,167.100341796875,162.61875915527344,211.82505798339844,206.41925048828125,259.08380126953125,244.96461486816406,0
6875,214.1700439453125,148.6462860107422,493.3008117675781,149.27560424804688,52.47596740722656,184.84603881835938,101.9204330444336,197.97882080078125,100.09149932861328,161.3277587890625,83.51356506347656,182.5639190673828,97.82716369628906,179.2975311279297,127.63789367675781,156.2573699951172,167.22642517089844,162.6341094970703,211.94590759277344,206.6260986328125,258.8150634765625,244.8033447265625,0
6876,214.1531219482422,148.67611694335938,493.3177490234375,149.22752380371094,52.46577453613281,184.84228515625,101.9336929321289,197.98300170898438,100.06678771972656,161.3605194091797,83.51112365722656,182.61187744140625,97.8221435546875,179.33775329589844,127.58796691894531,156.30934143066406,167.22625732421875,162.5939483642578,211.95310974121094,206.60499572753906,258.81195068359375,244.79669189453125,0
6877,214.1961669921875,148.98350524902344,493.3900451660156,149.3027801513672,51.44894790649414,185.08433532714844,101.57080078125,197.5155792236328,98.51908111572266,161.5532989501953,82.71916198730469,182.7360076904297,97.02545166015625,179.22828674316406,127.28446197509766,155.96844482421875,167.149169921875,162.47021484375,211.8360137939453,206.46778869628906,258.2291259765625,244.75479125976562,0
6878,214.27149963378906,148.85365295410156,493.59075927734375,149.38951110839844,50.83739471435547,186.3844451904297,101.24378967285156,198.49539184570312,96.99623107910156,162.04067993164062,82.1568832397461,183.61509704589844,96.53404998779297,180.0944061279297,127.15119171142578,156.0720672607422,167.2034912109375,162.6072540283203,211.93411254882812,206.7527313232422,258.56829833984375,244.99807739257812,0
6879,214.34033203125,148.6977081298828,493.5778503417969,149.3919677734375,54.62200164794922,190.99700927734375,104.46357727050781,198.5061798095703,97.06045532226562,162.705322265625,83.96548461914062,184.20135498046875,97.80986022949219,179.63040161132812,127.93376922607422,155.55801391601562,167.05491638183594,162.28900146484375,211.1332550048828,206.41680908203125,258.2803955078125,244.71725463867188,0
6880,214.35447692871094,149.2928466796875,493.6693420410156,149.3748016357422,64.75071716308594,202.2964324951172,114.41871643066406,192.61683654785156,95.8082275390625,167.11834716796875,91.98042297363281,184.22744750976562,102.76304626464844,178.47845458984375,131.362548828125,151.08609008789062,168.77403259277344,163.0163116455078,211.9153289794922,206.35971069335938,258.85845947265625,244.13070678710938,0
6881,214.19595336914062,149.22921752929688,493.5948486328125,149.37852478027344,67.86224365234375,201.13026428222656,114.53912353515625,192.408447265625,93.46587371826172,168.65513610839844,93.25304412841797,183.80740356445312,104.80038452148438,177.75108337402344,132.55496215820312,149.181396484375,169.49717712402344,163.36705017089844,212.7467498779297,206.62725830078125,261.0035705566406,245.6087188720703,0
6882,214.1779022216797,149.22813415527344,493.5732116699219,149.38584899902344,67.85614776611328,201.1116180419922,114.52962493896484,192.39242553710938,93.46881103515625,168.6366729736328,93.26411437988281,183.79122924804688,104.78131866455078,177.7595672607422,132.5767364501953,149.213134765625,169.4517059326172,163.367919921875,212.8240509033203,206.6623992919922,261.1927185058594,245.73866271972656,0
6883,214.4940948486328,149.0813751220703,493.4681396484375,149.3445587158203,69.73161315917969,198.9700469970703,115.09834289550781,191.74966430664062,93.63716125488281,168.2965545654297,93.66766357421875,185.93446350097656,105.90385437011719,176.43954467773438,133.7304229736328,146.9971466064453,171.29425048828125,162.97291564941406,212.93885803222656,206.5131072998047,260.99371337890625,245.50064086914062,0
6884,215.11399841308594,149.33853149414062,493.52703857421875,149.38270568847656,83.3275375366211,204.0493927001953,120.62640380859375,193.291259765625,97.3058090209961,174.28378295898438,100.6520004272461,190.2588653564453,109.63993072509766,179.24673461914062,134.58380126953125,146.2689666748047,175.83047485351562,160.7084197998047,213.7384490966797,207.26742553710938,260.6700744628906,246.40982055664062,0
6885,214.62083435058594,149.7101593017578,493.6299133300781,149.38880920410156,85.12973022460938,215.12591552734375,120.52238464355469,204.54090881347656,97.48042297363281,185.93692016601562,99.45527648925781,201.7970733642578,110.59752655029297,190.55113220214844,137.5830841064453,156.57992553710938,180.67083740234375,134.82862854003906,227.5946044921875,217.86917114257812,197.66944885253906,184.4241180419922,0
6886,214.16000366210938,149.1741485595703,493.5848083496094,149.2886962890625,87.54718780517578,222.67572021484375,120.8540267944336,213.93528747558594,101.07141876220703,194.54087829589844,102.35469055175781,209.5149383544922,111.79383087158203,198.53302001953125,139.0938262939453,158.8116912841797,180.70025634765625,136.11221313476562,231.41891479492188,216.68695068359375,199.40585327148438,185.09744262695312,0
6887,214.13572692871094,149.17066955566406,493.6109924316406,149.27357482910156,87.60326385498047,222.5545196533203,120.77522277832031,213.94320678710938,101.07344818115234,194.54368591308594,102.36229705810547,209.47457885742188,111.75715637207031,198.3716278076172,139.23355102539062,158.7174072265625,180.87704467773438,135.907470703125,231.2177734375,216.309326171875,199.39108276367188,185.06378173828125,0
6888,214.99981689453125,149.7508544921875,493.5779724121094,149.29417419433594,88.09396362304688,229.5570526123047,124.6850357055664,220.50570678710938,100.21874237060547,202.55618286132812,103.77599334716797,216.658935546875,112.16596984863281,206.79312133789062,138.12025451660156,164.1704559326172,179.8824005126953,135.80686950683594,231.3100128173828,208.38597106933594,201.0811004638672,184.9837646484375,0
6889,215.57383728027344,149.51885986328125,493.5119323730469,149.3112335205078,89.8308334350586,249.14772033691406,126.52410888671875,238.11122131347656,99.81957244873047,223.17984008789062,104.04692077636719,235.93580627441406,113.51852416992188,223.7470703125,132.86785888671875,174.01258850097656,177.68020629882812,145.125244140625,243.60934448242188,194.46157836914062,280.329345703125,214.99859619140625,0
6890,215.53823852539062,148.5011749267578,493.53778076171875,149.41244506835938,88.84467315673828,256.9222106933594,123.7459716796875,248.72164916992188,98.68370819091797,233.913330078125,103.22390747070312,246.17147827148438,112.08245849609375,233.3199005126953,131.03965759277344,184.20359802246094,176.57122802734375,148.47409057617188,243.49623107910156,190.48434448242188,283.1773986816406,204.9688262939453,0
6891,215.54473876953125,148.50677490234375,493.5374450683594,149.41256713867188,88.82862854003906,256.9232177734375,123.75508880615234,248.71878051757812,98.75384521484375,233.843994140625,103.24044036865234,246.15005493164062,113.13871002197266,233.9996795654297,130.8606414794922,183.00177001953125,176.6907958984375,148.34983825683594,243.4932861328125,190.48651123046875,283.1816101074219,204.9951934814453,0
6892,215.12765502929688,148.10121154785156,493.3905944824219,149.31863403320312,85.92294311523438,273.1280822753906,122.67996215820312,255.15826416015625,97.02383422851562,240.86444091796875,101.84546661376953,255.32119750976562,109.83720397949219,243.22763061523438,128.7985382080078,186.8284912109375,175.51016235351562,148.99212646484375,239.4176025390625,189.1489715576172,279.3134460449219,200.22021484375,0
6893,214.85946655273438,148.7687225341797,493.3753967285156,149.33497619628906,81.713623046875,309.0338439941406,120.27527618408203,289.92919921875,97.4139175415039,273.5824279785156,100.2625961303711,288.1770324707031,108.87593841552734,277.8542785644531,121.49398040771484,229.0902099609375,144.1610870361328,162.34408569335938,171.6828155517578,157.8067626953125,260.55914306640625,191.91127014160156,0
6894,214.79519653320312,148.9290771484375,493.3341369628906,149.2730712890625,79.07830047607422,320.1160888671875,119.28899383544922,303.5028991699219,96.17340850830078,285.4703369140625,98.19827270507812,300.7141418457031,106.8480224609375,289.90496826171875,121.09535217285156,243.4476776123047,138.258056640625,170.75559997558594,169.08656311035156,158.5792999267578,243.29116821289062,197.53118896484375,0
6895,214.73956298828125,148.76719665527344,493.4100341796875,149.35214233398438,75.00100708007812,342.15203857421875,118.41921997070312,322.6851806640625,95.76847839355469,304.4896545410156,96.92313385009766,320.501220703125,106.6192398071289,308.8748474121094,123.23294067382812,258.4670104980469,148.69688415527344,194.39569091796875,183.46104431152344,175.86143493652344,255.35867309570312,211.20899963378906,0
6896,214.73577880859375,148.7884521484375,493.4195251464844,149.34347534179688,75.00044250488281,342.1565856933594,118.44098663330078,322.7376708984375,95.77824401855469,304.462890625,96.89612579345703,320.52825927734375,106.50154876708984,308.9285583496094,123.12651824951172,257.6007080078125,148.87564086914062,194.3088836669922,183.49234008789062,175.8875732421875,255.35888671875,211.20806884765625,0
6897,213.98313903808594,148.2646026611328,493.51617431640625,149.259033203125,78.18148040771484,346.6138000488281,121.35212707519531,331.60089111328125,98.22953033447266,312.6439514160156,98.03569030761719,329.7417297363281,110.77998352050781,317.2129821777344,129.48513793945312,267.644287109375,158.45852661132812,203.3682403564453,220.64625549316406,187.6299591064453,267.150146484375,210.81790161132812,0
6898,213.58384704589844,148.0945587158203,493.4651794433594,149.3243865966797,82.26502990722656,361.039306640625,124.50332641601562,342.277099609375,99.92350769042969,323.3687744140625,101.47901153564453,340.86248779296875,112.89871978759766,328.4713134765625,135.11343383789062,278.7319030761719,162.68699645996094,215.613525390625,222.1884002685547,200.35264587402344,276.16058349609375,224.52908325195312,0
6899,213.73741149902344,147.70010375976562,493.4646301269531,149.21414184570312,77.00630187988281,379.1875915527344,117.9230728149414,360.0148010253906,94.10540008544922,339.79510498046875,94.89115142822266,358.7598571777344,105.71753692626953,346.5184020996094,128.39906311035156,293.3667907714844,145.492919921875,225.3421173095703,206.46444702148438,198.09475708007812,265.7665100097656,216.4824981689453,0
6900,213.81317138671875,147.62393188476562,493.461669921875,149.20948791503906,76.99735260009766,379.1837463378906,117.94224548339844,359.9880676269531,94.13862609863281,339.7066650390625,94.90816497802734,358.6809387207031,105.75989532470703,346.4683837890625,128.82138061523438,292.949951171875,145.521728515625,225.31610107421875,206.5494384765625,198.10977172851562,265.8210144042969,216.47369384765625,0
6901,214.43893432617188,148.15965270996094,493.4967956542969,149.19027709960938,72.32157897949219,400.01702880859375,114.40734100341797,375.1146545410156,89.56065368652344,357.0696716308594,91.86453247070312,375.1649169921875,102.16008758544922,361.7685241699219,117.03443145751953,309.7464599609375,126.38667297363281,238.67550659179688,170.44078063964844,199.11631774902344,230.029296875,203.25363159179688,0
6902,214.444091796875,148.15455627441406,493.493408203125,149.19198608398438,72.32682800292969,400.0188293457031,114.43428039550781,375.0677185058594,89.55595397949219,357.0640869140625,91.88328552246094,375.1614990234375,102.17086791992188,361.6804504394531,117.0032958984375,309.5891418457031,126.39697265625,238.69110107421875,170.50457763671875,199.1319122314453,230.02734375,203.27056884765625,0
6903,214.74456787109375,148.47323608398438,493.60400390625,149.22776794433594,71.92169952392578,403.18701171875,114.91740417480469,377.18438720703125,89.75199890136719,360.43341064453125,92.86235046386719,377.6612548828125,101.87806701660156,363.8504638671875,114.3959732055664,315.0541687011719,123.80158233642578,245.42774963378906,161.20355224609375,198.8672332763672,215.84547424316406,194.6911163330078,0
6904,214.38792419433594,148.15208435058594,493.606201171875,149.31556701660156,72.8834228515625,404.2637939453125,118.56378173828125,378.97064208984375,94.0796890258789,360.4438171386719,96.02388763427734,378.2247009277344,107.41761779785156,364.8719177246094,125.47747039794922,319.19305419921875,152.62356567382812,261.6678771972656,195.6818084716797,224.13526916503906,252.316650390625,218.7557373046875,0
6905,214.26881408691406,148.24844360351562,493.5085754394531,149.31809997558594,76.65042877197266,400.1462707519531,122.647705078125,373.705322265625,97.57121276855469,354.51580810546875,98.37944030761719,375.0491027832031,109.61288452148438,361.1576232910156,129.09890747070312,317.6803894042969,157.06304931640625,263.3000183105469,204.6463165283203,226.99639892578125,264.3282775878906,225.07638549804688,0
6906,214.37747192382812,148.1703338623047,493.60089111328125,149.33201599121094,75.05717468261719,394.52056884765625,123.99927520751953,368.0371398925781,95.3282241821289,347.29248046875,97.88278198242188,369.8724365234375,108.21420288085938,355.38128662109375,130.38180541992188,314.800048828125,157.83291625976562,263.9928894042969,205.13650512695312,223.554443359375,267.5716552734375,215.24237060546875,0
6907,214.35948181152344,148.16140747070312,493.6015625,149.33712768554688,75.05797576904297,394.51708984375,124.00965118408203,368.09307861328125,95.35363006591797,347.3088073730469,97.86370849609375,369.90667724609375,108.19244384765625,355.46533203125,130.34274291992188,314.9208984375,157.8082733154297,263.9970703125,205.20716857910156,223.48699951171875,268.0954284667969,215.18502807617188,0
6908,214.05764770507812,148.099853515625,493.6479187011719,149.39236450195312,73.04332733154297,393.64971923828125,122.40251159667969,366.879638671875,95.0222396850586,346.79058837890625,97.76274108886719,367.02349853515625,108.53346252441406,353.30291748046875,130.180908203125,315.1390380859375,157.89065551757812,264.36767578125,204.1690673828125,223.68505859375,268.5154724121094,213.38296508789062,0
6909,214.1324005126953,148.11141967773438,493.5989074707031,149.36834716796875,70.87226867675781,395.9156188964844,119.4605941772461,368.5567932128906,92.63143920898438,346.5022277832031,95.21633911132812,369.7913513183594,105.40303802490234,355.0828857421875,126.9609146118164,315.8090515136719,157.50828552246094,265.57135009765625,204.31881713867188,227.1853485107422,269.8930969238281,214.3999786376953,0
6910,214.11305236816406,148.169921875,493.53546142578125,149.48309326171875,69.92559814453125,397.5997009277344,119.79190826416016,370.82275390625,92.38223266601562,348.0456848144531,93.57335662841797,372.1315612792969,104.72154235839844,357.54095458984375,126.93731689453125,317.69989013671875,157.3400421142578,266.6341857910156,204.38856506347656,229.08599853515625,270.41815185546875,215.11009216308594,0
6911,213.95516967773438,148.2925567626953,493.6200256347656,149.4485626220703,79.68492889404297,403.22845458984375,125.74402618408203,369.55810546875,98.17292022705078,350.1871337890625,99.4989013671875,372.6316223144531,110.84463500976562,356.604248046875,128.02828979492188,316.0464782714844,157.5370330810547,267.7496337890625,205.33119201660156,230.6732635498047,270.5127258300781,215.33944702148438,0
6912,213.9681854248047,148.3009490966797,493.6029357910156,149.42864990234375,79.6711654663086,403.25103759765625,125.74837493896484,369.55029296875,98.18544006347656,350.2174072265625,99.52386474609375,372.6466369628906,110.84337615966797,356.6259460449219,127.97674560546875,316.12384033203125,157.53550720214844,267.7481689453125,205.31021118164062,230.6993865966797,270.5022277832031,215.33871459960938,0
6913,214.08702087402344,148.41893005371094,493.55487060546875,149.4396514892578,84.65161895751953,405.2450256347656,130.57252502441406,370.5128479003906,101.16108703613281,351.3590393066406,104.29549407958984,372.6741027832031,114.39486694335938,358.0549621582031,128.4355926513672,316.69488525390625,157.44622802734375,268.2206115722656,205.22447204589844,230.80162048339844,270.601806640625,214.88238525390625,0
6914,214.1270294189453,148.27902221679688,493.68798828125,149.4047393798828,102.39385986328125,406.8607482910156,136.73973083496094,366.8824768066406,105.34254455566406,355.95361328125,114.71905517578125,375.39508056640625,119.55853271484375,358.323974609375,130.19068908691406,315.70489501953125,157.36595153808594,268.7231750488281,204.716796875,231.12759399414062,269.11712646484375,214.37197875976562,0
6915,214.12876892089844,148.28646850585938,493.605224609375,149.26715087890625,109.17388916015625,410.21173095703125,143.3379364013672,368.267822265625,109.22486114501953,358.9441223144531,120.25330352783203,376.30096435546875,125.1158447265625,359.8515930175781,130.9830322265625,315.5759582519531,157.47215270996094,268.6009826660156,204.91050720214844,230.27349853515625,269.44891357421875,214.01007080078125,0
6916,213.99224853515625,148.31675720214844,493.6377868652344,149.32012939453125,114.66939544677734,409.3551330566406,147.55555725097656,366.72723388671875,115.44277954101562,358.6546936035156,126.37068176269531,375.5036315917969,130.01577758789062,359.2262268066406,132.5377197265625,315.82635498046875,157.16140747070312,267.94580078125,205.02371215820312,230.2749786376953,269.1204528808594,213.76864624023438,0
6917,213.8932647705078,148.26788330078125,493.6742858886719,149.30441284179688,121.24954986572266,409.2706298828125,150.1282958984375,365.39361572265625,117.65386962890625,360.4064025878906,130.18911743164062,377.135498046875,132.96917724609375,359.7240295410156,133.6221923828125,316.2247619628906,156.90345764160156,267.8350524902344,204.44129943847656,230.6502227783203,268.89208984375,213.68276977539062,0
6918,213.9745635986328,148.27584838867188,493.6951599121094,149.225830078125,131.19244384765625,404.44390869140625,158.9513397216797,361.7279052734375,124.16991424560547,359.5332336425781,137.98829650878906,372.48712158203125,140.22958374023438,355.82672119140625,137.28765869140625,314.50457763671875,156.6794891357422,266.0158996582031,205.62806701660156,229.68443298339844,270.52099609375,211.6201934814453,0
6919,214.01268005371094,148.23204040527344,493.6575622558594,149.20094299316406,139.3098907470703,399.4992370605469,163.6657257080078,356.56646728515625,130.52139282226562,357.66522216796875,144.03211975097656,369.86968994140625,144.3077850341797,353.6973571777344,138.55075073242188,311.7026672363281,156.86146545410156,265.48175048828125,205.6984100341797,230.11631774902344,267.43017578125,209.8054656982422,0
6920,213.85235595703125,148.1121826171875,493.554443359375,149.11041259765625,154.41180419921875,390.516845703125,167.5286102294922,346.2554626464844,134.81198120117188,356.9151916503906,151.0068359375,361.1693420410156,148.78262329101562,345.9324645996094,138.72549438476562,305.52960205078125,157.78924560546875,262.5206298828125,212.07122802734375,227.5201416015625,271.3914489746094,200.9766082763672,0
6921,213.72134399414062,148.16278076171875,493.5572814941406,149.1925048828125,160.4768524169922,391.4904479980469,166.7825469970703,346.0083312988281,136.3484649658203,357.6529846191406,153.4913330078125,361.0819091796875,149.69090270996094,346.39935302734375,137.42108154296875,304.92437744140625,157.98092651367188,261.3316955566406,212.20130920410156,226.8803253173828,269.8793029785156,200.99844360351562,0
6922,213.7820587158203,148.13906860351562,493.5354309082031,149.266845703125,160.4705810546875,391.4900207519531,166.8094482421875,345.94317626953125,136.34030151367188,357.6242980957031,153.49769592285156,360.97021484375,149.71253967285156,346.2958068847656,137.38462829589844,304.7527770996094,157.99853515625,261.3133239746094,212.21212768554688,226.87539672851562,270.0783996582031,201.0442657470703,0
6923,213.6842803955078,148.05563354492188,493.5031433105469,149.34170532226562,159.99195861816406,393.200927734375,167.4622344970703,348.0124206542969,136.94241333007812,359.9115295410156,154.29441833496094,363.56658935546875,151.01483154296875,349.4248352050781,136.69873046875,306.1438293457031,157.69680786132812,261.0591735839844,212.301025390625,226.80702209472656,270.1513977050781,200.34683227539062,0
6924,213.72833251953125,147.95132446289062,493.48577880859375,149.2660369873047,160.57760620117188,396.6208801269531,168.41822814941406,352.93609619140625,137.1385955810547,362.9815979003906,155.22015380859375,367.4295959472656,150.4468536376953,353.17962646484375,136.31263732910156,309.6083068847656,157.44989013671875,262.35015869140625,211.63189697265625,227.39622497558594,270.5024108886719,200.5835418701172,0
6925,214.0615234375,148.56832885742188,493.2935485839844,149.84619140625,165.92697143554688,427.3709716796875,175.9310302734375,376.5915832519531,142.4459686279297,387.550537109375,159.9822998046875,394.4928894042969,157.56625366210938,377.029541015625,136.3787384033203,329.33367919921875,142.17208862304688,272.44677734375,197.01707458496094,243.247802734375,245.2111358642578,225.0182647705078,0
6926,214.06150817871094,148.56820678710938,493.2862854003906,149.83522033691406,165.92697143554688,427.3710021972656,175.93099975585938,376.5915832519531,142.4459686279297,387.5505676269531,159.9822998046875,394.492919921875,157.5662384033203,377.029541015625,136.3787078857422,329.3337097167969,142.1722412109375,272.4468078613281,197.0172576904297,243.2478485107422,245.21096801757812,225.01829528808594,0
6927,214.25343322753906,148.59486389160156,493.3580017089844,149.82167053222656,166.36708068847656,441.290771484375,176.654296875,387.232666015625,143.79541015625,398.1297912597656,161.1173858642578,405.83056640625,158.228759765625,387.92987060546875,138.74636840820312,338.3731384277344,132.12213134765625,280.77667236328125,184.7239227294922,244.3856658935547,245.525634765625,228.71078491210938,0
6928,214.3043212890625,148.4654083251953,493.2842102050781,149.71255493164062,167.88711547851562,459.6947937011719,178.7510986328125,407.2755432128906,147.48104858398438,414.4310607910156,165.27760314941406,425.439453125,161.62969970703125,407.33050537109375,139.58802795410156,354.3441467285156,117.7496109008789,299.7228698730469,137.1142578125,253.5076141357422,196.07052612304688,217.38121032714844,0
6929,214.30760192871094,148.44061279296875,493.3045959472656,149.73239135742188,170.54833984375,462.9102478027344,178.95419311523438,408.82330322265625,145.65199279785156,416.90692138671875,165.2964630126953,427.32537841796875,160.07955932617188,409.0426330566406,138.05941772460938,358.6083068847656,121.56013488769531,306.3081970214844,137.87709045410156,261.1068115234375,171.9490966796875,233.31106567382812,0
6930,214.59561157226562,148.43289184570312,493.37152099609375,149.59716796875,172.4092254638672,464.0001220703125,180.6813507080078,410.5963134765625,147.32568359375,419.4517517089844,167.58346557617188,427.84393310546875,162.1680908203125,410.8311767578125,145.75637817382812,364.12286376953125,138.5336456298828,312.24334716796875,160.17825317382812,281.7749938964844,195.6534423828125,281.3979797363281,0
6931,214.59115600585938,148.43264770507812,493.3716125488281,149.65711975097656,172.36663818359375,464.0040588378906,180.59413146972656,410.37939453125,147.3549041748047,419.3442077636719,167.5714874267578,427.8779602050781,162.03485107421875,410.7432861328125,145.8221435546875,364.05157470703125,138.5570831298828,312.21484375,160.19252014160156,281.79693603515625,195.65830993652344,281.3988952636719,0
6932,214.45632934570312,148.49307250976562,493.2601013183594,149.63941955566406,171.44459533691406,459.6841125488281,183.29763793945312,407.405517578125,149.43722534179688,413.8895263671875,167.90524291992188,423.6028137207031,164.90550231933594,407.69244384765625,150.46023559570312,360.42572021484375,145.11676025390625,306.14056396484375,172.76454162597656,277.48553466796875,213.68052673339844,274.587158203125,0
6933,214.30657958984375,148.52862548828125,493.2254638671875,149.58740234375,170.4272003173828,451.4296875,184.5880889892578,399.2310485839844,150.01182556152344,407.2816162109375,168.15113830566406,415.7928771972656,165.78660583496094,399.244384765625,153.91966247558594,356.507568359375,152.27354431152344,301.3395690917969,185.6571502685547,264.3589172363281,235.2564239501953,265.80657958984375,0
6934,214.43923950195312,148.5345458984375,493.2360534667969,149.56710815429688,170.78912353515625,447.6778259277344,184.41429138183594,395.697265625,149.73912048339844,404.3163146972656,167.93899536132812,412.6240539550781,165.38070678710938,395.8291931152344,153.8454132080078,353.53466796875,153.36386108398438,301.41107177734375,189.88369750976562,259.005126953125,243.7694549560547,263.56231689453125,0
6935,214.3697052001953,148.60028076171875,493.2729187011719,149.58050537109375,183.42202758789062,442.1278381347656,187.25196838378906,390.5972900390625,153.5298309326172,404.1294860839844,172.783203125,407.607177734375,167.85699462890625,393.063232421875,153.41769409179688,351.59429931640625,158.39857482910156,302.9913330078125,184.95191955566406,253.2296600341797,236.72201538085938,225.46871948242188,0
6936,214.28939819335938,148.57240295410156,493.270263671875,149.61378479003906,197.1732177734375,437.3724365234375,192.6639862060547,385.258544921875,159.26380920410156,403.1396484375,181.55747985839844,406.8843078613281,173.1108856201172,391.2906188964844,153.69039916992188,351.04473876953125,158.35247802734375,303.0714111328125,184.98538208007812,252.54037475585938,241.68870544433594,223.8341827392578,0
6937,214.3016815185547,148.58953857421875,493.18963623046875,149.6023406982422,197.18968200683594,437.455810546875,192.92315673828125,385.2271423339844,159.31704711914062,403.1432189941406,181.61508178710938,406.86431884765625,173.17471313476562,391.38934326171875,153.7801513671875,351.10150146484375,158.3269500732422,303.0455627441406,185.20993041992188,252.40780639648438,241.74880981445312,223.7867431640625,0
6938,214.27581787109375,148.55908203125,493.1782531738281,149.66712951660156,205.96205139160156,421.2436828613281,194.14547729492188,379.32354736328125,166.2566680908203,401.6848449707031,187.06939697265625,397.289794921875,177.1527557373047,386.1041564941406,153.34225463867188,350.91949462890625,158.6156463623047,302.9015197753906,186.9464111328125,252.42391967773438,246.44386291503906,225.3772735595703,0
6939,214.27967834472656,148.5648956298828,493.2000732421875,149.47683715820312,229.01487731933594,408.43206787109375,204.6085662841797,369.3478698730469,182.92880249023438,398.1072998046875,201.8802490234375,388.8455505371094,190.03713989257812,377.8661804199219,156.02899169921875,350.4940185546875,156.40028381347656,302.64111328125,184.12966918945312,252.34291076660156,240.6461181640625,224.05087280273438,0
6940,214.1549530029297,148.4889678955078,493.2476806640625,149.51458740234375,247.47552490234375,402.0057373046875,222.26596069335938,367.4281311035156,203.72203063964844,399.40240478515625,220.10153198242188,386.2291564941406,206.04254150390625,377.8077697753906,162.4026336669922,350.5159912109375,157.1997528076172,304.3432922363281,184.99545288085938,251.24916076660156,235.6169891357422,216.39840698242188,0
6941,214.1316375732422,148.4876251220703,493.248291015625,149.51382446289062,247.48306274414062,401.9988098144531,222.1549072265625,367.4718017578125,203.7395477294922,399.2010498046875,220.0649871826172,386.2226867675781,206.1501007080078,377.8170471191406,162.5630340576172,350.404541015625,157.1930389404297,304.3215637207031,184.99407958984375,251.25100708007812,235.6112060546875,216.39959716796875,0
6942,214.193359375,148.4967041015625,493.1699523925781,149.57687377929688,258.9666442871094,403.2281188964844,233.20164489746094,367.1164245605469,214.96633911132812,400.0204772949219,231.80331420898438,386.9042053222656,216.9140625,378.60272216796875,167.25723266601562,352.9903869628906,153.83819580078125,310.79791259765625,183.98538208007812,255.42491149902344,232.82369995117188,216.31666564941406,0
6943,214.1903533935547,148.60452270507812,493.23406982421875,149.7137908935547,288.36138916015625,412.1623840332031,264.4011535644531,372.39727783203125,245.14404296875,402.7607727050781,262.9563293457031,392.770751953125,247.281982421875,384.2729187011719,193.38262939453125,365.21185302734375,149.98834228515625,335.8144226074219,164.538330078125,270.9034118652344,214.44158935546875,223.62918090820312,0
6944,214.08872985839844,148.66717529296875,493.2266845703125,149.64620971679688,301.0272521972656,419.2138366699219,278.191162109375,380.9673156738281,260.8870544433594,408.4603271484375,277.8636474609375,398.837890625,264.5765686035156,390.5709228515625,208.36041259765625,371.610595703125,153.4436492919922,351.924560546875,143.19613647460938,298.7308654785156,173.67141723632812,247.7588348388672,0
6945,214.18133544921875,148.63967895507812,493.2859191894531,149.67379760742188,321.02197265625,433.2347106933594,297.80401611328125,389.7554626464844,278.00360107421875,418.7194519042969,298.14935302734375,409.0408935546875,282.8553771972656,400.5074768066406,233.09251403808594,380.90155029296875,184.36721801757812,356.002197265625,140.87522888183594,334.96295166015625,120.21498107910156,282.7743225097656,0
6946,214.21827697753906,148.564208984375,493.3316345214844,149.6774444580078,321.01177978515625,433.23492431640625,297.7928161621094,389.7572937011719,278.027099609375,418.665771484375,298.1455993652344,409.0656433105469,282.8594970703125,400.5171203613281,233.10977172851562,380.76348876953125,184.3805694580078,355.9875793457031,140.89544677734375,334.9840393066406,120.21107482910156,282.78936767578125,0
6947,214.3063507080078,148.54103088378906,493.26910400390625,149.6273956298828,328.0566711425781,441.95294189453125,308.3520202636719,394.5208435058594,284.9010925292969,423.02728271484375,305.39764404296875,415.02960205078125,292.4154968261719,404.1929931640625,238.18624877929688,375.6741027832031,195.95968627929688,348.7769775390625,163.409912109375,326.203125,154.9368438720703,323.63360595703125,0
6948,214.2881622314453,148.54920959472656,493.28680419921875,149.71165466308594,332.92059326171875,456.3633117675781,327.313720703125,402.1295166015625,296.7181091308594,423.6442565917969,317.062744140625,423.9866943359375,307.5152282714844,408.80914306640625,258.23248291015625,375.6797790527344,210.0139923095703,350.8631286621094,184.77061462402344,312.25213623046875,185.31700134277344,257.1253967285156,0
6949,214.3065948486328,148.65660095214844,493.1577453613281,149.62564086914062,332.5277404785156,463.36065673828125,330.4343566894531,403.9591369628906,299.79833984375,425.8076477050781,320.6641540527344,428.8096618652344,311.68634033203125,411.7695617675781,268.17022705078125,379.1874694824219,218.10379028320312,354.7923583984375,192.01824951171875,314.6423645019531,196.10552978515625,259.384765625,0
6950,214.18402099609375,148.70233154296875,493.1505432128906,149.5912322998047,333.4005126953125,466.49609375,333.8131408691406,408.0100402832031,300.3598937988281,427.6158447265625,322.7509460449219,432.0224304199219,312.64154052734375,412.9621887207031,279.14886474609375,381.5461730957031,239.40005493164062,346.333740234375,205.54959106445312,304.78179931640625,201.18101501464844,248.91363525390625,0
6951,214.1818389892578,148.69943237304688,493.14910888671875,149.59564208984375,333.4034423828125,466.496337890625,333.8375549316406,408.02777099609375,300.3560791015625,427.6196594238281,322.78460693359375,432.0616760253906,312.6839599609375,412.9728698730469,279.1172790527344,381.5283508300781,239.40249633789062,346.33966064453125,205.5391387939453,304.8345642089844,201.19134521484375,248.97520446777344,0
6952,214.292724609375,148.65072631835938,493.2084045410156,149.6240234375,331.3522033691406,466.1046142578125,334.4074401855469,407.87725830078125,300.2887268066406,425.28399658203125,322.4484558105469,431.8702087402344,315.7357482910156,412.470703125,284.3066711425781,376.9307861328125,251.5338897705078,335.3723449707031,226.01148986816406,298.7135314941406,209.64076232910156,244.02578735351562,0
6953,214.32574462890625,148.6566162109375,493.1844482421875,149.64781188964844,328.743408203125,459.9754333496094,335.1529541015625,402.6921691894531,300.71636962890625,416.51812744140625,320.67779541015625,424.6282958984375,315.9771728515625,406.96905517578125,289.46282958984375,369.9314880371094,258.2812194824219,326.20379638671875,240.4778594970703,282.2519836425781,229.234375,225.80218505859375,0
6954,214.30747985839844,148.5911865234375,493.262451171875,149.59152221679688,328.6513671875,461.6595153808594,334.34112548828125,403.48162841796875,299.213623046875,416.24212646484375,318.81976318359375,424.2850036621094,313.97882080078125,407.39703369140625,288.3862609863281,369.78875732421875,257.8851623535156,327.84246826171875,240.55804443359375,284.28717041015625,229.25961303710938,226.60321044921875,0
6955,214.26979064941406,148.43321228027344,493.28515625,149.70542907714844,314.76300048828125,473.291748046875,328.9672546386719,417.79449462890625,293.0074157714844,424.3888854980469,311.10516357421875,434.45001220703125,309.0826110839844,417.2779541015625,287.6571960449219,377.0792236328125,255.94284057617188,336.3091125488281,232.25054931640625,299.3413391113281,211.5952911376953,245.0850067138672,0
6956,214.2627716064453,148.4273681640625,493.28314208984375,149.70147705078125,314.7583312988281,473.2889099121094,328.9638671875,417.7976379394531,292.9405212402344,424.40057373046875,311.0830383300781,434.4642639160156,309.0672302246094,417.28973388671875,287.7488098144531,377.1006774902344,255.94578552246094,336.30950927734375,232.27713012695312,299.41241455078125,213.40576171875,270.7509460449219,0
6957,214.26577758789062,148.4545440673828,493.274169921875,149.7626190185547,310.9393615722656,482.76165771484375,326.6394348144531,424.57427978515625,290.1452331542969,428.53216552734375,308.9473876953125,442.4114990234375,306.7286376953125,424.1971435546875,289.5428771972656,379.4815979003906,257.61224365234375,336.11334228515625,229.9520263671875,294.6174011230469,200.9924774169922,244.2829132080078,0
6958,214.24009704589844,148.4852752685547,493.3009948730469,149.7602996826172,311.1363830566406,482.66485595703125,326.6112060546875,424.5850830078125,290.2411193847656,428.5263977050781,308.9892578125,442.4735107421875,306.77734375,424.2027893066406,289.8224792480469,379.5224609375,257.6190185546875,336.1044921875,230.00048828125,294.6584167480469,201.0106658935547,244.0946502685547,0
6959,214.00567626953125,148.5607452392578,493.38677978515625,149.77635192871094,309.81927490234375,488.8768615722656,324.7166442871094,428.5997619628906,286.882568359375,434.75628662109375,307.9825744628906,449.1755676269531,303.646240234375,430.44873046875,291.77471923828125,383.4846496582031,264.1595153808594,337.7001647949219,238.17601013183594,289.03594970703125,203.4305419921875,229.71026611328125,0
6960,214.09449768066406,148.59002685546875,493.3369140625,149.69369506835938,308.0527038574219,493.20843505859375,325.1696472167969,436.74163818359375,285.317138671875,439.5234375,305.400634765625,455.65069580078125,303.3525390625,437.3191223144531,294.0958251953125,389.3799743652344,265.9137878417969,340.03338623046875,242.2580108642578,290.89935302734375,210.39866638183594,244.54212951660156,0
6961,214.12619018554688,148.62979125976562,493.3828125,149.78421020507812,305.0827331542969,496.7437744140625,322.51104736328125,439.48284912109375,284.4955749511719,443.127197265625,301.6688537597656,456.3873596191406,302.0655517578125,439.21343994140625,293.599853515625,391.89056396484375,281.10382080078125,339.55792236328125,269.2325439453125,290.26751708984375,229.29969787597656,251.64859008789062,0
6962,214.1380615234375,148.64523315429688,493.3747253417969,149.78123474121094,305.0641174316406,496.756103515625,322.5274353027344,439.4529724121094,284.4981994628906,443.1201171875,301.67950439453125,456.3875732421875,302.06549072265625,439.1863708496094,293.6015930175781,391.87432861328125,281.1042785644531,339.5592956542969,269.2315673828125,290.2839050292969,229.3301544189453,251.673583984375,0
6963,214.3756561279297,148.4546356201172,493.40997314453125,149.63516235351562,308.1883850097656,492.3392028808594,325.061767578125,437.22613525390625,286.12298583984375,440.4342956542969,305.2789611816406,453.59381103515625,304.47845458984375,438.0396423339844,296.8086242675781,391.11322021484375,283.89654541015625,339.4520263671875,284.2273254394531,297.1639709472656,275.3971862792969,265.03167724609375,0
6964,214.52081298828125,148.54718017578125,493.2859191894531,149.64186096191406,315.3913879394531,491.6150207519531,333.26904296875,435.9454650878906,293.7677001953125,441.068603515625,311.778076171875,455.24090576171875,311.96990966796875,438.2942199707031,300.6861877441406,391.9745178222656,289.8191223144531,342.5326232910156,296.64361572265625,289.1215515136719,280.961669921875,230.9178009033203,0
6965,214.51060485839844,148.41493225097656,493.29803466796875,149.60482788085938,321.2444763183594,498.3093566894531,335.3838806152344,439.5073547363281,297.68206787109375,445.36669921875,315.6409912109375,459.17462158203125,315.6678161621094,441.9413757324219,302.93402099609375,395.5855407714844,288.57574462890625,345.3172912597656,294.86407470703125,289.14044189453125,280.4445495605469,230.41871643066406,0
6966,214.42959594726562,148.50680541992188,493.2941589355469,149.688232421875,325.2966613769531,502.4479064941406,337.8691101074219,441.94384765625,302.5829772949219,451.3321228027344,320.65826416015625,463.8974609375,319.16265869140625,444.84124755859375,304.2845153808594,396.49542236328125,288.1273498535156,347.2925720214844,292.7233581542969,290.19207763671875,279.8511962890625,229.48974609375,0
6967,214.39984130859375,148.50450134277344,493.2809143066406,149.69329833984375,325.309326171875,502.45135498046875,337.83404541015625,441.91058349609375,302.5685729980469,451.3744201660156,320.67950439453125,463.93060302734375,319.2022705078125,444.8756408691406,304.21282958984375,396.4029541015625,288.0832214355469,347.2802734375,292.74072265625,290.1474609375,279.8520202636719,229.48013305664062,0
6968,214.27822875976562,148.44943237304688,493.403076171875,149.7092742919922,327.01715087890625,504.7626953125,339.225830078125,444.3367004394531,303.09979248046875,454.5653381347656,322.2055969238281,466.9338684082031,320.17425537109375,448.3852233886719,306.5836181640625,399.58770751953125,286.0348205566406,351.7862243652344,289.4600830078125,300.2636413574219,282.2945251464844,243.9501190185547,0
6969,214.1602325439453,148.5423583984375,493.4920654296875,149.54551696777344,328.3313903808594,502.432373046875,341.6474914550781,442.7674255371094,308.27484130859375,453.23760986328125,324.1731262207031,465.4198303222656,321.95660400390625,448.8501892089844,309.4400634765625,401.1767578125,287.6019592285156,352.6221618652344,281.93804931640625,300.6887512207031,268.5907287597656,245.08717346191406,0
6970,214.3725128173828,148.47650146484375,493.41680908203125,149.47523498535156,327.9713439941406,501.5848388671875,341.8852844238281,441.2016296386719,308.08551025390625,452.1567077636719,326.8777160644531,463.84051513671875,322.1733093261719,447.4561462402344,310.5712585449219,400.1884460449219,288.5334167480469,351.8956604003906,286.7855529785156,299.3919982910156,273.0501708984375,236.7633819580078,0
6971,214.4539337158203,148.68264770507812,493.4773864746094,149.46011352539062,326.5481262207031,505.2339782714844,344.62786865234375,445.32415771484375,307.1028747558594,452.58782958984375,325.4186706542969,466.66888427734375,322.1140441894531,449.72015380859375,310.92657470703125,399.6299133300781,288.2757568359375,351.3120422363281,284.4202880859375,297.26068115234375,269.2347412109375,233.56503295898438,0
6972,214.4603729248047,148.6819305419922,493.47808837890625,149.45974731445312,326.5328674316406,505.2303771972656,344.59735107421875,445.3184509277344,307.1337585449219,452.5516357421875,325.4811096191406,466.6235046386719,322.1209716796875,449.7230224609375,310.87896728515625,399.64984130859375,288.2839050292969,351.296875,284.4161376953125,297.2751159667969,269.2369384765625,233.49559020996094,0
6973,214.53225708007812,148.49720764160156,493.3270568847656,149.3524627685547,323.6349792480469,503.52154541015625,343.2360534667969,444.8173522949219,307.59136962890625,450.9412536621094,324.38739013671875,465.3411560058594,320.893310546875,448.85302734375,310.6435241699219,399.9024963378906,287.1283264160156,351.1524963378906,283.7935791015625,297.89019775390625,269.3800354003906,231.17515563964844,0
6974,214.4420166015625,148.50750732421875,493.4325256347656,149.40777587890625,318.5629577636719,504.8856506347656,339.0177307128906,447.3390808105469,303.4317321777344,451.75970458984375,319.5346374511719,465.0616760253906,320.2263488769531,448.1996154785156,309.33770751953125,401.00592041015625,285.5135192871094,351.5352478027344,282.09246826171875,296.8577575683594,269.1815490722656,232.4822998046875,0
6975,214.370361328125,148.55259704589844,493.41064453125,149.38662719726562,319.2926940917969,505.8687438964844,338.2951965332031,449.42669677734375,302.5724792480469,452.63079833984375,318.6667785644531,466.292724609375,319.52099609375,448.83001708984375,310.0732116699219,402.5634460449219,286.1627197265625,351.96063232421875,282.91497802734375,299.931884765625,270.2826232910156,232.70639038085938,0
6976,214.35708618164062,148.6670684814453,493.2927551269531,149.4944610595703,320.4891357421875,508.4885559082031,340.1126708984375,451.754150390625,301.8775329589844,454.2875061035156,320.5205993652344,468.6480407714844,320.2699890136719,453.0993347167969,311.5495910644531,404.2287902832031,288.928955078125,354.0582275390625,285.3966064453125,300.7207336425781,273.5562744140625,232.96380615234375,0
6977,214.35723876953125,148.6693115234375,493.30328369140625,149.49305725097656,320.5056457519531,508.4688415527344,340.15032958984375,451.77587890625,301.8946838378906,454.3774108886719,320.6111755371094,468.7496643066406,320.1961669921875,453.04156494140625,311.56878662109375,404.3495178222656,288.9184875488281,354.0741882324219,285.3990478515625,300.7474670410156,273.5550842285156,232.95669555664062,0
6978,214.3091278076172,148.53428649902344,493.1850891113281,149.57559204101562,321.8335266113281,509.6139831542969,341.40618896484375,453.1035461425781,304.9709777832031,454.6391906738281,321.1175537109375,470.6033020019531,319.3213806152344,453.64501953125,312.78656005859375,406.8764953613281,289.9648132324219,356.7486877441406,286.4278564453125,302.69732666015625,274.7155456542969,236.8985595703125,0
6979,214.2232208251953,148.59352111816406,493.1363220214844,149.6409912109375,322.7767639160156,507.1917724609375,343.1400451660156,450.0971984863281,305.97259521484375,452.6961669921875,323.0513610839844,468.07659912109375,320.76385498046875,450.9716796875,312.8265686035156,405.538818359375,289.5873107910156,357.0043640136719,286.4180908203125,303.57830810546875,275.8179626464844,237.58982849121094,0
6980,214.35690307617188,148.60169982910156,493.2165222167969,149.51223754882812,319.43255615234375,508.8664855957031,342.89569091796875,453.0017395019531,304.06842041015625,453.1582946777344,321.0364990234375,469.2948303222656,320.0830993652344,451.8458251953125,313.9065856933594,405.7933654785156,290.3388671875,356.6207275390625,285.6015625,303.6748962402344,272.8756408691406,237.81031799316406,0
6981,214.31642150878906,148.59756469726562,493.21240234375,149.6162109375,322.78485107421875,506.93096923828125,343.1235046386719,451.2652893066406,303.9386291503906,452.4014892578125,321.83111572265625,468.4811706542969,320.32080078125,451.1468200683594,314.5242614746094,405.29583740234375,291.688720703125,357.41204833984375,288.68096923828125,304.383056640625,277.7485046386719,237.12942504882812,0
6982,214.3180389404297,148.6039581298828,493.207763671875,149.57373046875,322.7816467285156,506.919189453125,343.10736083984375,451.23455810546875,303.8413391113281,452.3321533203125,321.6870422363281,468.5401916503906,320.3140869140625,451.0874328613281,314.5622253417969,405.43743896484375,291.6657409667969,357.4178466796875,288.6851501464844,304.4005126953125,277.7204895019531,237.10780334472656,0
6983,214.3246612548828,148.37356567382812,493.1622009277344,149.588623046875,325.0152893066406,505.5526123046875,343.177001953125,447.39208984375,306.9501647949219,451.3698425292969,323.77471923828125,466.4700622558594,321.5789489746094,449.7030944824219,313.80975341796875,403.50238037109375,290.8552551269531,355.965087890625,287.0379333496094,302.4932861328125,274.4272766113281,234.63868713378906,0
6984,214.46389770507812,148.40994262695312,493.2408752441406,149.50753784179688,316.900390625,504.9888916015625,341.232177734375,449.51397705078125,303.0558166503906,448.973388671875,319.5391540527344,464.22869873046875,319.58197021484375,448.0543518066406,313.3746643066406,402.76263427734375,290.10504150390625,354.4568786621094,285.5653381347656,302.7460021972656,273.2272033691406,234.75692749023438,0
6985,214.39422607421875,148.4320831298828,493.2132568359375,149.6041259765625,313.98046875,505.4756774902344,339.8268127441406,450.81304931640625,301.0041198730469,449.7618408203125,318.03179931640625,465.4345397949219,318.94647216796875,448.93109130859375,313.2239685058594,403.76202392578125,290.3791198730469,354.6894836425781,286.2846984863281,300.8591003417969,274.61669921875,231.24501037597656,0
6986,214.37051391601562,148.42068481445312,493.14508056640625,149.63818359375,316.216064453125,505.9005432128906,339.4932861328125,450.8824462890625,300.1241149902344,450.4219055175781,317.36114501953125,465.8666687011719,318.45916748046875,449.29229736328125,312.4295959472656,404.3720397949219,290.30047607421875,354.9688720703125,286.6234436035156,301.6191711425781,275.3711242675781,231.55984497070312,0
6987,214.45692443847656,148.4004669189453,493.06903076171875,149.61068725585938,318.4239807128906,504.4927062988281,339.32757568359375,447.7908935546875,300.7243347167969,449.3071594238281,320.2250061035156,465.1279602050781,318.5606689453125,447.237060546875,311.7128601074219,402.82769775390625,289.62322998046875,354.6035461425781,285.6888732910156,301.9725036621094,274.8202209472656,232.7177734375,0
6988,214.2560577392578,148.56768798828125,493.08819580078125,149.61167907714844,318.6969299316406,506.3662109375,342.0954284667969,450.7060546875,304.4317932128906,449.91961669921875,320.6056823730469,466.0311279296875,319.78082275390625,449.3574523925781,313.60009765625,403.94537353515625,289.87945556640625,354.8160705566406,285.62628173828125,301.8907470703125,274.147216796875,232.23687744140625,0
6989,214.31736755371094,148.57591247558594,493.1252136230469,149.55047607421875,318.7131652832031,507.02752685546875,342.8537902832031,451.61907958984375,304.41357421875,450.3955383300781,321.27886962890625,466.6973876953125,320.21441650390625,450.9403076171875,314.3258056640625,404.40234375,290.40814208984375,355.288818359375,286.5159912109375,302.0874938964844,275.5052795410156,231.3643035888672,0
6990,214.46978759765625,148.35040283203125,493.14373779296875,149.70565795898438,314.93536376953125,506.02960205078125,340.7471923828125,452.6763916015625,301.6995544433594,451.5318908691406,319.0810546875,466.8606872558594,320.7966613769531,452.4388427734375,314.2067565917969,404.8393859863281,291.4835510253906,356.6610107421875,286.7620849609375,301.2505798339844,274.805419921875,234.7657012939453,0
6991,214.47088623046875,148.3601837158203,493.14202880859375,149.7349090576172,314.9259033203125,506.027587890625,340.7610168457031,452.6422119140625,301.6888427734375,451.5235290527344,319.0583801269531,466.852294921875,320.7852478027344,452.43792724609375,314.3989562988281,404.8813171386719,291.484619140625,356.6742858886719,286.7624816894531,301.2068786621094,274.8244323730469,234.8650360107422,0
6992,214.25289916992188,148.4716033935547,493.10833740234375,149.63270568847656,311.6811218261719,510.0954284667969,337.73193359375,454.2477722167969,297.462646484375,452.223876953125,314.2801818847656,469.8433532714844,317.083984375,455.10308837890625,313.7148742675781,408.2080078125,292.3294372558594,358.85968017578125,289.7565612792969,304.6676330566406,279.03192138671875,237.46836853027344,0
6993,214.18760681152344,148.3903045654297,493.0867614746094,149.7466278076172,306.53118896484375,513.5994873046875,333.376220703125,455.89971923828125,293.6531066894531,454.03656005859375,312.00244140625,473.984619140625,312.7738952636719,457.5894470214844,313.35791015625,409.90728759765625,292.81793212890625,362.6256103515625,287.1195068359375,310.89105224609375,274.1891784667969,245.02882385253906,0
6994,214.4773406982422,148.28175354003906,493.19049072265625,149.73385620117188,303.8638916015625,515.6856079101562,331.5678405761719,458.37115478515625,292.6065368652344,455.66302490234375,309.87579345703125,475.7038269042969,312.1274108886719,458.7767639160156,313.06072998046875,411.88720703125,294.70550537109375,364.96087646484375,287.9903564453125,310.9917297363281,275.00677490234375,247.10325622558594,0
6995,214.4580535888672,148.25808715820312,493.154541015625,149.73318481445312,303.8785095214844,515.7005004882812,331.56573486328125,458.3616638183594,292.591796875,455.65289306640625,309.8742980957031,475.71234130859375,312.11309814453125,458.7862854003906,313.0704650878906,411.9226989746094,294.7064208984375,364.9659118652344,287.9696350097656,311.07672119140625,275.16009521484375,250.4629669189453,0
6996,214.32264709472656,148.4031219482422,493.1476745605469,149.70155334472656,301.9335632324219,518.6566162109375,329.252197265625,461.8391418457031,290.5362548828125,459.87982177734375,307.54705810546875,481.2596740722656,310.50677490234375,462.5995788574219,318.0615234375,418.7733154296875,301.8637390136719,367.234619140625,298.542724609375,315.5273742675781,292.1567687988281,258.1852111816406,0
6997,214.31661987304688,148.4022979736328,493.15960693359375,149.70152282714844,301.9702453613281,518.6792602539062,329.2496337890625,461.82244873046875,290.6221008300781,459.9388122558594,307.6296081542969,481.3170166015625,310.5619812011719,462.6844482421875,318.197998046875,418.8079528808594,301.8714904785156,367.2469177246094,298.560791015625,315.42657470703125,290.523193359375,253.83282470703125,0
6998,214.23426818847656,148.44686889648438,493.0799865722656,149.68423461914062,304.1955261230469,517.6056518554688,330.592041015625,460.4090270996094,290.98663330078125,460.3546142578125,309.8209228515625,480.3593444824219,311.436279296875,461.94268798828125,318.8802490234375,418.9661865234375,302.04974365234375,368.4853820800781,298.98468017578125,318.8540344238281,295.404052734375,271.5249938964844,0
6999,214.3170166015625,148.53492736816406,493.1271057128906,149.62496948242188,307.0436706542969,519.4439697265625,335.11773681640625,463.3410339355469,294.7810363769531,461.4322814941406,311.8876953125,480.5259094238281,315.63238525390625,463.226806640625,319.3206481933594,418.59002685546875,305.0232238769531,367.0433349609375,301.23583984375,318.1438903808594,303.1803283691406,271.981201171875,0
7000,214.35946655273438,148.5483856201172,493.1114807128906,149.5240020751953,308.2344665527344,520.1329956054688,335.7537536621094,463.6828918457031,295.3046569824219,461.2704162597656,312.4982604980469,480.9300537109375,316.0653076171875,463.29888916015625,319.1934814453125,418.86920166015625,304.8988952636719,367.387939453125,303.7521057128906,317.5066833496094,303.7086486816406,246.85780334472656,0
7001,214.21481323242188,148.60704040527344,493.10980224609375,149.58065795898438,308.7422790527344,519.7737426757812,335.7084045410156,463.31988525390625,294.9905090332031,461.38031005859375,312.6567077636719,480.69537353515625,316.2236022949219,463.5301818847656,318.4263000488281,419.4850158691406,304.30242919921875,369.590576171875,303.1649475097656,317.3315734863281,305.0172119140625,245.52276611328125,0
7002,214.2116241455078,148.60800170898438,493.1070251464844,149.595458984375,308.7788391113281,519.7510986328125,335.7189636230469,463.32476806640625,295.0106506347656,461.3818359375,312.65325927734375,480.6920166015625,316.24700927734375,463.531005859375,318.4317626953125,419.48529052734375,304.3028869628906,369.5897521972656,303.168701171875,317.3049621582031,305.0131530761719,245.52784729003906,0
7003,214.3894805908203,148.47560119628906,493.1090087890625,149.62977600097656,308.9344482421875,518.3295288085938,335.92120361328125,463.4746398925781,295.3775634765625,461.0785827636719,313.2312316894531,480.2183532714844,316.8978271484375,462.9714050292969,318.60125732421875,420.1507873535156,302.6747741699219,372.70513916015625,298.6171875,326.5986633300781,300.5425109863281,279.6766052246094,0
7004,214.18380737304688,148.50128173828125,493.0262451171875,149.5916290283203,312.09222412109375,516.221435546875,338.3121337890625,461.0691833496094,299.20233154296875,458.5565185546875,316.2134094238281,478.6813659667969,317.197021484375,460.4248046875,318.2901306152344,418.05743408203125,301.5653991699219,368.1592102050781,300.7085266113281,316.6607360839844,298.8046875,246.5797882080078,0
7005,214.24607849121094,148.50308227539062,493.0563659667969,149.59243774414062,314.878173828125,516.2971801757812,339.66192626953125,460.1222229003906,299.7615661621094,458.6828918457031,317.6073303222656,478.5410461425781,318.2238464355469,459.78143310546875,318.7086181640625,417.5094299316406,302.1163330078125,367.5413513183594,301.01416015625,314.8442687988281,302.9891662597656,239.59429931640625,0
7006,214.13748168945312,148.67381286621094,493.1261901855469,149.52528381347656,336.3626708984375,502.44189453125,344.41595458984375,442.7292175292969,309.3426513671875,457.5133361816406,328.845703125,467.68658447265625,324.01904296875,450.84039306640625,313.4786682128906,404.14459228515625,295.9352111816406,351.8474426269531,293.99176025390625,303.43115234375,294.38409423828125,256.39593505859375,0
7007,214.13462829589844,148.6388397216797,493.1527404785156,149.50576782226562,336.3111267089844,502.40032958984375,344.7497863769531,442.8639831542969,309.2186279296875,457.5375671386719,328.72650146484375,467.8055419921875,324.03643798828125,450.8448181152344,314.3298034667969,404.3742370605469,295.9769287109375,351.8534851074219,294.007568359375,303.443603515625,294.41314697265625,256.54022216796875,0
7008,214.1363983154297,148.60614013671875,493.04034423828125,149.56483459472656,345.3909912109375,497.42095947265625,316.88226318359375,448.6846923828125,310.5682067871094,453.8302001953125,332.71435546875,461.1017761230469,327.75115966796875,444.376708984375,307.780029296875,396.71783447265625,291.6769714355469,338.5991516113281,292.4820861816406,282.2613830566406,278.7195129394531,220.438720703125,0
7009,214.1715087890625,148.56985473632812,493.1148986816406,149.5817108154297,345.1885681152344,474.8340148925781,340.193359375,417.3790588378906,311.4129333496094,441.11688232421875,331.7275085449219,442.3130187988281,324.411865234375,427.304931640625,296.6678466796875,377.4189453125,284.8951416015625,314.8385925292969,291.9198303222656,265.485107421875,301.03265380859375,219.2257537841797,0
7010,214.25418090820312,148.52967834472656,493.149169921875,149.4795379638672,342.61712646484375,464.5960693359375,338.0212097167969,409.79339599609375,309.815185546875,431.2550964355469,327.7099609375,431.4603271484375,320.97637939453125,416.9125061035156,295.5260009765625,369.1036682128906,284.64251708984375,307.0714111328125,294.16790771484375,257.0533447265625,307.5929260253906,204.03213500976562,0
7011,214.1110382080078,148.3787384033203,493.2074279785156,149.4850311279297,337.3493957519531,457.3752746582031,338.3874816894531,405.6052551269531,308.7513732910156,424.7333068847656,328.0192565917969,426.9955139160156,321.4710388183594,410.1029052734375,292.51666259765625,365.1589660644531,288.1280517578125,303.1934509277344,303.0182189941406,246.91220092773438,312.06842041015625,182.00259399414062,0
7012,214.28640747070312,148.16236877441406,493.2186279296875,149.4576416015625,335.66021728515625,452.42822265625,337.1491394042969,402.0855407714844,308.2892761230469,416.99053955078125,326.91632080078125,421.91571044921875,318.9380798339844,405.29010009765625,291.74346923828125,362.3568420410156,288.88763427734375,303.2828063964844,303.14642333984375,246.98789978027344,315.5264587402344,179.8365478515625,0
7013,214.2921905517578,148.4021453857422,493.2476501464844,149.5275421142578,338.2403869628906,453.01824951171875,337.50555419921875,401.3387756347656,309.5807800292969,417.11468505859375,326.7063293457031,421.8829345703125,319.9719543457031,405.71051025390625,291.86236572265625,361.3387145996094,289.1974182128906,300.9635925292969,303.92108154296875,245.04061889648438,317.5370178222656,178.97108459472656,0
7014,214.26658630371094,148.1749725341797,493.15472412109375,149.45892333984375,341.758056640625,449.1101379394531,338.2500915527344,401.7965087890625,311.58453369140625,418.62109375,329.2010498046875,420.78289794921875,322.0368957519531,406.2972717285156,293.0771484375,362.9483337402344,289.1923828125,301.42510986328125,303.8326721191406,245.24057006835938,319.1016845703125,179.3642120361328,0
7015,214.33932495117188,148.16725158691406,493.1739807128906,149.505859375,341.7702941894531,449.0888671875,338.2547912597656,401.7861022949219,311.5720520019531,418.627685546875,329.1855163574219,420.77288818359375,322.01702880859375,406.2788391113281,293.1735534667969,362.9972229003906,289.2117614746094,301.4553527832031,303.8675231933594,245.09530639648438,319.0735778808594,179.24330139160156,0
7016,214.31480407714844,148.2608642578125,493.2099304199219,149.4656982421875,346.97442626953125,436.842529296875,341.1770324707031,397.2046203613281,316.88201904296875,421.13006591796875,333.65509033203125,414.1397705078125,326.26055908203125,403.3527526855469,294.6438903808594,361.8551940917969,289.75323486328125,301.77081298828125,303.72119140625,245.72877502441406,317.8577575683594,179.32431030273438,0
7017,214.40966796875,148.3693389892578,493.0653381347656,149.50038146972656,366.862060546875,432.6206359863281,359.3327331542969,394.7120056152344,339.10382080078125,421.2611083984375,353.6321716308594,411.7501220703125,344.2677917480469,402.8525085449219,300.44818115234375,362.0948181152344,285.731201171875,303.8230285644531,301.867431640625,247.55792236328125,316.91082763671875,187.0138702392578,0
7018,214.36328125,148.3938751220703,493.0856628417969,149.4184112548828,368.86187744140625,432.5826110839844,366.4626770019531,398.7726745605469,344.4857177734375,423.3463439941406,360.0876159667969,413.97003173828125,350.6602478027344,403.8326416015625,303.416259765625,365.5313720703125,283.6723937988281,309.2568054199219,292.9920349121094,254.683349609375,312.1474914550781,194.4353790283203,0
7019,214.5501708984375,148.3870086669922,493.12738037109375,149.32501220703125,371.8072509765625,435.608642578125,370.2002258300781,400.7939758300781,348.37176513671875,423.5776062011719,363.04046630859375,416.3246765136719,355.0127868652344,405.9076232910156,304.5750427246094,367.2633361816406,281.9651184082031,314.1418762207031,287.3211975097656,258.68365478515625,303.1257019042969,196.38343811035156,0
7020,214.42913818359375,148.5246124267578,493.2654724121094,149.42076110839844,381.70989990234375,443.0445861816406,375.55230712890625,406.5540771484375,354.15948486328125,429.6356201171875,369.5485534667969,422.58984375,361.1468200683594,411.5184326171875,313.2012939453125,370.9677734375,282.4992980957031,319.66961669921875,286.3125305175781,261.9479675292969,296.6893005371094,200.47854614257812,0
7021,214.4329833984375,148.52593994140625,493.27630615234375,149.42103576660156,381.7234191894531,443.0541076660156,375.5618591308594,406.5604248046875,354.1474304199219,429.6231384277344,369.53619384765625,422.580078125,361.14691162109375,411.5116271972656,312.7522888183594,370.8727111816406,282.4554748535156,319.6061096191406,286.2991943359375,261.9457092285156,296.6719055175781,200.45127868652344,0
7022,214.5277557373047,148.58197021484375,493.3186950683594,149.42031860351562,385.23065185546875,442.8630676269531,377.4312438964844,404.7912292480469,356.238037109375,429.6673583984375,372.8242492675781,421.97076416015625,363.3993225097656,410.6627197265625,312.3260498046875,372.6495056152344,280.47772216796875,326.7119140625,286.1251525878906,266.71270751953125,303.04193115234375,203.3777313232422,0
7023,214.50784301757812,148.5985870361328,493.30450439453125,149.4027099609375,385.2212219238281,442.8910217285156,377.3938903808594,404.84075927734375,356.4803771972656,429.4803466796875,372.9738464355469,422.1861267089844,364.1492614746094,410.6473388671875,313.0386962890625,372.77642822265625,280.4909362792969,326.7431335449219,286.0730895996094,266.81085205078125,303.0028991699219,203.66175842285156,0
7024,214.63185119628906,148.49766540527344,493.4065246582031,149.40850830078125,396.41064453125,447.6653137207031,385.1880187988281,402.404541015625,363.32720947265625,429.8708190917969,380.18743896484375,422.5790100097656,369.29241943359375,410.4715270996094,311.7205810546875,373.68994140625,277.866943359375,335.1183776855469,274.928955078125,279.70086669921875,284.7996826171875,217.1341094970703,0
7025,214.5215606689453,148.6741943359375,493.4111633300781,149.3022918701172,408.13116455078125,443.77435302734375,394.1309814453125,403.54180908203125,370.8470764160156,430.7032165527344,389.2576599121094,423.1905212402344,376.4614562988281,412.4516296386719,321.2236328125,379.73260498046875,281.0960998535156,341.52984619140625,275.4981994628906,287.3216247558594,282.4656982421875,220.3939208984375,0
7026,214.5707244873047,148.5746612548828,493.4578552246094,149.3433074951172,440.2114562988281,453.1477355957031,419.2314453125,408.6032409667969,399.9379577636719,437.88970947265625,418.22552490234375,429.2924499511719,404.267578125,419.8797302246094,347.98876953125,392.5694885253906,301.9759216308594,365.50030517578125,283.59588623046875,325.3169860839844,282.6327819824219,272.228515625,0
7027,214.55337524414062,148.50401306152344,493.4475402832031,149.31954956054688,448.3321533203125,457.1573791503906,427.5389709472656,411.34100341796875,405.6444091796875,439.4012756347656,425.6874694824219,430.4617919921875,412.3004150390625,420.51031494140625,359.36181640625,391.873291015625,315.4211120605469,362.3258361816406,291.8014221191406,324.9331359863281,281.731689453125,266.9443359375,0
7028,214.5688018798828,148.51144409179688,493.44549560546875,149.29469299316406,448.3450012207031,457.2044982910156,427.5990905761719,411.3650207519531,405.76708984375,439.4130554199219,425.8133544921875,430.4476623535156,412.44183349609375,420.5404968261719,359.5796813964844,392.08734130859375,315.4516296386719,362.3465881347656,291.907958984375,325.1490173339844,281.6741943359375,268.0432434082031,0
7029,214.55369567871094,148.55441284179688,493.4286193847656,149.3634033203125,455.5693359375,453.2764892578125,433.3603820800781,409.2560729980469,412.5071105957031,438.6968078613281,431.2215576171875,428.6912536621094,417.558837890625,419.3854064941406,375.34619140625,393.1002197265625,329.9787902832031,355.0965576171875,303.5639953613281,317.1990051269531,292.23272705078125,266.93408203125,0
7030,214.54025268554688,148.61740112304688,493.30389404296875,149.42604064941406,461.7559814453125,450.0827331542969,439.8214416503906,405.3523254394531,417.87469482421875,433.6735534667969,438.62969970703125,425.7380676269531,423.53607177734375,415.85858154296875,375.53863525390625,384.1095275878906,336.7244873046875,349.3330993652344,316.5700988769531,311.0055236816406,309.7799072265625,261.34832763671875,0
7031,214.5404510498047,148.73272705078125,493.2790832519531,149.44761657714844,479.64019775390625,438.95391845703125,453.07281494140625,403.8167419433594,436.2054748535156,437.6226501464844,451.9556579589844,424.6300048828125,438.3200378417969,417.9760437011719,384.1985168457031,390.70751953125,341.4854736328125,360.52703857421875,323.32940673828125,323.8335876464844,318.7813415527344,267.3330078125,0
7032,214.5426483154297,148.7335968017578,493.2781677246094,149.44480895996094,479.6385192871094,438.9527893066406,453.0607604980469,403.81134033203125,436.18817138671875,437.61187744140625,451.9493408203125,424.6253967285156,438.31170654296875,417.96490478515625,384.18792724609375,390.7092590332031,341.4834899902344,360.5259094238281,323.3321838378906,323.83477783203125,318.7928466796875,267.3099365234375,0
7033,214.41485595703125,148.72679138183594,493.32952880859375,149.45352172851562,490.3743896484375,435.32421875,467.750732421875,400.91552734375,450.382568359375,434.6577453613281,466.5665588378906,421.8876037597656,450.9636535644531,413.9518737792969,390.6693115234375,393.3396911621094,345.15777587890625,367.52728271484375,320.0797119140625,331.7507019042969,312.29595947265625,283.1037292480469,0
7034,214.44044494628906,148.684326171875,493.3900146484375,149.53321838378906,526.0584106445312,431.7347717285156,496.4349365234375,398.9117736816406,484.7591857910156,430.955078125,499.7563781738281,417.3218994140625,484.2915954589844,409.97869873046875,423.61273193359375,395.59344482421875,367.56085205078125,378.2853698730469,336.1727294921875,347.5445251464844,320.8443298339844,298.9706726074219,0
7035,214.39663696289062,148.6172332763672,493.4471130371094,149.50387573242188,542.2401123046875,432.2573547363281,511.2472229003906,398.1772155761719,500.34039306640625,430.5859375,515.7349853515625,417.1868896484375,500.36328125,410.7428283691406,441.57574462890625,398.22857666015625,386.76678466796875,375.4910583496094,350.0214538574219,350.1626892089844,323.63897705078125,302.3542785644531,0
7036,214.34718322753906,148.7024383544922,493.3676452636719,149.4459991455078,552.7592163085938,433.71136474609375,525.0009155273438,397.7470703125,511.1090087890625,430.7045593261719,527.7396850585938,416.6736755371094,512.2578125,410.21075439453125,454.35845947265625,392.9088134765625,407.01513671875,368.5075378417969,369.2976989746094,348.1177062988281,337.52374267578125,314.1630554199219,0
7037,214.344970703125,148.70849609375,493.36859130859375,149.41880798339844,552.6221313476562,433.65338134765625,525.1013793945312,397.834716796875,511.07879638671875,430.7266540527344,527.7017822265625,416.7197570800781,512.2412719726562,410.2514953613281,454.631103515625,392.9009094238281,406.71466064453125,368.5369873046875,369.15185546875,347.89764404296875,337.4302978515625,314.377685546875,0
7038,214.32733154296875,148.56846618652344,493.3060607910156,149.41683959960938,565.0365600585938,434.14251708984375,533.8679809570312,394.953125,518.0259399414062,427.37005615234375,537.0070190429688,415.0867004394531,522.345947265625,408.07861328125,466.64520263671875,388.6466369628906,413.1617431640625,368.23736572265625,385.6791687011719,348.5611572265625,365.6927185058594,330.2853698730469,0
7039,213.9467010498047,148.6578826904297,493.4465026855469,149.40771484375,573.998779296875,406.8935852050781,529.6844482421875,384.13287353515625,526.684326171875,424.6916198730469,540.5354614257812,402.1554260253906,523.5706787109375,403.08673095703125,472.0024108886719,396.0791015625,419.9770812988281,389.1849365234375,387.28350830078125,381.61761474609375,362.21429443359375,357.7957763671875,0
7040,214.02854919433594,148.79244995117188,493.4144287109375,149.37115478515625,568.5771484375,399.6664123535156,522.0640869140625,379.7510986328125,522.4915161132812,420.4200439453125,535.030517578125,398.0693054199219,518.4993286132812,399.49847412109375,472.0785217285156,395.4476318359375,421.4037170410156,390.5367431640625,384.4902648925781,387.1920166015625,349.53289794921875,368.6906433105469,0
7041,213.904541015625,148.56365966796875,493.4039001464844,149.3531951904297,564.4021606445312,394.9164733886719,517.78369140625,376.4329528808594,519.8807373046875,416.06060791015625,529.6421508789062,393.82427978515625,513.2406005859375,396.1978759765625,471.7746276855469,394.6465759277344,422.0863952636719,390.4586181640625,393.4472351074219,389.2745666503906,359.4823913574219,374.4761962890625,0
7042,213.9107208251953,148.56016540527344,493.2930603027344,149.41090393066406,564.4061889648438,394.9239807128906,517.781005859375,376.4391174316406,519.8817138671875,416.0599365234375,529.6412353515625,393.8304748535156,513.2432861328125,396.2082824707031,471.8039245605469,394.622802734375,422.078369140625,390.460205078125,393.4360046386719,389.2701110839844,359.4851379394531,374.48095703125,0
7043,214.10011291503906,148.69215393066406,493.34210205078125,149.40188598632812,563.6458740234375,394.2831726074219,516.2306518554688,376.52081298828125,517.0703125,415.19891357421875,528.0380859375,392.4645080566406,512.1402587890625,394.95501708984375,470.6961364746094,394.50128173828125,422.8153076171875,388.35113525390625,388.00238037109375,386.4416198730469,353.3387145996094,367.1515808105469,0
7044,214.23512268066406,148.74746704101562,493.3583068847656,149.4477996826172,557.36865234375,396.35333251953125,513.86962890625,368.6536560058594,511.2219543457031,408.44171142578125,523.9995727539062,387.73284912109375,507.37890625,388.6693115234375,467.5946960449219,386.50811767578125,423.20550537109375,378.12237548828125,403.2864685058594,379.8460693359375,389.35968017578125,387.3114318847656,0
7045,214.03636169433594,148.69993591308594,493.2511291503906,149.41172790527344,553.3516845703125,394.01580810546875,509.5019226074219,369.8470458984375,505.5760498046875,409.0818786621094,520.1453857421875,389.11968994140625,505.0935974121094,389.4346923828125,467.6028137207031,384.3868103027344,422.846923828125,374.65045166015625,385.643798828125,366.7806701660156,347.8177795410156,346.4443054199219,0
7046,214.02490234375,148.6095428466797,493.2759704589844,149.67864990234375,550.38330078125,397.36041259765625,506.9046630859375,372.3094787597656,502.7585144042969,411.6288146972656,517.8232421875,391.95880126953125,502.6094055175781,391.83099365234375,465.14971923828125,383.7292175292969,423.9153747558594,371.05975341796875,383.16436767578125,357.30279541015625,346.70086669921875,329.6177062988281,0
7047,214.0419464111328,148.67767333984375,493.322998046875,149.68284606933594,550.3590698242188,397.3537292480469,506.8485412597656,372.20977783203125,502.73077392578125,411.6252746582031,517.7451171875,391.92529296875,502.57659912109375,391.7955322265625,465.1373291015625,383.738525390625,423.917724609375,371.06671142578125,383.2464904785156,357.3495178222656,346.84698486328125,329.73529052734375,0
7048,214.224853515625,148.79591369628906,493.43670654296875,149.5345916748047,548.3596801757812,404.4730529785156,506.3050537109375,374.3313293457031,498.886962890625,413.57366943359375,515.0512084960938,394.11505126953125,500.5518493652344,393.385009765625,462.7158508300781,382.9617919921875,424.5012512207031,368.79248046875,373.19921875,343.7265319824219,317.02374267578125,308.1556701660156,0
7049,214.28558349609375,148.496826171875,493.3075256347656,149.72450256347656,545.2077026367188,425.07958984375,511.60992431640625,383.8603515625,493.1441955566406,419.79730224609375,514.01416015625,407.2703552246094,499.8617248535156,400.6566467285156,463.3407897949219,382.69952392578125,425.23638916015625,368.51983642578125,374.22283935546875,342.06695556640625,320.2059326171875,305.9651184082031,0
7050,214.30731201171875,148.46351623535156,493.34423828125,149.80015563964844,544.867919921875,427.3236389160156,512.017333984375,385.1982421875,493.14654541015625,421.7161560058594,514.738525390625,407.9768371582031,500.0938415527344,402.1678161621094,464.7725524902344,383.13580322265625,427.4029846191406,368.13922119140625,376.29931640625,342.4598693847656,322.27227783203125,305.8157653808594,0
7051,214.2556610107422,148.53549194335938,493.23553466796875,149.87142944335938,545.591064453125,428.268798828125,513.3516235351562,386.49493408203125,493.4996032714844,422.406982421875,515.9605712890625,409.1457824707031,501.0580749511719,403.13079833984375,468.1209411621094,381.5820007324219,428.711181640625,367.9078369140625,376.9732666015625,342.2413330078125,323.4393005371094,305.8143310546875,0
7052,214.22523498535156,148.53457641601562,493.2651672363281,149.81297302246094,545.9214477539062,430.111328125,513.6370849609375,386.6181335449219,492.76953125,422.93865966796875,515.930908203125,409.93310546875,501.33111572265625,403.76031494140625,469.75537109375,381.8529968261719,430.8556823730469,367.9795837402344,378.1095275878906,342.6333923339844,323.6141662597656,305.9371032714844,0
7053,214.2606964111328,148.651611328125,493.2591857910156,149.83619689941406,546.6485595703125,428.5424499511719,513.8265380859375,385.72674560546875,494.37408447265625,423.2923889160156,517.1366577148438,409.7300109863281,502.71612548828125,403.7547302246094,471.6093444824219,382.1866455078125,432.93939208984375,367.9594421386719,379.45721435546875,341.524658203125,324.8288269042969,307.0918884277344,0
7054,214.23255920410156,148.58644104003906,493.1426086425781,149.94882202148438,546.2095336914062,430.0124206542969,513.2859497070312,385.14935302734375,492.7001647949219,423.4433288574219,516.5325927734375,409.7550964355469,501.7682800292969,403.7957763671875,472.1206359863281,382.222412109375,434.5788879394531,368.3252258300781,382.2464599609375,342.44720458984375,328.24652099609375,309.5339050292969,0
7055,214.19480895996094,148.68785095214844,493.4610900878906,149.75259399414062,545.707763671875,430.34033203125,513.5120239257812,385.5929260253906,492.788330078125,423.5602722167969,516.5967407226562,409.83221435546875,501.98492431640625,404.184814453125,472.3407287597656,382.8607177734375,433.753173828125,368.5610046386719,383.8429260253906,338.3294677734375,330.81707763671875,304.2337951660156,0
7056,214.1793212890625,148.6649169921875,493.4640197753906,149.75946044921875,545.7015991210938,430.3337097167969,513.4668579101562,385.5729064941406,492.81787109375,423.5956115722656,516.590576171875,409.81427001953125,501.9988098144531,404.0924987792969,472.3005676269531,382.71282958984375,433.7342834472656,368.5604553222656,383.8279113769531,338.2989501953125,330.8590393066406,304.2496032714844,0
7057,214.29554748535156,148.62237548828125,493.41241455078125,149.7895965576172,545.293212890625,430.6428527832031,512.3921508789062,385.0480041503906,491.2291564941406,423.1800231933594,515.0084228515625,409.6278076171875,500.7754211425781,403.3766784667969,471.4347839355469,381.37939453125,434.22235107421875,367.13409423828125,383.5507507324219,336.6651916503906,328.281494140625,301.8297424316406,0
7058,214.3556671142578,148.5010223388672,493.3866271972656,149.82615661621094,534.0440673828125,430.3271484375,505.85076904296875,382.6857604980469,485.12109375,420.0174255371094,506.06805419921875,408.8572082519531,494.7569580078125,400.94793701171875,468.623291015625,380.9697265625,434.85345458984375,367.1595458984375,384.6505126953125,336.4549255371094,328.73248291015625,301.744140625,0
7059,214.34254455566406,148.55856323242188,493.4330139160156,149.79989624023438,531.7642822265625,428.69390869140625,502.06146240234375,382.2829284667969,481.81719970703125,420.9714050292969,505.5678405761719,407.9658508300781,492.8883056640625,402.5608825683594,466.9269714355469,380.6150207519531,435.4390869140625,366.87042236328125,384.9208679199219,336.2157897949219,328.97930908203125,302.8796691894531,0
7060,214.2379608154297,148.43911743164062,493.2664794921875,149.92088317871094,528.355224609375,428.5047607421875,500.71881103515625,381.17523193359375,479.8982238769531,420.294921875,503.6544189453125,407.40142822265625,491.4670715332031,401.1138000488281,465.76708984375,380.14794921875,434.99896240234375,366.6888732910156,383.985595703125,336.04296875,327.8550720214844,302.0434265136719,0
7061,214.20924377441406,148.61102294921875,493.14306640625,149.9869384765625,531.8949584960938,426.8940124511719,501.6805725097656,382.1091003417969,481.0484313964844,420.3210754394531,503.9664611816406,407.67303466796875,491.7545471191406,401.4338684082031,465.36480712890625,379.9653015136719,433.7088623046875,366.2764587402344,383.2423400878906,335.2442626953125,327.40478515625,302.2885437011719,0
7062,214.29026794433594,148.61782836914062,493.27044677734375,149.9028778076172,547.4994506835938,409.268798828125,504.8307189941406,372.5841979980469,493.642822265625,414.2869567871094,510.5790710449219,393.88800048828125,496.2577819824219,393.0415344238281,460.4259033203125,378.3057556152344,424.72613525390625,360.62176513671875,373.2105407714844,327.5956726074219,314.06158447265625,295.8294677734375,0
7063,214.1875457763672,148.61444091796875,493.1706237792969,149.95835876464844,549.5160522460938,398.3781433105469,506.5069885253906,370.0273132324219,500.7843933105469,407.6650085449219,513.7266235351562,389.4637145996094,498.8653564453125,388.4393615722656,460.2572326660156,377.59881591796875,421.60552978515625,359.0806884765625,371.2467346191406,326.8864440917969,313.2813415527344,294.3301696777344,0
7064,214.1818389892578,148.59788513183594,493.1566467285156,149.91604614257812,549.5130004882812,398.35406494140625,506.4522705078125,370.0216064453125,500.77471923828125,407.75628662109375,513.6943969726562,389.44024658203125,498.796630859375,388.4427185058594,460.16455078125,377.39715576171875,421.5535888671875,359.0565490722656,371.2318115234375,326.87451171875,313.2718505859375,294.33758544921875,0
7065,214.24752807617188,148.54922485351562,493.26348876953125,149.61956787109375,557.6898803710938,382.5283508300781,514.8019409179688,367.2978515625,518.10986328125,400.34307861328125,525.7424926757812,380.34454345703125,509.7322082519531,383.01788330078125,464.82525634765625,380.31378173828125,419.5943298339844,359.0145263671875,369.7126159667969,326.1814880371094,313.3916320800781,293.9580078125,0
7066,214.24900817871094,148.55043029785156,493.2978820800781,149.6149444580078,557.6896362304688,382.5321044921875,514.80126953125,367.32379150390625,518.1100463867188,400.34185791015625,525.7432861328125,380.3401184082031,509.7323303222656,383.0179443359375,464.8007507324219,380.3703918457031,419.60101318359375,359.0122375488281,369.6685791015625,326.1510314941406,313.37335205078125,293.9532775878906,0
7067,214.17723083496094,148.53663635253906,493.2592468261719,149.70669555664062,562.0286865234375,384.6254577636719,521.8117065429688,367.75909423828125,524.3416137695312,401.9284973144531,532.9813232421875,383.1235656738281,516.8129272460938,385.0645751953125,469.02069091796875,383.52301025390625,419.1434020996094,359.93023681640625,369.2558288574219,325.92742919921875,313.7062072753906,294.08013916015625,0
7068,214.4035186767578,148.51182556152344,493.22857666015625,149.68289184570312,588.0860595703125,386.2856140136719,552.4985961914062,370.3346252441406,552.2726440429688,406.2068786621094,561.39208984375,386.26177978515625,544.8740844726562,387.7300109863281,487.79974365234375,385.0594177246094,427.2900695800781,367.8504943847656,382.42156982421875,334.1331481933594,335.7112731933594,295.5594787597656,0
7069,214.36228942871094,148.55313110351562,493.34722900390625,149.74327087402344,596.2354125976562,385.08404541015625,558.8779296875,368.6601257324219,561.5869140625,404.4931640625,568.8674926757812,383.94683837890625,553.8871459960938,385.32989501953125,493.57647705078125,383.6365966796875,432.0036315917969,370.1772155761719,386.2132568359375,339.7444152832031,338.4000244140625,300.4719543457031,0
7070,214.46780395507812,148.5778045654297,493.3542785644531,149.7392578125,601.7315673828125,380.76416015625,567.1593627929688,366.6548156738281,568.8320922851562,401.8019104003906,576.6113891601562,380.9779968261719,561.2841796875,382.24468994140625,499.0443420410156,382.51434326171875,436.5773620605469,374.4841003417969,389.36322021484375,349.18115234375,342.26171875,308.7494201660156,0
7071,214.46580505371094,148.57081604003906,493.3539733886719,149.73731994628906,601.7462768554688,380.7516174316406,567.1610717773438,366.6739501953125,568.88232421875,401.83416748046875,576.6392211914062,381.0089111328125,561.27099609375,382.3126220703125,499.2129821777344,382.50689697265625,436.57257080078125,374.4962463378906,389.337158203125,349.14605712890625,342.2434997558594,308.7497863769531,0
7072,214.3406982421875,148.62879943847656,493.2078857421875,149.74623107910156,603.1688842773438,379.1649169921875,574.296142578125,366.0433349609375,577.1054077148438,400.3724365234375,582.7565307617188,379.4489440917969,568.4130249023438,379.3541259765625,506.52215576171875,380.7488708496094,441.346923828125,381.7243347167969,395.6907958984375,364.06170654296875,347.7157287597656,324.83172607421875,0
7073,214.4270477294922,148.64927673339844,493.193115234375,149.82534790039062,607.5372924804688,375.9162902832031,587.2996215820312,362.4664001464844,586.7110595703125,393.83099365234375,593.4970092773438,375.9974670410156,578.9237670898438,377.3383483886719,520.865234375,380.2272033691406,460.7494201660156,399.386474609375,406.2260437011719,407.70611572265625,342.6491394042969,399.9145812988281,0
7074,214.3371124267578,148.60394287109375,492.95867919921875,149.61097717285156,620.574462890625,380.0267333984375,595.2929077148438,366.8825988769531,594.0157470703125,398.5166015625,600.4462280273438,379.4457702636719,588.1595458984375,379.01605224609375,526.9351196289062,380.197265625,463.2529296875,397.51214599609375,408.8677673339844,399.74810791015625,355.40081787109375,382.8517761230469,0
7075,214.33815002441406,148.599365234375,493.06854248046875,149.60311889648438,620.5712280273438,380.03656005859375,595.2774047851562,366.8997802734375,594.0411987304688,398.5113830566406,600.4373168945312,379.4393005371094,588.1548461914062,379.0069885253906,526.9935913085938,380.2102355957031,463.2471618652344,397.5021057128906,408.75811767578125,399.7730407714844,354.58038330078125,382.5864562988281,0
7076,214.54171752929688,148.46975708007812,493.17401123046875,149.51414489746094,629.7615356445312,384.82965087890625,605.5779418945312,372.2911682128906,603.706298828125,403.56170654296875,612.1161499023438,385.8359069824219,597.0745239257812,385.44842529296875,532.715087890625,380.5856628417969,469.0315856933594,390.51617431640625,412.71026611328125,385.6749572753906,359.02520751953125,362.54779052734375,0
7077,214.5108184814453,148.5187225341797,493.1583557128906,149.525146484375,629.7623291015625,384.82745361328125,605.5743408203125,372.29547119140625,603.70849609375,403.5711669921875,612.1168212890625,385.8345947265625,597.0743408203125,385.4494323730469,532.6944580078125,380.59375,469.0242614746094,390.5250549316406,412.7225646972656,385.6778564453125,359.1143798828125,362.59661865234375,0
7078,214.3430633544922,148.70431518554688,493.084228515625,149.7136993408203,630.4804077148438,383.8435974121094,609.5883178710938,374.511474609375,610.3680419921875,404.92059326171875,615.5895385742188,387.0025329589844,602.2169189453125,386.96002197265625,537.6687622070312,380.9705810546875,471.98858642578125,387.875,419.1873474121094,381.2430419921875,365.2193298339844,357.4747619628906,0
7079,214.38124084472656,148.73768615722656,493.0163269042969,149.5465850830078,619.7285766601562,394.29736328125,608.550537109375,377.8283996582031,604.318359375,411.60784912109375,609.1469116210938,393.9315185546875,599.0673217773438,392.3072204589844,535.545654296875,379.6195373535156,475.254638671875,372.0848388671875,425.7370300292969,353.2496032714844,377.6462707519531,315.3114013671875,0
7080,214.2899169921875,148.6738739013672,493.0044250488281,149.7408905029297,605.8148193359375,392.9617614746094,599.310791015625,379.5425720214844,592.0758666992188,410.294189453125,597.3484497070312,393.8000793457031,588.3206176757812,389.56298828125,530.6159057617188,376.8731384277344,469.3641662597656,365.78851318359375,419.3813171386719,342.81561279296875,369.6629943847656,298.8791809082031,0
7081,214.2394256591797,148.74920654296875,493.0937194824219,149.54083251953125,589.7503662109375,392.1817626953125,581.3483276367188,376.4269714355469,572.554931640625,406.011474609375,581.02294921875,392.1650695800781,570.6943969726562,387.5597229003906,519.0318603515625,374.15557861328125,458.8474426269531,361.4328308105469,408.43450927734375,334.6444396972656,359.1658935546875,289.6215515136719,0
7082,214.3113555908203,148.63339233398438,493.0169677734375,149.47755432128906,591.0623779296875,391.9537048339844,581.17236328125,376.1891784667969,573.3524169921875,405.9308776855469,581.548583984375,391.58477783203125,570.169921875,387.17987060546875,517.7590942382812,374.24322509765625,457.6294250488281,361.3977966308594,408.1163635253906,337.3448181152344,359.7198486328125,294.21795654296875,0
7083,214.2832489013672,148.6145477294922,493.0472717285156,149.49139404296875,591.093017578125,391.98150634765625,581.1853637695312,376.19915771484375,572.9456787109375,406.1237487792969,581.45703125,391.6548767089844,570.1564331054688,387.0955505371094,517.658447265625,374.218994140625,457.3591003417969,361.3775939941406,408.2900085449219,337.42852783203125,359.8708801269531,294.6870422363281,0
7084,214.22854614257812,148.7248077392578,493.0926513671875,149.55621337890625,590.9898681640625,393.6632995605469,581.4096069335938,377.2207336425781,571.7303466796875,406.76837158203125,581.61962890625,393.33953857421875,570.122314453125,387.4261474609375,518.1366577148438,373.4388732910156,458.0325012207031,361.0281982421875,406.58648681640625,337.12005615234375,354.7835998535156,296.0404968261719,0
7085,214.21807861328125,148.7667694091797,493.2220458984375,149.4977569580078,590.7567749023438,392.5145263671875,580.4603881835938,377.29547119140625,571.6199340820312,406.1507568359375,581.3590087890625,392.7841796875,569.7963256835938,387.2288818359375,517.87841796875,372.87017822265625,457.92071533203125,360.5031433105469,406.33270263671875,335.4056701660156,355.7722473144531,293.2070007324219,0
7086,214.28811645507812,148.77943420410156,493.1556396484375,149.60733032226562,574.6661376953125,385.86688232421875,568.3948364257812,370.6672058105469,563.5982055664062,401.907958984375,568.275146484375,386.38165283203125,558.5775756835938,383.57708740234375,512.95361328125,370.5764465332031,453.34912109375,358.838623046875,402.66241455078125,335.2695617675781,352.3102722167969,292.05328369140625,0
7087,214.26158142089844,148.61227416992188,493.08734130859375,149.655517578125,571.1268920898438,385.21954345703125,563.5660400390625,369.8984375,559.5703735351562,400.609130859375,564.93408203125,385.5001220703125,553.8485717773438,381.8149108886719,509.9805603027344,371.08734130859375,452.06231689453125,358.2071228027344,401.4100341796875,333.78277587890625,350.9300231933594,289.45269775390625,0
7088,214.2877197265625,148.4886932373047,493.103271484375,149.71583557128906,571.537841796875,378.8453369140625,560.2579345703125,369.4479064941406,561.1470947265625,399.0266418457031,565.1800537109375,383.1841735839844,555.452880859375,382.0343322753906,510.2949523925781,371.72381591796875,452.0733642578125,357.39080810546875,402.56964111328125,331.7354736328125,352.9805908203125,288.41851806640625,0
7089,214.2991943359375,148.44659423828125,493.024658203125,149.68907165527344,572.7615356445312,369.2541198730469,559.54638671875,365.0029296875,565.31494140625,395.88671875,566.7242431640625,375.91912841796875,557.329833984375,378.2798767089844,512.7477416992188,373.3389892578125,453.0123596191406,358.70379638671875,405.1770935058594,332.7487487792969,357.8526611328125,285.2584533691406,0
7090,214.20285034179688,148.459228515625,493.02398681640625,149.73724365234375,585.144287109375,349.642822265625,561.4742431640625,355.42791748046875,572.622802734375,386.6649169921875,571.3017578125,363.1225891113281,560.6488647460938,373.2505798339844,515.0537719726562,375.2257995605469,454.7068786621094,366.8585510253906,408.1439514160156,347.0826110839844,360.70550537109375,308.5870361328125,0
7091,214.19992065429688,148.45965576171875,493.02301025390625,149.7105712890625,585.1194458007812,349.6343078613281,561.418212890625,355.41998291015625,572.6080932617188,386.5992126464844,571.2593383789062,363.0994873046875,560.5437622070312,373.2283935546875,515.0203857421875,375.2291259765625,454.7029113769531,366.86187744140625,408.14813232421875,347.0826721191406,360.7232971191406,308.605712890625,0
7092,214.17727661132812,148.4937286376953,493.18359375,149.70689392089844,593.5940551757812,350.0793762207031,562.094482421875,352.8960266113281,572.8583984375,384.5773620605469,573.451904296875,361.2890319824219,560.977783203125,370.27471923828125,515.64306640625,373.44879150390625,456.7031555175781,368.5411376953125,406.4443054199219,351.7892150878906,355.592529296875,317.2174987792969,0
7093,214.26364135742188,148.395263671875,493.1769104003906,149.70326232910156,598.0921020507812,334.87945556640625,558.9031372070312,342.57012939453125,576.825439453125,374.6017761230469,574.8070678710938,350.8022155761719,559.554931640625,361.204345703125,518.9711303710938,371.6183166503906,461.0574035644531,370.7137451171875,412.10406494140625,352.57763671875,362.1836242675781,315.47052001953125,0
7094,214.24517822265625,148.5692901611328,493.087890625,149.72055053710938,602.8123779296875,326.7894287109375,561.21240234375,336.3157958984375,579.9686889648438,369.18768310546875,577.7572631835938,344.14453125,562.5879516601562,355.1387634277344,521.0220947265625,369.42950439453125,464.9264831542969,372.04901123046875,415.1387023925781,354.7851257324219,365.8121337890625,317.2171630859375,0
7095,214.36854553222656,148.51950073242188,493.1844177246094,149.67649841308594,614.7645263671875,317.4649353027344,569.5386962890625,321.8310241699219,586.1113891601562,356.3054504394531,587.2068481445312,330.98931884765625,571.7335205078125,342.0883483886719,528.4790649414062,361.6687316894531,472.38433837890625,378.53570556640625,423.093994140625,367.8697814941406,372.2882995605469,339.2786865234375,0
7096,214.34280395507812,148.56300354003906,493.1498718261719,149.6302032470703,614.7140502929688,317.4610595703125,569.5621337890625,321.8265075683594,586.1351318359375,356.220947265625,587.2400512695312,330.9162292480469,571.7257690429688,342.0517578125,528.4588623046875,361.65924072265625,472.390869140625,378.5236511230469,423.08416748046875,367.861572265625,372.298583984375,339.27227783203125,0
7097,214.33737182617188,148.51608276367188,493.1390380859375,149.66006469726562,621.6925048828125,316.2302551269531,574.1262817382812,318.9683532714844,587.9152221679688,353.2021179199219,590.0411376953125,329.1087341308594,574.4940185546875,338.20220947265625,534.2877197265625,358.5047912597656,478.6333923339844,383.5118103027344,428.38250732421875,374.2697448730469,375.44696044921875,346.3475036621094,0
7098,214.36505126953125,148.55369567871094,493.228759765625,149.6627197265625,621.7227783203125,316.2897033691406,574.0613403320312,319.0133972167969,587.877685546875,353.2384033203125,590.0396728515625,329.1051940917969,574.4955444335938,338.2388610839844,534.2060546875,358.55908203125,478.658935546875,383.5029296875,428.51812744140625,374.32012939453125,375.59912109375,346.4861755371094,0
7099,214.4271697998047,148.55770874023438,493.1844482421875,149.62661743164062,625.76171875,316.0665588378906,577.0386962890625,316.76934814453125,591.7437744140625,353.0124816894531,593.327880859375,327.0010986328125,577.2384643554688,335.6281433105469,536.2378540039062,355.83087158203125,487.2034912109375,386.2966613769531,435.5215148925781,378.68792724609375,382.86566162109375,355.1198425292969,0
7100,214.39111328125,148.5800018310547,493.2519836425781,149.5887908935547,628.9756469726562,321.24273681640625,579.960693359375,322.1975402832031,598.0286865234375,358.3525085449219,597.3929443359375,333.7154541015625,580.2710571289062,342.1794128417969,545.6161499023438,354.6632385253906,498.09161376953125,368.6587219238281,450.0491638183594,376.5037536621094,406.915771484375,356.6571044921875,0
7101,214.4432830810547,148.60438537597656,493.3016662597656,149.6171112060547,623.90185546875,325.64068603515625,574.4553833007812,319.9668273925781,586.737548828125,357.7608337402344,591.1392211914062,332.85491943359375,574.9111938476562,340.50390625,539.97802734375,344.5908508300781,491.274658203125,351.009765625,447.0715026855469,345.92193603515625,405.7528076171875,318.68646240234375,0
7102,214.33560180664062,148.51385498046875,493.28045654296875,149.61270141601562,621.2639770507812,323.9599609375,572.0597534179688,320.3284606933594,584.5512084960938,358.0298767089844,588.9942626953125,332.9098205566406,572.8842163085938,340.7108154296875,538.3956298828125,345.72418212890625,493.1406555175781,347.33319091796875,443.0233154296875,339.41253662109375,392.3631286621094,310.2347717285156,0
7103,214.3063507080078,148.5471649169922,493.2864074707031,149.64071655273438,620.3462524414062,325.3149108886719,570.08544921875,320.5451354980469,583.7127685546875,359.6966857910156,587.1473999023438,333.4007263183594,571.0199584960938,340.95538330078125,536.8064575195312,345.56011962890625,494.1229248046875,345.572509765625,440.54193115234375,336.6033630371094,385.6380920410156,303.76324462890625,0
7104,214.21487426757812,148.54054260253906,493.0383605957031,149.61634826660156,617.9027709960938,326.09942626953125,566.5335083007812,322.0053405761719,581.2335205078125,361.2171936035156,584.1972045898438,334.7121276855469,568.9627685546875,341.7783203125,535.6159057617188,345.8554382324219,494.4618225097656,344.398681640625,437.4938049316406,333.64593505859375,376.49884033203125,300.4884948730469,0
7105,214.1493377685547,148.47935485839844,493.08868408203125,149.6051788330078,611.1079711914062,330.03131103515625,559.606201171875,325.0365295410156,574.6542358398438,364.5085754394531,578.7008666992188,338.7437744140625,563.2338256835938,345.1298828125,533.3399658203125,344.8330078125,495.3539123535156,343.6480407714844,437.2562561035156,332.9353332519531,374.77545166015625,300.40899658203125,0
7106,214.1458740234375,148.48619079589844,493.1247863769531,149.6706085205078,611.0934448242188,330.07122802734375,559.6649780273438,325.03656005859375,574.2763671875,364.0173034667969,578.6942138671875,338.7579040527344,563.222900390625,345.1169128417969,533.3306274414062,344.734375,495.3087158203125,343.6144104003906,437.2531433105469,332.9472351074219,374.78662109375,300.4047546386719,0
7107,214.10365295410156,148.67018127441406,493.1026306152344,149.69082641601562,608.3966674804688,332.0812072753906,557.6826782226562,327.6125793457031,571.4973754882812,366.358642578125,575.9971313476562,341.6806335449219,561.2860717773438,347.3952941894531,532.6881713867188,346.126708984375,495.40045166015625,343.3626403808594,436.7311096191406,332.8863220214844,374.5817565917969,299.8617248535156,0
7108,214.09695434570312,148.69818115234375,493.04852294921875,149.71006774902344,607.1864013671875,339.2768249511719,556.4931030273438,330.0694885253906,569.0181274414062,369.8211364746094,574.9119873046875,345.02734375,559.8549194335938,350.20947265625,530.8174438476562,347.42486572265625,495.6667785644531,343.31829833984375,436.90948486328125,332.9229431152344,374.28759765625,299.7886047363281,0
7109,214.3114471435547,148.56663513183594,493.0654296875,149.75604248046875,608.1212768554688,341.3420104980469,557.4443359375,332.38653564453125,568.8671875,372.12005615234375,575.2372436523438,345.8875427246094,560.9043579101562,352.9653015136719,531.2601318359375,347.9008483886719,495.55377197265625,343.0437927246094,436.777099609375,332.8824157714844,374.0608215332031,299.6360168457031,0
7110,214.07833862304688,148.83969116210938,493.1162414550781,149.7989959716797,611.4808959960938,339.3702697753906,558.0010986328125,334.3460998535156,570.9727172851562,372.91064453125,577.2095947265625,347.65673828125,562.571533203125,354.28070068359375,532.279052734375,348.5341796875,495.67724609375,342.7599792480469,436.5892639160156,332.7857971191406,374.1147766113281,299.4466552734375,0
7111,214.1421661376953,148.81346130371094,493.18896484375,149.78292846679688,611.4513549804688,339.3983154296875,557.9429931640625,334.37567138671875,570.9611206054688,372.8979797363281,577.0545654296875,347.7389831542969,562.4276733398438,354.2876281738281,532.2763671875,348.54351806640625,495.6497802734375,342.7774658203125,436.5616149902344,332.7719421386719,374.1114501953125,299.447265625,0
7112,214.0522918701172,148.81475830078125,493.1020202636719,149.87355041503906,612.0790405273438,339.13421630859375,558.8422241210938,334.6054382324219,572.8819580078125,372.5748596191406,578.4044799804688,347.7119140625,563.193115234375,354.3746337890625,532.4129638671875,348.9697265625,495.44281005859375,343.0531921386719,436.69891357421875,332.9804992675781,375.1498718261719,300.443115234375,0
7113,214.13809204101562,148.8592071533203,493.2508850097656,149.86712646484375,613.7391967773438,349.01220703125,562.5906372070312,334.7308044433594,569.1924438476562,374.6979064941406,579.4590454101562,351.195068359375,564.4813842773438,355.8249816894531,533.3330078125,348.63079833984375,496.069580078125,342.9342346191406,436.6698303222656,332.2922058105469,374.85540771484375,300.1523132324219,0
7114,214.13436889648438,148.73037719726562,493.1265563964844,149.81533813476562,614.02490234375,359.8400573730469,565.7798461914062,336.002197265625,566.2793579101562,377.43597412109375,579.33154296875,356.30120849609375,564.4232788085938,357.22283935546875,533.459716796875,347.2834167480469,495.748046875,342.7362365722656,436.524658203125,332.1458435058594,374.69525146484375,299.9862976074219,0
7115,214.1861114501953,148.794189453125,493.22705078125,149.64305114746094,611.376708984375,373.1050720214844,563.9019775390625,343.8655700683594,561.94775390625,384.8983154296875,577.0611572265625,363.70806884765625,564.0646362304688,363.145751953125,534.8237915039062,348.1547546386719,496.76300048828125,342.19757080078125,436.98101806640625,331.8939208984375,375.6454772949219,300.6243591308594,0
7116,214.1888885498047,148.79409790039062,493.22637939453125,149.64346313476562,611.3765869140625,373.1034240722656,563.9076538085938,343.8658142089844,561.9638671875,384.8945617675781,577.0716552734375,363.7271423339844,564.0953369140625,363.1315612792969,534.8931274414062,348.10797119140625,496.73590087890625,342.2057800292969,436.9793395996094,331.89306640625,375.6463623046875,300.62628173828125,0
7117,214.1309814453125,148.6730194091797,493.2951354980469,149.63893127441406,608.53271484375,376.63739013671875,562.9283447265625,345.52142333984375,559.1962280273438,386.706298828125,575.0784912109375,366.04486083984375,562.5685424804688,365.7227478027344,533.8543090820312,348.7932434082031,497.1510925292969,341.8288269042969,437.0111083984375,331.7292175292969,375.17193603515625,300.6466979980469,0
7118,214.3201141357422,148.69308471679688,493.33306884765625,149.57566833496094,603.7914428710938,381.4288330078125,557.7117309570312,349.3780517578125,554.7030029296875,388.8642578125,572.4815063476562,369.0966491699219,558.3296508789062,367.60076904296875,532.2606811523438,348.4447937011719,497.4246826171875,341.5522766113281,437.4809265136719,331.8648986816406,375.7337646484375,300.7377624511719,0
7119,214.2120819091797,148.7970428466797,493.3899230957031,149.66653442382812,599.4320678710938,384.8230895996094,555.5847778320312,350.1177062988281,551.8583984375,390.3051452636719,569.15380859375,370.90093994140625,557.3992919921875,369.1488342285156,531.6503295898438,348.1405944824219,497.6590576171875,341.4802551269531,438.0763854980469,331.7914123535156,375.605224609375,300.77984619140625,0
7120,214.32899475097656,148.76577758789062,493.36077880859375,149.64193725585938,597.433837890625,388.8445129394531,554.7073364257812,352.4111328125,550.3978271484375,392.4359436035156,568.5169677734375,373.66802978515625,556.1506958007812,371.06378173828125,534.108642578125,349.8216857910156,497.78106689453125,341.2918701171875,438.36773681640625,331.7537841796875,377.09576416015625,301.477294921875,0
7121,214.33926391601562,148.77236938476562,493.37811279296875,149.67347717285156,597.4279174804688,388.8677978515625,554.7079467773438,352.36016845703125,550.3875122070312,392.44610595703125,568.518310546875,373.698486328125,556.0987548828125,371.0116271972656,534.184814453125,349.78106689453125,497.7972106933594,341.2885437011719,438.3717346191406,331.7594909667969,377.0914001464844,301.4790344238281,0
7122,214.21047973632812,148.81982421875,493.3976135253906,149.61209106445312,589.6442260742188,397.4579772949219,552.7898559570312,358.30328369140625,543.0436401367188,396.8648986816406,564.1273803710938,379.7815856933594,552.9820556640625,374.73529052734375,532.2659912109375,347.1433410644531,498.4458923339844,340.83770751953125,438.5696716308594,331.7244873046875,376.82830810546875,301.6357116699219,0
7123,214.12416076660156,148.60150146484375,493.5675048828125,149.71624755859375,589.4717407226562,403.12890625,550.8055419921875,362.1453552246094,540.1832275390625,400.3554382324219,562.4954223632812,381.6944885253906,550.9935302734375,375.953369140625,531.1541137695312,347.54522705078125,497.9685974121094,340.5860595703125,438.7267761230469,331.7520751953125,377.6096496582031,302.1421813964844,0
7124,214.2499542236328,148.9044952392578,493.447021484375,149.76773071289062,593.7576904296875,404.2046813964844,554.2732543945312,362.55438232421875,541.2474975585938,400.7247009277344,563.8421020507812,381.90057373046875,551.937255859375,376.1083068847656,530.8280029296875,348.560791015625,497.6433410644531,340.4571838378906,438.5984802246094,331.6574401855469,375.6327209472656,301.4684753417969,0
7125,214.21282958984375,148.9982147216797,493.2874450683594,149.8598175048828,601.291015625,407.8255920410156,561.9069213867188,365.4654846191406,546.3104248046875,401.89776611328125,568.8142700195312,387.3421936035156,557.6035766601562,379.7316589355469,532.5650634765625,348.677490234375,496.63427734375,340.29742431640625,437.5086975097656,331.4884033203125,376.16973876953125,301.7700500488281,0
7126,214.21400451660156,148.9983673095703,493.28814697265625,149.86077880859375,601.2918090820312,407.8609619140625,561.8619384765625,365.4645080566406,546.3021240234375,401.9041442871094,568.791748046875,387.333984375,557.56689453125,379.6840515136719,532.5110473632812,348.6437072753906,496.6279296875,340.2931213378906,437.51361083984375,331.49163818359375,376.17169189453125,301.77191162109375,0
7127,214.23182678222656,149.02003479003906,493.1877746582031,149.87522888183594,610.0628662109375,409.5204162597656,566.862548828125,366.6123962402344,551.9585571289062,404.09881591796875,574.0369873046875,388.9290771484375,561.7579956054688,382.14031982421875,535.2802734375,349.9258117675781,495.6756896972656,340.0690002441406,436.18878173828125,330.9703369140625,374.8299865722656,300.716064453125,0
7128,214.27291870117188,148.87506103515625,493.35186767578125,149.7686004638672,622.8547973632812,411.098876953125,582.47998046875,369.86517333984375,565.7892456054688,405.7700500488281,585.7922973632812,392.517578125,573.5018310546875,385.7733154296875,535.3184814453125,352.716796875,489.06671142578125,338.2879943847656,430.40692138671875,328.5278015136719,370.9539489746094,299.69921875,0
7129,214.28770446777344,148.8269500732422,493.23516845703125,149.6775665283203,627.05517578125,412.7734680175781,586.0244140625,372.9304504394531,569.85791015625,408.890380859375,590.1286010742188,394.0678405761719,575.1869506835938,388.0792236328125,535.91162109375,354.2519226074219,488.18304443359375,338.19915771484375,429.0834045410156,328.6969299316406,370.61102294921875,299.16571044921875,0
7130,214.25164794921875,148.78799438476562,493.15472412109375,149.760009765625,633.3150024414062,410.60504150390625,595.1930541992188,374.5347595214844,580.5006103515625,409.2144470214844,599.8251342773438,395.68096923828125,585.9501953125,389.1191101074219,536.3396606445312,356.491943359375,484.1123962402344,337.4990234375,424.8591003417969,326.0817565917969,364.8709716796875,295.6815185546875,0
7131,214.26126098632812,148.79034423828125,493.09381103515625,149.79837036132812,633.3088989257812,410.606201171875,595.19970703125,374.5221862792969,580.4999389648438,409.2177429199219,599.8325805664062,395.6762390136719,585.9498291015625,389.1246643066406,536.305908203125,356.48577880859375,484.11639404296875,337.496337890625,424.8916015625,326.1001892089844,364.7810974121094,295.6033935546875,0
7132,214.2639923095703,148.70323181152344,493.109130859375,149.8262939453125,636.6514282226562,411.2147521972656,600.2916870117188,376.2818298339844,585.3701782226562,409.6776428222656,603.8589477539062,395.5606384277344,589.9614868164062,389.8638000488281,536.8427734375,356.5541076660156,483.63031005859375,337.4928894042969,424.056884765625,325.69757080078125,364.2534484863281,294.9988708496094,0
7133,214.2760772705078,148.82037353515625,493.0574951171875,149.8583984375,643.0870971679688,412.4740295410156,610.4570922851562,376.6180419921875,591.2455444335938,411.53021240234375,612.086669921875,397.88531494140625,598.7882690429688,389.8204040527344,537.8577270507812,353.39093017578125,483.65411376953125,336.50836181640625,424.0166320800781,322.96209716796875,363.53570556640625,295.8946838378906,0
7134,214.25039672851562,148.7122344970703,493.0694885253906,149.84812927246094,647.4103393554688,409.7838134765625,615.3473510742188,375.2394714355469,598.5721435546875,408.3152160644531,618.0220947265625,393.71246337890625,604.7496948242188,388.4416198730469,539.2708740234375,352.5771179199219,484.21551513671875,336.8370056152344,429.9952087402344,325.62457275390625,379.17510986328125,306.06195068359375,0
7135,214.2755584716797,148.62216186523438,493.2555236816406,149.89186096191406,650.8449096679688,409.76922607421875,614.8827514648438,374.4343566894531,599.4380493164062,407.7923583984375,619.2323608398438,393.64422607421875,606.0912475585938,387.616943359375,546.5978393554688,353.2389221191406,487.26458740234375,336.924560546875,431.728759765625,324.2389221191406,379.54888916015625,301.6861572265625,0
7136,214.27529907226562,148.62191772460938,493.2423400878906,149.89193725585938,650.8526611328125,409.7803039550781,614.8292846679688,374.45550537109375,599.4468383789062,407.7969970703125,619.2167358398438,393.67578125,606.087890625,387.65106201171875,546.5716552734375,353.25469970703125,487.27044677734375,336.92852783203125,431.752197265625,324.24395751953125,379.549560546875,301.68896484375,0
7137,214.30726623535156,148.61228942871094,493.2611389160156,149.8865966796875,652.9518432617188,410.2708740234375,616.3375244140625,374.3232116699219,601.0396728515625,407.44842529296875,620.756103515625,393.5293884277344,606.3817138671875,387.6368408203125,546.472900390625,352.0369567871094,489.2257385253906,335.63446044921875,434.07672119140625,319.1890563964844,376.9957580566406,296.5939636230469,0
7138,214.49786376953125,148.67530822753906,493.2083740234375,149.8817596435547,651.765625,406.5975646972656,615.6854248046875,369.6390686035156,600.803466796875,404.969970703125,619.6578369140625,390.4298095703125,605.810546875,384.8012390136719,546.0733642578125,351.93853759765625,489.2378845214844,336.871337890625,433.2557067871094,321.91375732421875,377.8364562988281,300.4415588378906,0
7139,214.25241088867188,148.60751342773438,493.13409423828125,149.87196350097656,650.142333984375,406.30291748046875,615.0289306640625,369.3146667480469,600.0928955078125,404.3497619628906,619.0125122070312,389.9239807128906,605.3346557617188,383.3223876953125,545.8096923828125,352.11053466796875,488.79364013671875,337.39044189453125,430.5078430175781,323.9364318847656,372.270751953125,303.8058776855469,0
7140,214.35272216796875,148.70126342773438,493.0194091796875,149.70762634277344,642.7952880859375,392.7510681152344,605.93115234375,365.494873046875,596.591552734375,401.1503601074219,611.2429809570312,383.62432861328125,598.9794921875,379.7776184082031,541.4134521484375,351.4299621582031,488.4290466308594,335.94744873046875,431.09027099609375,320.7252502441406,375.94769287109375,298.0614318847656,0
7141,214.3163299560547,148.66949462890625,493.0024719238281,149.69920349121094,642.8133544921875,392.7499084472656,606.25537109375,365.5560302734375,596.6129760742188,401.16876220703125,611.2342529296875,383.69244384765625,598.8486938476562,379.7073059082031,541.1104125976562,351.2845764160156,488.4259948730469,335.94146728515625,431.1395568847656,320.7230224609375,375.8526611328125,298.1300048828125,0
7142,214.28224182128906,148.67391967773438,493.03143310546875,149.8057403564453,633.1229248046875,374.6444396972656,600.6610717773438,358.0967102050781,595.9760131835938,394.3274841308594,606.8988647460938,374.371826171875,593.1102905273438,372.9482727050781,539.0230712890625,351.4161376953125,486.4636535644531,335.0185546875,428.65167236328125,317.41015625,371.8671569824219,291.92169189453125,0
7143,214.19525146484375,148.6830291748047,493.08135986328125,149.76551818847656,619.06787109375,354.60986328125,598.6371459960938,349.1835021972656,599.9012451171875,381.75347900390625,605.2756958007812,360.8074951171875,592.7916870117188,362.4534606933594,541.1160888671875,349.91912841796875,484.7979736328125,336.2248229980469,428.64251708984375,322.9517517089844,374.066650390625,302.95172119140625,0
7144,214.1645050048828,148.7202911376953,493.1225891113281,149.83351135253906,617.4490356445312,353.6495666503906,600.1608276367188,345.4611511230469,600.9359741210938,375.7978515625,606.2880249023438,357.170166015625,593.248046875,358.7099304199219,542.9796752929688,348.9795837402344,485.04180908203125,338.27984619140625,428.1378173828125,329.3841247558594,371.6816711425781,312.1363525390625,0
7145,214.1036834716797,148.8377227783203,493.16455078125,149.83071899414062,629.052978515625,353.8692932128906,607.1309814453125,343.1404113769531,604.1449584960938,374.4438171386719,613.173828125,356.9275207519531,599.601806640625,357.1561279296875,546.2313842773438,347.2763366699219,485.52825927734375,337.6692199707031,427.2955322265625,330.1524353027344,367.1801452636719,314.3312072753906,0
7146,214.10772705078125,148.8395233154297,493.16497802734375,149.82229614257812,629.05078125,353.84661865234375,607.1294555664062,343.1427001953125,604.1461791992188,374.4438171386719,613.177490234375,356.9271545410156,599.6013793945312,357.15557861328125,546.2317504882812,347.2755432128906,485.52813720703125,337.6690368652344,427.29736328125,330.1534729003906,367.1781311035156,314.33099365234375,0
7147,214.19784545898438,148.75294494628906,493.13641357421875,149.76609802246094,634.0471801757812,354.7267150878906,610.77099609375,343.7306823730469,610.2534790039062,374.6336975097656,616.843505859375,357.0809631347656,603.8283081054688,357.50701904296875,548.1322021484375,346.84906005859375,487.15191650390625,336.4864807128906,428.01593017578125,328.1180725097656,369.1056213378906,311.2270812988281,0
7148,214.32546997070312,148.92701721191406,493.13677978515625,149.69467163085938,637.2448120117188,361.8740234375,610.4735717773438,347.0745544433594,608.5813598632812,378.663330078125,615.2664794921875,361.029296875,603.7400512695312,360.9588623046875,549.2040405273438,346.3927001953125,490.3277587890625,337.5042419433594,430.4836730957031,332.4830322265625,370.8060302734375,318.9216613769531,0
7149,214.3329315185547,148.85142517089844,493.0987243652344,149.76812744140625,632.0602416992188,365.7834167480469,608.3762817382812,349.1361389160156,603.3464965820312,380.039306640625,613.76611328125,363.1482238769531,600.3021850585938,361.634033203125,548.1065673828125,345.48138427734375,488.8192443847656,335.380126953125,429.60107421875,329.7109680175781,368.2314453125,315.1358947753906,0
7150,214.21450805664062,148.8103790283203,493.1682434082031,149.8972930908203,615.3634033203125,388.4808654785156,606.5911865234375,358.7666320800781,587.01025390625,386.0116271972656,600.677734375,372.8709411621094,592.1510009765625,365.01959228515625,547.2492065429688,341.428466796875,488.1073913574219,330.483154296875,428.7088317871094,322.7063293457031,370.12139892578125,305.9189758300781,0
7151,214.22926330566406,148.80014038085938,493.13128662109375,149.85768127441406,615.4305419921875,388.4644775390625,606.601318359375,358.7749938964844,587.0049438476562,386.0315856933594,600.6917724609375,372.8704528808594,592.140869140625,365.024658203125,547.2791137695312,341.4856262207031,488.10211181640625,330.4833679199219,428.6958923339844,322.7008972167969,370.1436767578125,305.8949890136719,0
7152,214.20289611816406,148.84756469726562,493.1592102050781,149.88978576660156,606.4500732421875,398.8546447753906,601.256591796875,365.8588562011719,578.1945190429688,386.3849182128906,596.4313354492188,379.721435546875,587.5928344726562,369.9200744628906,546.5591430664062,340.0931396484375,488.0827941894531,327.974365234375,428.001708984375,319.4827880859375,368.5083312988281,303.5141906738281,0
7153,214.2176513671875,148.8367919921875,493.1351013183594,149.90818786621094,606.4403686523438,398.8590393066406,601.31640625,365.84027099609375,578.1550903320312,386.3231201171875,596.42626953125,379.7358093261719,587.635986328125,369.9460144042969,546.6927490234375,340.2275390625,488.06103515625,328.01922607421875,427.0661315917969,319.3475036621094,366.24102783203125,301.55511474609375,0
7154,214.2410125732422,148.79818725585938,493.2017822265625,149.82676696777344,603.9224243164062,412.726318359375,597.3302612304688,371.51324462890625,571.150634765625,390.4499206542969,590.2943115234375,387.893798828125,583.5953369140625,375.9117126464844,547.54345703125,341.4443054199219,489.5699462890625,327.0031433105469,428.29840087890625,318.2642517089844,366.9908752441406,301.1054382324219,0
7155,214.0308074951172,148.89076232910156,493.1504821777344,149.86181640625,603.4157104492188,419.1142272949219,597.8717651367188,375.102783203125,571.339599609375,391.984375,589.5523071289062,391.3305969238281,583.7794799804688,377.9786376953125,549.5192260742188,342.99261474609375,491.4852600097656,327.2454528808594,435.5829772949219,320.897705078125,377.1811218261719,308.0135498046875,0
7156,214.0425262451172,148.91445922851562,493.24603271484375,149.74412536621094,599.5011596679688,442.97003173828125,602.3693237304688,392.1423034667969,569.479248046875,404.00286865234375,590.0519409179688,409.2245788574219,585.2522583007812,391.98828125,555.61376953125,352.48797607421875,500.31439208984375,326.9757385253906,447.55157470703125,318.2850036621094,394.7921142578125,308.1882019042969,0
7157,214.04684448242188,148.91036987304688,493.2471923828125,149.74363708496094,599.4710083007812,442.9858093261719,602.3682250976562,392.3364562988281,569.45703125,404.0196228027344,590.0311279296875,409.31390380859375,585.240478515625,392.1503601074219,555.6341552734375,352.49505615234375,500.3205261230469,326.9774169921875,447.5441589355469,318.27777099609375,394.89776611328125,308.2221374511719,0
7158,214.08950805664062,148.83599853515625,493.1661071777344,149.75311279296875,596.9339599609375,451.9795227050781,603.3604125976562,399.4466247558594,570.1417236328125,409.5994873046875,589.30419921875,417.07244873046875,584.89892578125,400.4631042480469,559.4909057617188,357.8387145996094,505.1293640136719,327.7391052246094,453.0373840332031,317.67694091796875,397.8355712890625,304.3285217285156,0
7159,214.0647430419922,148.9517364501953,493.325439453125,149.83050537109375,594.230224609375,462.6279602050781,603.767333984375,410.6565856933594,570.3788452148438,417.819580078125,589.3491821289062,426.23944091796875,584.97265625,410.54656982421875,563.0547485351562,361.6697692871094,516.4671020507812,322.1435546875,470.3663330078125,314.43408203125,419.6822509765625,313.3545837402344,0
7160,214.01182556152344,148.86410522460938,493.3623962402344,149.80908203125,592.7589721679688,465.8756408691406,603.692626953125,413.8330078125,568.2518920898438,419.6682434082031,587.1943969726562,429.202392578125,583.8252563476562,412.6357727050781,567.2470703125,363.5278015136719,526.5714721679688,316.0570983886719,481.0184020996094,309.53167724609375,430.65521240234375,316.72625732421875,0
7161,214.0428924560547,148.87142944335938,493.3641662597656,149.8911895751953,592.3170776367188,468.5882873535156,605.691162109375,415.2684631347656,567.2708129882812,418.31292724609375,586.6116333007812,430.34698486328125,584.5556030273438,413.07586669921875,571.2274780273438,364.157958984375,536.7184448242188,310.9226989746094,504.8435974121094,291.85052490234375,469.60528564453125,296.701171875,0
7162,214.06365966796875,148.8249969482422,493.30780029296875,149.91867065429688,593.2022094726562,470.07525634765625,605.5723266601562,415.5794677734375,566.37060546875,420.4057922363281,586.8843383789062,431.9750671386719,584.0025024414062,414.0547790527344,570.8538818359375,364.44482421875,539.5777587890625,309.1975402832031,506.35638427734375,282.25848388671875,462.8307189941406,285.46075439453125,0
7163,214.10743713378906,148.79238891601562,493.47247314453125,149.87924194335938,588.84619140625,469.3462219238281,600.14794921875,414.6411437988281,562.1204223632812,420.50274658203125,583.632568359375,432.4898376464844,580.6812744140625,413.41168212890625,568.2938232421875,364.4056396484375,539.8868408203125,310.09674072265625,508.125244140625,279.75555419921875,463.2425842285156,283.66070556640625,0
7164,214.08705139160156,148.69070434570312,493.49713134765625,149.83758544921875,585.4650268554688,469.04449462890625,597.3670654296875,415.2436218261719,559.7138671875,417.53558349609375,579.2418212890625,432.0326843261719,577.5491943359375,412.0335998535156,566.41748046875,365.5193786621094,538.4197387695312,311.5498046875,505.018310546875,280.437744140625,458.5106506347656,287.8333435058594,0
7165,214.1159210205078,148.801513671875,493.3260192871094,149.90591430664062,578.973876953125,467.58270263671875,595.5426635742188,415.9869384765625,557.7466430664062,414.81024169921875,576.5618896484375,430.7642822265625,576.1050415039062,411.19158935546875,566.69970703125,365.6356201171875,539.0926513671875,312.16241455078125,510.4016418457031,280.1770935058594,472.3671569824219,278.1723937988281,0
7166,214.1746368408203,148.6987762451172,493.4637756347656,149.97305297851562,576.4277954101562,473.844482421875,595.648193359375,420.46258544921875,556.7215576171875,420.0010986328125,574.7692260742188,435.0619812011719,576.0946655273438,417.86187744140625,567.0637817382812,367.52618408203125,540.715087890625,313.35711669921875,521.6854858398438,273.3196716308594,497.9813232421875,251.68348693847656,0
7167,214.20555114746094,148.6409912109375,493.4952087402344,149.9807891845703,576.4276123046875,473.83587646484375,595.6317138671875,420.4315185546875,556.7288208007812,419.9958801269531,574.7724609375,435.0593566894531,576.0984497070312,417.84735107421875,567.0581665039062,367.3612060546875,540.421630859375,312.6585693359375,521.515625,273.02490234375,497.6912536621094,251.60333251953125,0
7168,214.24545288085938,148.72996520996094,493.5643615722656,149.85324096679688,574.2028198242188,478.9225158691406,595.56298828125,424.95501708984375,556.273681640625,423.9835510253906,574.7665405273438,439.8220520019531,575.827392578125,421.3017578125,567.0454711914062,368.7907409667969,541.032470703125,314.43853759765625,521.4014892578125,270.6839599609375,498.48345947265625,238.23167419433594,0
7169,214.1804962158203,148.6498260498047,493.5508728027344,149.80300903320312,571.1912841796875,486.9686279296875,592.7190551757812,430.93780517578125,554.6250610351562,432.2456970214844,572.0952758789062,447.96258544921875,571.8997192382812,430.0054626464844,565.9989624023438,373.98870849609375,542.6928100585938,315.7757263183594,518.715576171875,264.0298767089844,480.2855529785156,213.46580505371094,0
7170,214.1708221435547,148.57118225097656,493.5213317871094,149.46910095214844,568.8338623046875,489.4865417480469,590.92333984375,435.49530029296875,552.7034301757812,433.42022705078125,567.7284545898438,451.17535400390625,569.7131958007812,433.2478942871094,564.6669311523438,376.68304443359375,547.93408203125,317.7206726074219,530.8837890625,266.5957336425781,503.2110290527344,211.74867248535156,0
7171,214.169677734375,148.57179260253906,493.5207824707031,149.47047424316406,568.8349609375,489.4871520996094,590.9119262695312,435.52423095703125,552.6942138671875,433.4239196777344,567.7241821289062,451.1894836425781,569.7205200195312,433.262451171875,564.697509765625,376.6748046875,547.9324951171875,317.74798583984375,530.88916015625,266.5946960449219,503.2118835449219,211.7501220703125,0
7172,214.19410705566406,148.57183837890625,493.44976806640625,149.26109313964844,567.9134521484375,488.37152099609375,589.073974609375,432.97265625,549.9284057617188,431.9842224121094,566.0933837890625,449.650390625,567.849609375,430.4349365234375,563.5808715820312,376.7396545410156,547.6549072265625,318.56884765625,533.6100463867188,262.7977600097656,509.97589111328125,206.20701599121094,0
7173,214.15956115722656,148.47378540039062,493.3257751464844,149.36766052246094,566.8369750976562,485.3163146972656,590.4617309570312,430.47808837890625,548.9774780273438,429.7159118652344,567.6304931640625,447.0670166015625,568.33984375,428.22296142578125,563.8548583984375,377.192626953125,549.6927490234375,318.8270568847656,533.9697875976562,262.8898620605469,509.1453552246094,204.65194702148438,0
7174,214.20855712890625,148.5021209716797,493.3518371582031,149.39488220214844,570.86376953125,484.004638671875,591.3442993164062,431.50213623046875,553.5851440429688,430.146484375,569.236083984375,447.3637390136719,570.905517578125,429.462158203125,564.1912231445312,376.7857360839844,551.6964721679688,319.0794982910156,538.0589599609375,263.43341064453125,517.8756103515625,204.85992431640625,0
7175,214.14584350585938,148.52561950683594,493.32562255859375,149.23556518554688,575.8062133789062,490.9507141113281,594.6473999023438,439.45794677734375,555.076416015625,440.74774169921875,572.8365478515625,456.3477478027344,572.9122924804688,439.29132080078125,567.5629272460938,381.50811767578125,553.0707397460938,320.2720031738281,538.890869140625,264.0403747558594,517.0911865234375,204.47586059570312,0
7176,214.1934814453125,148.5352325439453,493.2146301269531,149.2401885986328,576.9940795898438,493.6130065917969,595.0523071289062,441.1471862792969,555.30615234375,443.07305908203125,573.7157592773438,458.7745056152344,573.545654296875,441.4559326171875,567.3511352539062,384.1432189941406,553.6840209960938,321.64312744140625,541.3008422851562,263.4102783203125,520.6336669921875,202.94546508789062,0
7177,214.1600799560547,148.56912231445312,493.3262939453125,149.16468811035156,578.9915161132812,495.81683349609375,595.061279296875,440.7208251953125,555.071533203125,443.841796875,574.4381713867188,459.0750427246094,573.771728515625,441.10565185546875,566.953369140625,385.0936279296875,554.623291015625,323.0503845214844,546.2005615234375,265.2840576171875,529.3278198242188,205.1893310546875,0
7178,214.2349090576172,148.54287719726562,493.27325439453125,149.2967071533203,577.1133422851562,489.9873046875,594.9424438476562,438.4152526855469,554.8355102539062,440.43017578125,574.5493774414062,456.0985412597656,573.2354125976562,438.4255676269531,566.1940307617188,382.8860168457031,554.1483764648438,321.44775390625,547.4437255859375,266.44427490234375,532.6756591796875,204.15721130371094,0
7179,214.32264709472656,148.68370056152344,493.1062316894531,149.3869171142578,575.0324096679688,486.1846618652344,592.8237915039062,434.8371887207031,551.4645385742188,437.2464294433594,570.0263061523438,451.15838623046875,572.3868408203125,433.95550537109375,566.508056640625,379.7243347167969,554.2553100585938,318.9889831542969,547.7166137695312,267.9720458984375,534.4105834960938,196.76394653320312,0
7180,214.26597595214844,148.6964569091797,493.07928466796875,149.41378784179688,575.029296875,486.1880798339844,592.8153076171875,434.8646545410156,551.467529296875,437.2651062011719,570.0501708984375,451.1689147949219,572.3521118164062,433.9535827636719,566.5859985351562,379.6438903808594,554.223876953125,319.029541015625,547.732666015625,267.990966796875,534.4646606445312,196.79249572753906,0
7181,214.2049560546875,148.62240600585938,493.0560607910156,149.668212890625,569.2176513671875,481.9156494140625,591.298095703125,430.52496337890625,550.5236206054688,434.01220703125,567.634521484375,447.709228515625,571.1182861328125,430.2099304199219,565.9675903320312,377.0343933105469,554.166748046875,318.0600280761719,548.1489868164062,263.0738525390625,535.3084106445312,196.6165313720703,0
7182,214.1122283935547,148.58644104003906,493.06695556640625,149.69705200195312,571.4232788085938,489.3729248046875,591.7030639648438,438.21429443359375,550.8011474609375,439.6373291015625,568.6732177734375,454.8577575683594,570.758544921875,437.8638916015625,566.4817504882812,379.6946105957031,554.7998046875,318.43560791015625,548.1158447265625,264.9510803222656,535.9757690429688,195.75613403320312,0
7183,214.0592803955078,148.74591064453125,493.0755615234375,149.6523895263672,572.7598266601562,491.094482421875,592.21875,440.516845703125,550.5427856445312,440.9931640625,568.6600952148438,456.14093017578125,571.1212158203125,439.6485900878906,566.5753784179688,382.598876953125,555.087158203125,318.5718994140625,549.158935546875,264.8319091796875,534.8963623046875,197.2510528564453,0
7184,214.10682678222656,148.71719360351562,493.2445068359375,149.71241760253906,567.2235717773438,484.984619140625,590.7550048828125,434.9554138183594,550.6077270507812,436.81134033203125,567.6730346679688,452.1346740722656,570.395263671875,434.05517578125,565.4318237304688,377.24774169921875,554.8865966796875,316.7493896484375,551.189453125,263.808349609375,539.5513916015625,190.2276611328125,0
7185,214.093017578125,148.72763061523438,493.1748046875,149.64755249023438,567.2189331054688,484.9874267578125,590.7625122070312,434.9521484375,550.6044921875,436.80853271484375,567.6727294921875,452.12493896484375,570.3997802734375,434.0408630371094,565.3757934570312,377.2695617675781,554.884765625,316.758056640625,551.1881103515625,263.8114318847656,539.5509033203125,190.23516845703125,0
7186,214.17520141601562,148.81747436523438,493.1959533691406,149.5106201171875,567.0453491210938,483.9690856933594,588.9237060546875,431.593017578125,550.8505249023438,435.14251708984375,566.4755249023438,451.0704345703125,569.7296752929688,433.4202575683594,565.7354736328125,377.04010009765625,554.873046875,315.008056640625,551.4869384765625,262.2437744140625,540.2136840820312,187.47271728515625,0
7187,214.27159118652344,148.67698669433594,493.29852294921875,149.76976013183594,566.9450073242188,481.7666320800781,587.4261474609375,429.8697204589844,550.3687744140625,431.09368896484375,565.5833129882812,448.66827392578125,568.4220581054688,432.3374938964844,565.7129516601562,376.4188537597656,554.829345703125,313.1703186035156,552.016845703125,261.19036865234375,541.6085815429688,185.9962921142578,0
7188,214.255126953125,148.66246032714844,493.3187255859375,149.7880096435547,566.5263061523438,481.0816345214844,587.6453247070312,428.6286315917969,550.1885986328125,429.9736022949219,564.82421875,447.6319885253906,568.4013671875,430.57794189453125,566.0387573242188,374.5206604003906,554.812255859375,312.3704528808594,552.0802001953125,261.3474426269531,540.910888671875,185.29476928710938,0
7189,214.19313049316406,148.70223999023438,493.2523193359375,149.66610717773438,565.9451904296875,485.8370056152344,590.23095703125,435.0024719238281,551.6448364257812,436.0384216308594,566.7215576171875,452.69146728515625,569.1480712890625,436.5627136230469,567.1983032226562,377.968505859375,554.9443359375,314.2837829589844,551.8422241210938,262.6258239746094,541.395751953125,185.98074340820312,0
7190,214.24574279785156,148.75286865234375,493.2808837890625,149.68141174316406,565.9827880859375,485.8814392089844,590.2659912109375,434.9737548828125,551.5154418945312,436.0663146972656,566.7279663085938,452.8103332519531,569.1683349609375,436.5089111328125,567.2223510742188,377.99273681640625,554.943115234375,314.2858581542969,551.8628540039062,262.4680480957031,541.410888671875,186.24368286132812,0
7191,214.22604370117188,148.82179260253906,493.2684631347656,149.59490966796875,573.158203125,488.4122009277344,592.097412109375,437.8576965332031,553.3245849609375,439.3236389160156,569.7513427734375,454.7945556640625,570.9213256835938,438.1459655761719,566.6461181640625,379.9001770019531,555.3587646484375,317.47491455078125,551.6720581054688,263.53424072265625,541.357666015625,187.41397094726562,0
7192,214.2299041748047,148.79489135742188,493.3126525878906,149.6229705810547,583.5685424804688,492.67510986328125,595.6719360351562,437.7413330078125,558.8743286132812,442.9599304199219,578.4981079101562,456.0216369628906,576.690673828125,441.92864990234375,566.9304809570312,383.1446838378906,556.4625244140625,320.4306945800781,553.7752685546875,270.3526306152344,547.213623046875,193.22486877441406,0
7193,214.3704833984375,148.65347290039062,493.135498046875,149.55538940429688,590.7379150390625,494.8792419433594,598.0523681640625,436.3507995605469,565.134765625,443.595947265625,581.5206298828125,457.26239013671875,579.5546264648438,441.0002136230469,567.1978759765625,384.04888916015625,556.5167236328125,321.29833984375,553.7883911132812,269.2345275878906,541.9609985351562,466.9881286621094,0
7194,214.3168487548828,148.6697235107422,493.0874328613281,149.62265014648438,601.2796020507812,499.0467529296875,605.7440795898438,439.1977844238281,568.4086303710938,447.9320068359375,590.3919677734375,461.1289367675781,587.3917236328125,445.1981201171875,570.3156127929688,387.2832946777344,556.6171875,326.876220703125,553.75390625,273.9306335449219,541.13525390625,202.34156799316406,0
7195,214.31787109375,148.66970825195312,493.1048583984375,149.60675048828125,601.28125,499.0389404296875,605.7355346679688,439.2042541503906,568.4309692382812,447.9104919433594,590.39404296875,461.1372375488281,587.3904418945312,445.20684814453125,570.2208862304688,387.5873718261719,556.641357421875,326.9107360839844,553.7600708007812,273.95404052734375,541.131591796875,202.34815979003906,0
7196,214.25904846191406,148.80641174316406,493.01751708984375,149.46017456054688,599.5850830078125,500.47979736328125,607.1364135742188,440.9173583984375,607.0989379882812,446.3857727050781,591.721435546875,464.1562194824219,588.1187133789062,446.9958801269531,570.1727294921875,389.89959716796875,557.2416381835938,330.5748291015625,554.1878051757812,275.0130920410156,542.0985107421875,202.38650512695312,0
7197,214.3135528564453,148.76129150390625,493.0522766113281,149.59910583496094,604.8175048828125,501.12750244140625,610.161376953125,440.8836364746094,578.5716552734375,452.1879577636719,596.1085815429688,464.6144714355469,592.5663452148438,446.59674072265625,571.6407470703125,390.82843017578125,562.8690795898438,333.9752502441406,561.9323120117188,281.3468322753906,547.184814453125,471.04718017578125,0
7198,214.2163543701172,148.75088500976562,492.9966735839844,149.6822052001953,611.8895263671875,503.722412109375,611.39208984375,441.5592041015625,614.2283325195312,446.14154052734375,598.7610473632812,463.60955810546875,596.6453247070312,449.3519287109375,574.1796875,390.9739685058594,564.266845703125,335.18182373046875,563.8765258789062,276.38519287109375,556.8515625,207.34768676757812,0
7199,214.10391235351562,148.84466552734375,493.05462646484375,149.76515197753906,619.5068969726562,501.9783630371094,621.0470581054688,440.9864196777344,584.8131713867188,453.6198425292969,607.6920166015625,463.5502014160156,601.9619750976562,449.0093994140625,576.802001953125,392.8724365234375,565.0272827148438,335.2854309082031,564.175537109375,278.2657165527344,554.7274169921875,211.72955322265625,0
7200,214.12127685546875,148.82994079589844,493.0511474609375,149.75216674804688,619.504638671875,501.97222900390625,621.0978393554688,440.98065185546875,617.960205078125,445.51202392578125,607.59130859375,463.3631896972656,602.1688842773438,449.0721740722656,576.9403686523438,392.84222412109375,565.0264892578125,335.296142578125,564.1835327148438,278.32537841796875,554.8034057617188,211.56036376953125,0
7201,214.22964477539062,148.76156616210938,493.1062316894531,149.5856475830078,621.856201171875,499.8046569824219,624.374755859375,439.201416015625,586.6759643554688,450.2124938964844,609.6961059570312,463.48870849609375,604.9998779296875,445.0189514160156,578.1901245117188,390.8726806640625,565.0532836914062,333.0574645996094,563.3374633789062,276.3409729003906,554.4037475585938,210.59983825683594,0
7202,214.1560821533203,148.76524353027344,493.0379943847656,149.578369140625,632.1038818359375,492.4430847167969,625.7885131835938,434.15728759765625,595.766845703125,450.99957275390625,613.5118408203125,458.11865234375,607.397216796875,442.3660583496094,580.8629150390625,388.0576477050781,564.2388305664062,328.2633056640625,563.1643676757812,276.2939758300781,560.3067626953125,209.61984252929688,0
7203,214.11526489257812,148.66831970214844,492.9595031738281,149.74276733398438,642.4095458984375,488.5855407714844,628.250244140625,430.52142333984375,601.2560424804688,448.55401611328125,619.9989013671875,455.591552734375,611.4022216796875,439.135498046875,578.8983764648438,386.0450439453125,563.6311645507812,326.0164794921875,564.6591186523438,271.2267761230469,562.7970581054688,204.46200561523438,0
7204,214.2453155517578,148.72206115722656,492.8434753417969,149.87689208984375,658.7483520507812,488.07635498046875,640.8865356445312,430.5478820800781,614.6732788085938,455.4490966796875,637.0193481445312,454.70831298828125,625.0819091796875,443.95062255859375,582.775634765625,388.24517822265625,562.518310546875,327.96295166015625,563.1810913085938,269.4634094238281,559.738525390625,205.40126037597656,0
7205,214.27040100097656,148.6756134033203,492.83013916015625,149.8707733154297,666.5993041992188,485.0690612792969,647.9039916992188,431.1654968261719,618.2982177734375,454.9008483886719,642.8068237304688,457.3740539550781,630.6287231445312,442.7716064453125,584.1467895507812,387.6743469238281,561.79736328125,329.21368408203125,560.3544921875,274.9144592285156,556.4722900390625,206.6794891357422,0
7206,214.28912353515625,148.68099975585938,492.91815185546875,149.90280151367188,667.9088745117188,484.25311279296875,648.1305541992188,430.7478942871094,618.6367797851562,453.1023864746094,643.7471923828125,455.4832458496094,631.7800903320312,442.0151672363281,595.4949340820312,400.2359924316406,561.3831787109375,329.2772521972656,560.3167114257812,275.9094543457031,554.8829956054688,204.19879150390625,0
7207,214.30552673339844,148.79177856445312,492.9636535644531,149.7501983642578,666.0032958984375,484.32366943359375,646.4498291015625,430.8437805175781,620.3078002929688,453.4631652832031,642.0244140625,456.2506103515625,630.528564453125,442.4437255859375,594.8942260742188,398.0155029296875,561.9246826171875,329.25604248046875,560.6845092773438,277.2431945800781,555.1443481445312,203.95692443847656,0
7208,214.24815368652344,148.72926330566406,493.0284729003906,149.7549285888672,663.8953857421875,485.261962890625,645.5994262695312,430.8958740234375,617.1968383789062,453.774169921875,640.5137329101562,456.5914001464844,628.8469848632812,441.802001953125,585.6387329101562,387.310546875,562.0009765625,330.81683349609375,560.64111328125,278.8878479003906,555.5261840820312,205.024658203125,0
7209,214.15585327148438,148.60696411132812,493.00811767578125,149.53689575195312,664.0028076171875,485.9356384277344,642.962890625,430.3275146484375,614.0740966796875,453.67987060546875,636.8216552734375,454.5686340332031,625.4052124023438,441.7042236328125,586.7379760742188,388.0154724121094,564.7727661132812,332.4913635253906,562.5157470703125,278.337890625,555.3642578125,207.66934204101562,0
7210,214.21946716308594,148.5999298095703,493.0159606933594,149.55271911621094,663.9494018554688,485.923095703125,643.063232421875,430.38006591796875,614.1176147460938,453.6484680175781,636.7989501953125,454.4760437011719,625.3876342773438,441.59735107421875,586.6760864257812,388.06109619140625,564.7827758789062,332.49847412109375,562.5036010742188,278.25811767578125,555.3606567382812,207.64944458007812,0
7211,214.1421356201172,148.81036376953125,493.0665588378906,149.5249481201172,665.017578125,485.0355529785156,640.50537109375,429.9085693359375,613.09326171875,454.6485900878906,636.5792236328125,454.5989990234375,626.3040771484375,441.4608459472656,587.0689086914062,388.91912841796875,565.4931640625,334.0600891113281,562.943603515625,281.2049255371094,556.109130859375,207.0274200439453,0
7212,214.1422882080078,148.81060791015625,493.04302978515625,149.52871704101562,665.017822265625,485.0337829589844,640.427734375,429.91778564453125,613.088623046875,454.64398193359375,636.5493774414062,454.5938720703125,626.267822265625,441.4687194824219,587.1246337890625,388.95281982421875,565.490234375,334.0514831542969,562.9435424804688,281.20819091796875,556.1076049804688,207.03305053710938,0
7213,214.17864990234375,148.66026306152344,493.0438232421875,149.53555297851562,665.0803833007812,488.00128173828125,641.7130126953125,430.74615478515625,613.9265747070312,458.4562072753906,640.69287109375,458.9200744628906,628.1270751953125,444.71405029296875,589.717041015625,392.9813537597656,565.4451293945312,337.87860107421875,562.7859497070312,283.746337890625,552.3408203125,214.5329132080078,0
7214,214.11940002441406,148.8972930908203,492.958740234375,149.52774047851562,672.82763671875,491.9281311035156,647.3846435546875,435.6231994628906,621.5518798828125,464.09075927734375,646.9227905273438,462.6712951660156,635.0769653320312,450.24853515625,595.8231811523438,398.86517333984375,566.3475952148438,344.5846862792969,561.3165893554688,294.4140625,557.248046875,250.1299285888672,0
7215,214.23228454589844,148.6530303955078,492.949462890625,149.5868377685547,673.3810424804688,494.6502990722656,647.7225341796875,437.45318603515625,622.386474609375,464.4423522949219,647.3735961914062,464.3147277832031,635.8529052734375,451.4818420410156,595.8705444335938,399.61651611328125,568.04541015625,348.1109313964844,558.6006469726562,294.256103515625,547.3201293945312,228.8334503173828,0
7216,214.22743225097656,148.8128662109375,493.0332336425781,149.5054931640625,666.4263305664062,488.7361145019531,644.44775390625,431.65301513671875,616.4923095703125,457.4532165527344,643.0820922851562,460.8539733886719,631.2228393554688,445.84893798828125,592.1556396484375,395.86285400390625,564.8858032226562,342.2795715332031,555.1052856445312,286.503662109375,543.69970703125,222.28311157226562,0
7217,214.2209014892578,148.7027130126953,493.0266418457031,149.65933227539062,663.1813354492188,486.9367370605469,642.5808715820312,430.6478271484375,615.8128662109375,453.2818603515625,641.1400756835938,456.9747314453125,628.4634399414062,442.8868103027344,589.2166137695312,390.28631591796875,565.0315551757812,336.6502685546875,557.7965087890625,283.858154296875,549.3821411132812,215.60665893554688,0
7218,214.2130126953125,148.68231201171875,493.0382995605469,149.6839599609375,663.2515869140625,486.92572021484375,642.61083984375,430.64971923828125,615.7573852539062,453.2471008300781,641.2186889648438,456.9652099609375,628.4840698242188,442.8717956542969,589.229248046875,390.265380859375,564.9776000976562,336.6802978515625,557.8571166992188,284.0068054199219,549.2495727539062,215.503662109375,0
7219,214.2250518798828,148.8518829345703,493.0688781738281,149.5574493408203,663.9219970703125,483.1178894042969,641.4600219726562,426.49359130859375,614.9239501953125,451.5201721191406,639.2388305664062,453.4761047363281,627.87646484375,439.7066650390625,589.9556274414062,388.2845458984375,566.0194091796875,334.60107421875,561.5546875,281.6482238769531,552.4484252929688,207.730224609375,0
7220,214.24868774414062,148.634521484375,493.1250915527344,149.4195556640625,673.0828247070312,484.65399169921875,645.7197875976562,428.9143371582031,621.5509643554688,455.3125915527344,645.1880493164062,456.3635559082031,635.149658203125,440.9992980957031,594.7601928710938,393.4231872558594,567.8992919921875,341.8751220703125,561.2586669921875,287.30755615234375,553.148193359375,214.28073120117188,0
7221,214.120849609375,148.79010009765625,493.10693359375,149.48472595214844,678.7135009765625,496.887451171875,654.019775390625,437.36767578125,627.8364868164062,465.47174072265625,653.6102294921875,464.0345458984375,638.8179931640625,449.8953552246094,597.9490966796875,399.2107238769531,572.4327392578125,347.1616516113281,566.8057250976562,294.0760498046875,561.6109619140625,221.16610717773438,0
7222,214.1190185546875,148.78834533691406,493.10906982421875,149.4840087890625,678.70703125,496.8922424316406,654.0213012695312,437.3699645996094,627.8344116210938,465.4814758300781,653.61474609375,464.0339050292969,638.8195190429688,449.89306640625,597.9487915039062,399.2058410644531,572.4163818359375,347.16339111328125,566.8176879882812,294.1741027832031,561.5907592773438,221.13165283203125,0
7223,214.37478637695312,148.6809539794922,493.25885009765625,149.48976135253906,679.089599609375,498.9994201660156,653.1881103515625,438.4212951660156,627.49853515625,467.1492614746094,652.5355834960938,465.3278503417969,638.3792114257812,452.00250244140625,598.6875610351562,400.1567077636719,573.38330078125,347.9039306640625,566.9963989257812,295.1271667480469,560.9551391601562,221.28427124023438,0
7224,214.22596740722656,148.60804748535156,493.2586364746094,149.5945281982422,672.4370727539062,501.3215026855469,650.7221069335938,439.12225341796875,624.600341796875,466.53265380859375,648.6482543945312,466.7023010253906,637.7940063476562,453.1141662597656,599.4290771484375,401.14105224609375,574.7977294921875,349.876953125,567.0181274414062,299.52459716796875,561.286865234375,224.6568145751953,0
7225,214.21861267089844,148.57118225097656,493.2091369628906,149.6023406982422,668.875,500.3879699707031,647.4009399414062,438.981689453125,619.7328491210938,465.40679931640625,645.7376708984375,467.1157531738281,634.8648681640625,452.9847717285156,601.6917114257812,401.6136169433594,575.5519409179688,351.4580383300781,568.0162963867188,298.91461181640625,561.9401245117188,223.3297576904297,0
7226,214.38087463378906,148.6608428955078,493.3175964355469,149.54176330566406,665.3289794921875,499.3059387207031,641.4937133789062,437.05389404296875,613.7639770507812,462.7173156738281,640.4251708984375,467.5649108886719,629.9198608398438,449.9634094238281,599.4091796875,399.6331481933594,574.97900390625,351.35955810546875,566.8208618164062,299.8851013183594,559.4804077148438,221.97161865234375,0
7227,214.40447998046875,148.64996337890625,493.36102294921875,149.5946807861328,665.3233032226562,499.30767822265625,641.50732421875,437.0455017089844,613.7791748046875,462.70257568359375,640.4329833984375,467.5517883300781,629.9398803710938,449.9642639160156,599.4086303710938,399.62603759765625,575.402587890625,351.1513977050781,566.8180541992188,299.9798583984375,559.4683227539062,221.9922637939453,0
7228,214.48272705078125,148.6451416015625,493.3670654296875,149.5990753173828,665.1085815429688,496.0863952636719,641.7758178710938,435.83154296875,614.0764770507812,462.06689453125,640.649169921875,465.9866638183594,629.1341552734375,450.0086975097656,598.08203125,400.1922912597656,573.9833984375,348.7077331542969,566.3495483398438,297.2799987792969,558.9869384765625,221.0612335205078,0
7229,214.38751220703125,148.74085998535156,493.4537658691406,149.5323486328125,657.4407958984375,492.745361328125,642.2120361328125,431.7915954589844,610.76806640625,454.90826416015625,636.6693115234375,458.9977111816406,625.3458251953125,444.50921630859375,597.3118286132812,396.85968017578125,573.4652099609375,344.96673583984375,565.3063354492188,294.81817626953125,556.8710327148438,217.04811096191406,0
7230,214.40029907226562,148.70860290527344,493.3402099609375,149.50067138671875,637.568603515625,492.78875732421875,641.01220703125,432.0741271972656,604.7195434570312,445.6252746582031,627.531982421875,456.75830078125,621.917724609375,437.8692626953125,595.6697387695312,388.6598205566406,571.0028686523438,336.1171569824219,562.9208984375,282.2862243652344,554.3530883789062,210.94973754882812,0
7231,214.41998291015625,148.66139221191406,493.372802734375,149.57794189453125,609.8463134765625,476.89105224609375,622.4292602539062,425.3551940917969,586.0607299804688,428.94427490234375,605.852294921875,439.59588623046875,604.1864013671875,424.2974548339844,584.9286499023438,372.30462646484375,564.1088256835938,311.0514221191406,568.222900390625,251.12042236328125,560.7581176757812,182.55523681640625,0
7232,214.28192138671875,148.61424255371094,493.37921142578125,149.5696563720703,593.4620971679688,459.554443359375,615.0059814453125,419.1334228515625,577.126220703125,417.11102294921875,593.378662109375,430.425048828125,592.5114135742188,414.37298583984375,576.1973876953125,362.4212341308594,561.3789672851562,302.8849792480469,562.93115234375,245.78944396972656,563.31689453125,188.27099609375,0
7233,214.29153442382812,148.5897216796875,493.3821716308594,149.5377197265625,593.5418090820312,459.56060791015625,614.9689331054688,419.0357360839844,577.114501953125,417.0907287597656,593.4957885742188,430.419189453125,592.4863891601562,414.24591064453125,576.1275634765625,362.38812255859375,561.3653564453125,302.8963317871094,562.776123046875,246.52716064453125,563.8604736328125,189.8386993408203,0
7234,214.38980102539062,148.64869689941406,493.3132629394531,149.655517578125,571.7203979492188,443.5331726074219,598.3135986328125,415.1824035644531,564.9397583007812,407.2093200683594,576.8167724609375,420.5740966796875,581.2648315429688,407.10650634765625,571.4755249023438,355.7622985839844,559.976318359375,296.1485595703125,563.2134399414062,239.24102783203125,568.3331909179688,178.6117401123047,0
7235,214.42831420898438,148.59901428222656,493.19720458984375,149.62742614746094,540.3514404296875,428.2295837402344,575.84423828125,414.6312255859375,543.9431762695312,394.43988037109375,553.90234375,410.28582763671875,559.5458374023438,401.6460876464844,569.9346313476562,354.8974914550781,571.4174194335938,294.8743896484375,580.5872192382812,241.75257873535156,583.1766967773438,182.75779724121094,0
7236,214.3503875732422,148.6942596435547,493.2503356933594,149.58348083496094,506.009765625,403.8825378417969,543.1613159179688,414.61224365234375,529.9784545898438,386.6480712890625,525.646484375,400.8777160644531,539.3532104492188,395.8269348144531,565.34375,357.3501892089844,576.5986938476562,298.6202392578125,587.5955810546875,243.96751403808594,595.0277709960938,182.1373748779297,0
7237,214.35940551757812,148.69570922851562,493.25579833984375,149.57501220703125,506.0124816894531,403.8785400390625,543.1600952148438,414.61639404296875,529.9802856445312,386.6440124511719,525.6511840820312,400.8743591308594,539.3450317382812,395.8262634277344,565.3555908203125,357.3661193847656,576.5880737304688,298.62957763671875,587.5797119140625,244.03610229492188,595.1107788085938,182.25930786132812,0
7238,214.31954956054688,148.7748565673828,493.15283203125,149.48831176757812,492.7555236816406,402.6685791015625,530.5131225585938,413.5316162109375,518.7233276367188,384.3031311035156,513.597900390625,400.8077087402344,527.6090087890625,395.8363952636719,561.0884399414062,361.6061096191406,580.2658081054688,303.2989501953125,596.0408935546875,251.93287658691406,603.3128662109375,200.01425170898438,0
7239,214.27810668945312,148.79769897460938,493.13629150390625,149.54600524902344,463.6524963378906,402.5455322265625,500.43109130859375,414.6925354003906,494.406494140625,383.8232116699219,487.1969909667969,400.27618408203125,501.28887939453125,398.183349609375,541.5362548828125,372.0066833496094,581.4710083007812,313.7541198730469,606.7981567382812,261.08697509765625,617.9484252929688,224.92965698242188,0
7240,214.49371337890625,148.77764892578125,493.1083984375,149.5642852783203,445.248779296875,404.91845703125,484.4334716796875,416.61944580078125,478.315673828125,385.11749267578125,468.93841552734375,401.6593017578125,485.800537109375,400.0986328125,531.1641235351562,378.41912841796875,578.5620727539062,323.2327575683594,605.32666015625,275.3293762207031,618.2647094726562,240.37164306640625,0
7241,214.26988220214844,148.68629455566406,493.0423583984375,149.5726318359375,428.63153076171875,406.5539855957031,466.1868896484375,418.1662292480469,461.8762512207031,386.6591796875,451.6455078125,403.1033935546875,468.4667663574219,401.9827575683594,517.6874389648438,382.57635498046875,574.6010131835938,335.9021911621094,605.04638671875,288.9390563964844,618.610595703125,254.14297485351562,0
7242,214.35641479492188,148.68264770507812,493.1158447265625,149.626708984375,415.82061767578125,411.4743957519531,455.5478515625,423.0369567871094,447.42120361328125,389.8034973144531,438.6958312988281,405.8042907714844,455.29962158203125,402.6521301269531,508.49395751953125,387.7234802246094,567.2219848632812,355.960205078125,599.6039428710938,326.9717102050781,618.3954467773438,288.0256042480469,0
7243,214.3389434814453,148.7635955810547,493.0838928222656,149.63607788085938,395.4053649902344,417.0467224121094,434.7799072265625,429.439453125,430.28509521484375,395.9384765625,422.0132751464844,411.8661193847656,438.49359130859375,410.8522033691406,490.9796447753906,400.1373596191406,553.7948608398438,373.359130859375,598.126220703125,376.6983947753906,631.6865234375,374.2047119140625,0
7244,214.43150329589844,148.66017150878906,493.0561828613281,149.55552673339844,384.33489990234375,421.21820068359375,424.1321716308594,433.3050537109375,418.1440734863281,398.7271728515625,409.0361022949219,415.9256896972656,425.52020263671875,414.4420166015625,477.6974182128906,401.827880859375,541.69384765625,372.27081298828125,587.2037963867188,374.8819274902344,628.3404541015625,373.3555908203125,0
7245,214.4308624267578,148.78163146972656,492.9801940917969,149.59730529785156,373.6130065917969,415.84405517578125,411.4885559082031,430.81298828125,404.2997741699219,398.10333251953125,397.2769470214844,413.2034606933594,412.3398132324219,413.1919860839844,461.0944519042969,397.74566650390625,523.2864990234375,364.0954284667969,566.1636352539062,365.36956787109375,601.5255126953125,364.6883239746094,0
7246,214.41636657714844,148.68829345703125,492.9525451660156,149.5125732421875,361.0422668457031,409.2543640136719,390.45379638671875,425.3636779785156,383.8275451660156,392.72076416015625,377.520751953125,408.6894226074219,391.8951721191406,407.3807678222656,443.6236267089844,391.89178466796875,508.0588073730469,370.4437561035156,552.5776977539062,340.5420837402344,571.6182250976562,297.4984436035156,0
7247,214.4091339111328,148.71527099609375,492.9969787597656,149.48069763183594,361.107666015625,409.2794189453125,390.47021484375,425.3753967285156,383.8550109863281,392.7252502441406,377.55718994140625,408.6961975097656,391.93377685546875,407.359375,443.66632080078125,391.8653259277344,508.046630859375,370.41693115234375,552.667724609375,340.2534484863281,571.7327270507812,296.58782958984375,0
7248,214.47740173339844,148.72499084472656,492.9764099121094,149.50660705566406,361.1893615722656,407.9613342285156,386.5304260253906,425.12591552734375,379.5685119628906,393.08245849609375,374.969970703125,410.2213134765625,388.5622863769531,407.9364929199219,440.2245178222656,392.826904296875,505.0816650390625,372.10174560546875,552.3814697265625,347.9783935546875,572.5139770507812,309.57745361328125,0
7249,214.435302734375,148.71763610839844,492.9926452636719,149.586181640625,363.236083984375,406.504638671875,385.5292053222656,425.5730285644531,377.1068420410156,393.2497253417969,374.38037109375,410.01580810546875,386.9277038574219,408.1825256347656,436.4613037109375,394.4983825683594,503.0314025878906,374.125732421875,553.5546875,355.1900634765625,582.20068359375,315.58905029296875,0
7250,214.4225311279297,148.71502685546875,492.9457092285156,149.4898681640625,353.18994140625,411.8202209472656,378.07861328125,429.7025146484375,369.5977478027344,399.7339172363281,365.3190002441406,413.30059814453125,377.90618896484375,412.8561706542969,431.831787109375,397.1541442871094,498.4975891113281,377.7177734375,550.8720092773438,359.8332824707031,582.0856323242188,320.3206481933594,0
7251,214.3963165283203,148.7850341796875,492.95330810546875,149.3784637451172,346.3951416015625,412.31304931640625,371.3816833496094,430.22686767578125,365.5893249511719,399.1192626953125,362.11773681640625,412.7682800292969,373.7467041015625,413.95611572265625,426.09112548828125,398.4100646972656,493.3789978027344,376.71240234375,542.3276977539062,359.6862487792969,569.26708984375,320.1058654785156,0
7252,214.39413452148438,148.67823791503906,493.00567626953125,149.52664184570312,340.0432434082031,420.1286926269531,368.83544921875,432.19970703125,363.71185302734375,399.83221435546875,357.0711364746094,416.187255859375,370.7799072265625,415.04437255859375,423.3534851074219,400.37945556640625,487.7951965332031,375.5514831542969,534.1121826171875,354.581787109375,552.912841796875,315.7471923828125,0
7253,214.41139221191406,148.7331085205078,492.9524230957031,149.60012817382812,335.794921875,423.0390319824219,366.6098327636719,432.733154296875,360.1888427734375,401.6707763671875,353.2712707519531,417.18548583984375,367.49658203125,415.6695861816406,419.7490539550781,400.57635498046875,483.476806640625,374.70458984375,530.43701171875,350.4391174316406,552.2713623046875,307.9005432128906,0
7254,214.34017944335938,148.7940673828125,492.9412536621094,149.42440795898438,331.531494140625,423.60504150390625,366.552978515625,431.6581726074219,359.1067199707031,400.5213317871094,351.8056945800781,416.43115234375,367.1475830078125,412.7687683105469,417.6475830078125,399.7156066894531,479.13018798828125,374.3059387207031,526.8211059570312,349.85284423828125,549.236083984375,307.4087219238281,0
7255,214.4753875732422,148.60546875,492.9656982421875,149.54714965820312,327.65771484375,425.5934143066406,367.54815673828125,430.6805725097656,356.3150939941406,400.3426818847656,349.4014892578125,417.2242736816406,364.7132568359375,412.2696838378906,415.44580078125,396.2473449707031,475.14837646484375,373.228515625,522.6565551757812,353.6541748046875,546.2215576171875,314.965576171875,0
7256,214.38780212402344,148.56158447265625,493.0813903808594,149.48524475097656,327.6980895996094,425.6112365722656,367.4932861328125,430.760498046875,356.34857177734375,400.41656494140625,349.3799133300781,417.2478332519531,364.6222229003906,412.4383239746094,414.8771057128906,396.7052001953125,475.17034912109375,373.2044372558594,522.6173706054688,353.6567687988281,546.3092041015625,314.93841552734375,0
7257,214.31980895996094,148.59280395507812,493.0897521972656,149.5359649658203,315.93634033203125,416.8697814941406,361.01324462890625,425.3956298828125,354.111572265625,392.92327880859375,344.227783203125,408.6777038574219,359.8491516113281,407.6366882324219,409.1923828125,395.17303466796875,469.1151123046875,386.5081787109375,514.6593017578125,388.75506591796875,551.5527954101562,362.0070495605469,0
7258,214.19528198242188,148.6998291015625,493.0848693847656,149.65185546875,319.22052001953125,417.29205322265625,361.81024169921875,426.76678466796875,356.32879638671875,393.5797424316406,346.69549560546875,410.0279846191406,361.9019775390625,409.078857421875,410.1656799316406,397.71759033203125,468.72967529296875,390.4315185546875,511.9320068359375,404.1269226074219,549.4457397460938,395.5476379394531,0
7259,214.0936279296875,148.77206420898438,493.2375183105469,149.64044189453125,320.632080078125,421.1844787597656,365.5581970214844,429.44769287109375,358.63720703125,395.29083251953125,349.4620361328125,412.7421569824219,366.2904357910156,410.55828857421875,412.63739013671875,399.7422790527344,469.9841003417969,392.180908203125,514.6492919921875,417.0498046875,562.97998046875,416.7044677734375,0
7260,214.09571838378906,148.7530059814453,493.2538146972656,149.58518981933594,320.6380615234375,421.1827392578125,365.5795593261719,429.4279479980469,358.6337890625,395.29815673828125,349.4544982910156,412.7433166503906,366.3076477050781,410.56439208984375,412.67242431640625,399.7218933105469,469.9767761230469,392.1810607910156,514.7098388671875,417.0691223144531,562.9581298828125,416.63507080078125,0
7261,214.21966552734375,148.8475799560547,493.1998596191406,149.5439910888672,322.3909606933594,409.6053466796875,363.0812072753906,428.716552734375,362.1195373535156,393.6802062988281,349.2672119140625,409.59478759765625,366.888427734375,410.9404602050781,412.4127502441406,399.4096374511719,467.9087829589844,390.8066711425781,511.9211730957031,413.939697265625,558.5575561523438,412.6810302734375,0
7262,214.25926208496094,148.67218017578125,493.1842956542969,149.54751586914062,327.42236328125,391.230712890625,366.15887451171875,420.6308288574219,370.89874267578125,387.0984802246094,355.10528564453125,398.4117736816406,372.28448486328125,401.7465515136719,417.6268615722656,400.1136474609375,471.40606689453125,391.37200927734375,512.95068359375,414.6539001464844,554.6325073242188,418.0823974609375,0
7263,214.2903594970703,148.71685791015625,493.13812255859375,149.33041381835938,333.4806823730469,383.9265441894531,370.5552673339844,417.670654296875,377.2466125488281,382.38177490234375,363.1328430175781,393.25360107421875,378.31732177734375,399.0548095703125,422.67498779296875,399.9015808105469,474.2717590332031,391.6509094238281,516.955810546875,417.6522521972656,566.3217163085938,422.5257873535156,0
7264,214.28466796875,148.87030029296875,492.9382019042969,149.47415161132812,355.234130859375,364.11431884765625,372.94073486328125,408.22760009765625,390.4748840332031,377.1104431152344,372.6498718261719,384.8976135253906,387.1452331542969,395.90460205078125,425.32305908203125,400.6396179199219,478.0093688964844,392.7864074707031,521.2078857421875,420.2316589355469,575.7252807617188,426.09698486328125,0
7265,214.30316162109375,148.89651489257812,492.896240234375,149.467041015625,355.2523193359375,364.1089782714844,372.8686828613281,408.2250061035156,390.4053649902344,377.0321960449219,372.5625305175781,384.86151123046875,387.0709228515625,395.8856506347656,425.28948974609375,400.8037414550781,478.00323486328125,392.772705078125,521.2184448242188,420.2376403808594,575.72607421875,426.09619140625,0
7266,214.43101501464844,148.71470642089844,493.0520935058594,149.45361328125,360.55419921875,360.0242004394531,374.370361328125,403.88116455078125,392.3799133300781,373.2711486816406,375.1973571777344,378.3168640136719,388.1586608886719,391.8825988769531,427.1560974121094,400.0655822753906,478.6224670410156,394.82159423828125,520.4591674804688,421.8524169921875,567.881103515625,432.2567138671875,0
7267,214.38568115234375,148.5157470703125,492.95361328125,149.5380859375,365.8490295410156,351.9169616699219,374.06695556640625,393.05059814453125,392.34112548828125,368.71624755859375,375.2568359375,371.49822998046875,387.36859130859375,384.2049865722656,426.12188720703125,399.037109375,479.3989562988281,397.28961181640625,518.1736450195312,425.6201171875,564.4022216796875,441.6611633300781,0
7268,214.31787109375,148.6999969482422,493.1024475097656,149.61721801757812,367.45306396484375,348.6799011230469,371.621826171875,390.47271728515625,390.85504150390625,366.3606262207031,375.9131774902344,369.6139221191406,385.8883056640625,383.28424072265625,424.692626953125,398.427734375,478.9847717285156,398.1044006347656,517.5197143554688,426.6712951660156,561.444091796875,445.1615905761719,0
7269,214.41769409179688,148.77676391601562,493.183349609375,149.6005859375,365.1990661621094,340.6944580078125,366.9906005859375,381.38482666015625,388.18096923828125,360.5979309082031,372.7688903808594,362.8054504394531,382.31915283203125,376.75897216796875,421.4869384765625,397.0404052734375,478.7723693847656,397.5054626464844,514.7811279296875,425.9027404785156,549.2861938476562,444.67327880859375,0
7270,214.37631225585938,148.77023315429688,493.1900634765625,149.60142517089844,365.2009582519531,340.693359375,367.000732421875,381.3863830566406,388.1898193359375,360.6159973144531,372.7845764160156,362.82318115234375,382.3250732421875,376.77191162109375,421.4620666503906,397.01025390625,478.773193359375,397.51318359375,514.7793579101562,425.9028625488281,549.2909545898438,444.6546630859375,0
7271,214.29330444335938,148.8651123046875,493.0993347167969,149.52015686035156,362.53167724609375,335.2830810546875,364.4195251464844,378.0498962402344,384.79351806640625,357.68780517578125,370.1348876953125,357.79779052734375,378.83978271484375,372.0599060058594,418.142333984375,394.9533996582031,476.8402099609375,399.3932189941406,512.0392456054688,427.8631591796875,547.62646484375,445.99755859375,0
7272,214.20028686523438,148.81411743164062,493.09405517578125,149.55615234375,342.1481018066406,321.9237060546875,348.32733154296875,365.35943603515625,370.45892333984375,344.9666442871094,353.0789489746094,345.68292236328125,362.9189147949219,359.87261962890625,406.0682678222656,387.94207763671875,467.1622009277344,403.1654968261719,488.8404235839844,428.67620849609375,342.1053161621094,322.2386779785156,0
7273,214.19100952148438,148.7898712158203,493.1111145019531,149.44285583496094,329.153076171875,309.0952453613281,335.2157897949219,355.7266845703125,358.084228515625,336.25830078125,340.6881408691406,335.7552490234375,350.1383056640625,350.4350280761719,392.7856140136719,382.01116943359375,455.26043701171875,403.65447998046875,472.0768737792969,433.27166748046875,483.1056823730469,451.7951354980469,0
7274,214.2687530517578,148.8031768798828,493.09307861328125,149.64688110351562,321.40350341796875,301.3236999511719,322.51153564453125,344.4278564453125,345.9765930175781,328.9626159667969,329.2782897949219,325.86151123046875,337.4249267578125,341.16845703125,379.52557373046875,373.0085144042969,442.6689453125,399.6985778808594,460.99591064453125,430.8039245605469,466.1903991699219,458.9689025878906,0
7275,214.27236938476562,148.80690002441406,493.0923767089844,149.64657592773438,321.3876037597656,301.3128967285156,322.48834228515625,344.3585205078125,345.98822021484375,328.9326171875,329.2915344238281,325.8238220214844,337.4718017578125,341.13189697265625,379.3179626464844,372.9696044921875,442.71527099609375,399.7027587890625,460.99139404296875,430.7911682128906,466.1866455078125,458.9674987792969,0
7276,214.23802185058594,148.83555603027344,493.19195556640625,149.4786834716797,320.0459899902344,291.8253173828125,314.87335205078125,337.95672607421875,341.677490234375,322.8881530761719,324.48626708984375,318.9267883300781,330.733642578125,335.2414855957031,375.76007080078125,368.87359619140625,433.53765869140625,397.50238037109375,455.7102355957031,425.5356140136719,463.7041015625,452.857421875,0
7277,214.29605102539062,148.86048889160156,493.3352966308594,149.51144409179688,319.89599609375,264.6279602050781,308.75946044921875,308.5909423828125,338.38470458984375,300.55224609375,320.6563415527344,293.1787109375,323.2545471191406,310.2417297363281,359.111572265625,355.17108154296875,408.93060302734375,397.9772644042969,441.8570861816406,424.4000549316406,487.37530517578125,422.35400390625,0
7278,214.3486785888672,148.8974609375,493.2499084472656,149.54483032226562,313.5843200683594,257.1138000488281,305.80377197265625,302.7640686035156,333.9123229980469,293.0234680175781,318.5880432128906,285.8615417480469,320.0225830078125,302.19622802734375,352.851318359375,350.137939453125,403.51214599609375,393.16375732421875,437.8134460449219,422.2707214355469,485.956787109375,420.2813720703125,0
7279,214.28892517089844,148.80409240722656,493.28863525390625,149.6553955078125,309.0372009277344,250.17022705078125,302.7899475097656,296.44580078125,331.0020751953125,286.7370300292969,314.20343017578125,279.400146484375,318.8055725097656,296.63873291015625,348.300048828125,342.2139587402344,400.26080322265625,386.7239990234375,437.9620666503906,414.1649169921875,483.85357666015625,416.89178466796875,0
7280,214.3910369873047,148.80255126953125,493.10711669921875,149.5606689453125,306.01544189453125,246.78472900390625,299.884765625,291.0860290527344,327.4115905761719,280.9466247558594,310.6199035644531,273.4855651855469,315.3216857910156,289.90447998046875,344.6573486328125,334.0462646484375,397.897216796875,380.0013427734375,444.19970703125,407.689208984375,498.9457702636719,402.46942138671875,0
7281,214.2686309814453,148.69142150878906,493.0885314941406,149.63490295410156,304.8566589355469,243.3472900390625,297.0899658203125,284.30963134765625,325.74481201171875,275.3919372558594,308.8486633300781,268.3050842285156,312.75,284.5303649902344,344.9752197265625,327.07562255859375,397.0314025878906,370.5830383300781,449.40753173828125,396.26953125,502.5066223144531,392.31494140625,0
7282,214.27871704101562,148.69615173339844,493.0816650390625,149.64012145996094,304.8570861816406,243.3476104736328,297.08447265625,284.2764892578125,325.73431396484375,275.3717346191406,308.8363342285156,268.2954406738281,312.7295837402344,284.4962463378906,344.7096862792969,326.918701171875,397.0412292480469,370.5802001953125,449.400634765625,396.26873779296875,502.5142517089844,392.3151550292969,0
7283,214.2864990234375,148.63499450683594,493.0091552734375,149.6863555908203,303.83642578125,237.9658203125,296.9731750488281,277.7918701171875,324.9496765136719,265.5934753417969,307.8712158203125,260.8887023925781,312.8731994628906,275.72100830078125,345.6283874511719,321.0587158203125,394.5243835449219,365.67138671875,447.45379638671875,390.2802429199219,506.3218078613281,379.4464416503906,0
7284,214.12857055664062,148.85604858398438,493.0710754394531,149.69052124023438,293.768798828125,228.67274475097656,290.2287292480469,267.2772521972656,316.5107421875,254.2218780517578,300.0566101074219,251.68731689453125,304.8379211425781,266.1189270019531,336.8912658691406,311.6942138671875,381.1752624511719,367.52044677734375,424.670166015625,400.1760559082031,479.2552795410156,400.9702453613281,0
7285,214.23094177246094,148.77850341796875,493.08282470703125,149.82794189453125,288.7407531738281,225.8138427734375,286.83648681640625,266.445556640625,312.7056884765625,252.14651489257812,296.0533447265625,248.41790771484375,302.40411376953125,264.9331970214844,331.47796630859375,312.2493591308594,370.45184326171875,366.66375732421875,397.1407775878906,403.8224792480469,443.1749267578125,416.0551452636719,0
7286,214.114501953125,148.81448364257812,493.00775146484375,149.81378173828125,276.98114013671875,216.8216094970703,271.60162353515625,256.8880310058594,298.5791015625,245.6421356201172,281.4662780761719,239.70985412597656,286.22064208984375,257.0390930175781,319.5742492675781,310.17303466796875,351.31292724609375,363.5542297363281,367.68414306640625,408.3572692871094,396.9494934082031,435.195068359375,0
7287,214.11676025390625,148.81466674804688,492.99407958984375,149.83868408203125,277.00091552734375,216.81454467773438,271.6276550292969,256.9942932128906,298.5727233886719,245.8536376953125,281.5423889160156,239.84356689453125,286.2189636230469,257.4283752441406,319.7100524902344,310.4525146484375,351.3224792480469,363.5520935058594,367.6955261230469,408.3744201660156,396.9627380371094,435.2075500488281,0
7288,214.11204528808594,148.70753479003906,492.9371032714844,149.87860107421875,272.6041564941406,208.75393676757812,266.90673828125,250.41064453125,295.2184753417969,238.5483856201172,277.91278076171875,233.57435607910156,283.3475036621094,250.79940795898438,315.6999816894531,304.07958984375,349.0992431640625,358.7548522949219,362.45416259765625,404.80548095703125,391.9070129394531,432.1219177246094,0
7289,214.11141967773438,148.7558135986328,493.0004577636719,149.91195678710938,266.6335754394531,196.76275634765625,262.79010009765625,236.45542907714844,290.9475402832031,226.64247131347656,272.2947998046875,220.45579528808594,277.7565612792969,236.92279052734375,308.9931335449219,287.7275390625,349.5445556640625,342.3119812011719,374.99261474609375,386.48345947265625,410.4058837890625,408.1845397949219,0
7290,214.20748901367188,148.71585083007812,493.051513671875,149.7960205078125,264.6043701171875,193.46231079101562,259.57318115234375,230.7229766845703,288.58819580078125,218.29525756835938,269.8603820800781,215.28182983398438,275.5526428222656,230.239013671875,304.984619140625,279.11279296875,348.02850341796875,332.45831298828125,381.4686584472656,378.238525390625,437.0274353027344,398.33221435546875,0
7291,214.1235809326172,148.75218200683594,492.96173095703125,149.95309448242188,259.33740234375,185.0121307373047,257.4484558105469,221.38555908203125,285.8809509277344,206.88861083984375,267.87420654296875,205.0380859375,272.91033935546875,219.39683532714844,305.40191650390625,263.4214782714844,350.5621643066406,316.5248107910156,390.00006103515625,354.504638671875,453.9556579589844,372.7533264160156,0
7292,214.0396728515625,148.52552795410156,492.9220275878906,149.87692260742188,257.0169372558594,181.2677001953125,258.072265625,216.77780151367188,285.45556640625,201.66732788085938,267.1792297363281,199.63084411621094,273.2031555175781,213.6179656982422,305.9855041503906,258.9234313964844,352.91290283203125,312.01904296875,393.0119323730469,349.95465087890625,460.904296875,369.1965637207031,0
7293,214.07940673828125,148.51419067382812,492.87689208984375,149.8959197998047,257.00811767578125,181.283935546875,258.0648498535156,216.68397521972656,285.4825439453125,201.73098754882812,267.203369140625,199.60342407226562,273.2216796875,213.45864868164062,305.4863586425781,258.3114318847656,352.2076721191406,311.8124694824219,392.9709167480469,349.91162109375,460.85992431640625,369.1893005371094,0
7294,214.2136688232422,148.86782836914062,492.87298583984375,149.9987335205078,258.25927734375,175.77467346191406,258.38250732421875,213.5400390625,287.45892333984375,199.45875549316406,267.969970703125,195.0041961669922,273.8902587890625,210.0788116455078,307.4058532714844,257.0054016113281,349.4468078613281,310.5429382324219,388.1793212890625,349.33062744140625,452.6999816894531,368.9602355957031,0
7295,213.98849487304688,148.69639587402344,492.8847961425781,149.97166442871094,250.76144409179688,172.35897827148438,259.2889404296875,214.45388793945312,287.9632873535156,197.7899627685547,266.2037048339844,193.3494873046875,275.0650634765625,208.96763610839844,303.4383239746094,256.01129150390625,334.98419189453125,312.6775817871094,359.8572692871094,359.72857666015625,401.53753662109375,390.9166259765625,1
7296,213.85206604003906,148.6661834716797,492.9524230957031,149.9578857421875,248.53671264648438,171.39964294433594,256.2561950683594,214.420166015625,286.7835388183594,196.6336669921875,264.031982421875,193.4961395263672,272.23272705078125,209.21702575683594,297.3813781738281,257.0911865234375,322.6412048339844,308.1573486328125,338.5748596191406,369.451904296875,374.64971923828125,414.168701171875,1
7297,213.85110473632812,148.66558837890625,492.91192626953125,149.96054077148438,248.53775024414062,171.3995819091797,256.26104736328125,214.43701171875,286.80096435546875,196.64076232910156,264.03155517578125,193.50408935546875,272.2450866699219,209.2259063720703,297.5424499511719,257.1797790527344,322.6156005859375,308.11181640625,338.5709228515625,369.4564208984375,374.68035888671875,414.16094970703125,1
7298,213.7750244140625,148.92996215820312,492.96710205078125,149.95660400390625,251.18112182617188,169.9884033203125,254.9132080078125,213.8289794921875,287.2753601074219,198.7927703857422,264.61859130859375,193.46998596191406,271.4837646484375,210.32220458984375,297.7890625,255.5671844482422,321.5960998535156,307.3445129394531,336.2087097167969,371.0121765136719,376.4206848144531,419.0355224609375,1
7299,213.6363525390625,149.25538635253906,493.03558349609375,149.94520568847656,247.42901611328125,165.07327270507812,252.13723754882812,210.91481018066406,284.4040222167969,195.1077117919922,262.37994384765625,190.51165771484375,268.8649597167969,207.02450561523438,292.4761047363281,252.71539306640625,317.5477600097656,303.8096923828125,333.7091369628906,365.603759765625,373.94171142578125,412.9169921875,1
7300,213.71873474121094,149.46951293945312,493.05169677734375,149.87066650390625,250.6083526611328,162.9443817138672,250.82659912109375,209.57308959960938,283.9541015625,196.38473510742188,262.9822082519531,189.29205322265625,268.4067077636719,207.05615234375,290.37054443359375,249.62142944335938,316.01141357421875,298.7801208496094,330.94482421875,360.7940673828125,370.4397888183594,410.7308654785156,1
7301,213.7924041748047,149.38389587402344,493.0920104980469,150.0226287841797,252.39039611816406,160.20089721679688,253.3086700439453,207.69210815429688,286.7959289550781,192.97869873046875,265.8321838378906,186.97682189941406,270.820556640625,204.34506225585938,288.8282165527344,238.5555877685547,317.4732666015625,279.3255310058594,332.11663818359375,341.56658935546875,367.111083984375,395.11602783203125,1
7302,213.79461669921875,149.38621520996094,493.1229248046875,149.9706268310547,252.387451171875,160.2168731689453,253.3072052001953,207.68968200683594,286.8418273925781,192.9998779296875,265.8505554199219,186.99929809570312,270.8280029296875,204.32200622558594,289.12896728515625,238.6125030517578,317.5008850097656,279.39910888671875,332.11737060546875,341.6268615722656,367.1826477050781,395.1365966796875,1
7303,214.0171356201172,149.19100952148438,493.1592102050781,149.9663848876953,259.06158447265625,162.98248291015625,255.310546875,209.7167510986328,290.45947265625,197.0860595703125,268.35430908203125,190.26858520507812,273.68035888671875,207.29901123046875,290.7675476074219,235.92555236816406,315.016845703125,275.0963134765625,333.1634826660156,335.19488525390625,360.78216552734375,388.3796081542969,0
7304,213.9946746826172,148.79348754882812,493.4902038574219,150.0391387939453,268.08221435546875,169.9363555908203,254.20440673828125,214.1620635986328,295.7637023925781,206.95831298828125,271.17535400390625,198.16969299316406,274.0483703613281,213.97369384765625,288.41876220703125,240.78782653808594,306.4155578613281,275.39959716796875,313.783935546875,318.9223937988281,317.1042175292969,358.3992919921875,0
7305,213.82704162597656,148.6689910888672,493.5007629394531,149.25086975097656,269.0765075683594,169.7996826171875,255.11102294921875,216.6396026611328,296.1014709472656,211.19384765625,272.3025207519531,200.3065185546875,275.36956787109375,216.22198486328125,287.795654296875,241.67535400390625,303.7354736328125,272.8815002441406,309.157958984375,325.65386962890625,312.18646240234375,376.8967590332031,0
7306,213.58096313476562,148.85723876953125,493.4119567871094,149.25685119628906,269.875,171.5691680908203,256.5059814453125,218.70864868164062,296.6426696777344,211.7775115966797,273.01251220703125,200.64208984375,276.11407470703125,218.01498413085938,288.25396728515625,242.72850036621094,301.49407958984375,270.2984619140625,307.4023742675781,319.3923645019531,306.71026611328125,368.2253723144531,0
7307,213.61317443847656,148.78076171875,493.4716796875,149.19981384277344,269.88507080078125,171.54458618164062,256.5351257324219,218.72401428222656,296.66693115234375,211.7828369140625,273.0650939941406,200.64527893066406,276.15509033203125,217.9985809326172,288.2307434082031,242.7242889404297,301.5291748046875,270.3600158691406,307.3887023925781,319.46002197265625,306.7097473144531,368.2330322265625,0
7308,213.7617645263672,148.7752685546875,493.40972900390625,149.4132843017578,269.3562927246094,171.0005340576172,256.1247253417969,218.885986328125,296.5978698730469,211.99969482421875,272.7696838378906,201.03843688964844,275.8167724609375,218.45361328125,288.6815185546875,242.83383178710938,302.06365966796875,270.1506042480469,308.221435546875,319.9443054199219,308.1068420410156,370.657470703125,0
7309,213.7405242919922,148.5657501220703,493.35321044921875,149.24703979492188,272.4053039550781,171.0435028076172,257.22039794921875,219.18161010742188,297.5148620605469,214.1927032470703,274.2549133300781,202.1548614501953,276.9671325683594,219.98184204101562,288.7365417480469,244.16546630859375,303.41534423828125,271.7026672363281,311.3395080566406,318.097900390625,314.32073974609375,363.64288330078125,0
7310,213.90586853027344,148.63284301757812,493.4074401855469,149.46832275390625,274.7617492675781,175.08290100097656,257.457763671875,221.7859344482422,298.95220947265625,217.57037353515625,275.0712890625,205.30093383789062,277.7763977050781,222.4058074951172,289.1429138183594,244.66748046875,303.44427490234375,270.5401916503906,312.53326416015625,320.0293884277344,322.0611572265625,396.30401611328125,0
7311,213.89340209960938,148.47032165527344,493.52313232421875,149.6522216796875,274.4820556640625,182.60845947265625,257.1493835449219,226.83274841308594,299.34197998046875,221.72341918945312,275.093994140625,210.23501586914062,277.0469665527344,225.1620330810547,288.15753173828125,247.4188232421875,301.6982727050781,270.1318664550781,309.40838623046875,315.5780334472656,312.7286071777344,363.71246337890625,0
7312,213.90138244628906,148.49908447265625,493.51922607421875,149.60084533691406,274.47698974609375,182.6089324951172,257.1497802734375,226.83242797851562,299.3411560058594,221.7205352783203,275.0941162109375,210.2359161376953,277.0470275878906,225.1636505126953,288.1573791503906,247.41824340820312,301.6986083984375,270.13104248046875,309.4150695800781,315.5299377441406,312.7243957519531,363.71246337890625,0
7313,213.9127655029297,148.28208923339844,493.3509826660156,149.5259246826172,274.5742492675781,187.63619995117188,258.42626953125,231.66464233398438,299.48541259765625,224.68666076660156,275.99249267578125,214.582275390625,278.7724304199219,228.9043731689453,289.0556335449219,247.38458251953125,300.83935546875,270.1632995605469,308.98046875,319.03680419921875,310.9519348144531,394.98162841796875,0
7314,213.93487548828125,148.428466796875,493.2866516113281,149.7137451171875,274.3609313964844,194.29293823242188,260.2422180175781,237.24925231933594,300.6578674316406,231.68360900878906,276.5572509765625,220.70875549316406,278.90533447265625,234.30641174316406,289.96673583984375,249.4209442138672,302.0779724121094,268.0305480957031,308.6091613769531,317.6297912597656,310.29278564453125,397.7834777832031,0
7315,213.83755493164062,148.49600219726562,493.17236328125,149.5093536376953,275.4882507324219,198.93666076660156,259.78204345703125,241.60430908203125,300.2082824707031,234.60015869140625,277.06793212890625,224.38113403320312,279.4123229980469,236.78260803222656,290.0971374511719,250.30996704101562,301.3787841796875,267.82659912109375,308.5584716796875,316.5707092285156,310.2057189941406,397.3645935058594,0
7316,213.89181518554688,148.5509490966797,493.0361328125,149.64881896972656,274.6053466796875,203.1534881591797,259.6669616699219,243.5734100341797,300.3123779296875,237.58901977539062,275.8291015625,225.75112915039062,278.7735900878906,239.0221405029297,289.0723571777344,251.06997680664062,299.5361328125,268.47564697265625,307.08197021484375,319.4990539550781,310.5059509277344,390.9099426269531,0
7317,213.87571716308594,148.55641174316406,492.9965515136719,149.61488342285156,274.5981140136719,203.08697509765625,259.6711120605469,243.572509765625,300.2734375,237.5353240966797,275.8006286621094,225.72161865234375,278.7525634765625,238.9567108154297,289.09747314453125,251.01065063476562,299.542724609375,268.4820861816406,307.0931091308594,319.42822265625,310.5004577636719,390.8964538574219,0
7318,213.83348083496094,148.61044311523438,492.87786865234375,149.65834045410156,275.0780334472656,207.11602783203125,260.51361083984375,246.00099182128906,303.0039367675781,239.86341857910156,276.3629455566406,228.5891876220703,279.5890197753906,239.69674682617188,289.4246520996094,252.5760955810547,299.54095458984375,268.85919189453125,306.04266357421875,318.79827880859375,307.5953674316406,396.70782470703125,0
7319,214.0354461669922,148.7762451171875,493.1534118652344,149.58200073242188,280.3755798339844,214.65016174316406,262.2430419921875,250.6660919189453,304.3231201171875,248.9528350830078,280.8294372558594,234.0089569091797,279.7474670410156,246.112060546875,290.21533203125,253.7003173828125,299.6300048828125,266.9507141113281,308.1837158203125,314.6153869628906,312.5058288574219,390.9560546875,0
7320,213.99911499023438,148.90370178222656,493.19122314453125,149.52239990234375,280.53350830078125,218.2754364013672,262.06201171875,256.98162841796875,307.0744934082031,249.458251953125,282.1546630859375,237.750244140625,279.8223571777344,247.88580322265625,290.3486022949219,255.99948120117188,299.2915954589844,267.3923645019531,308.310791015625,310.1968078613281,310.88250732421875,394.3896179199219,0
7321,213.85765075683594,148.80865478515625,493.2023620605469,149.57716369628906,282.7325744628906,224.6427001953125,263.3019714355469,260.9227294921875,307.1761169433594,254.74974060058594,281.5145263671875,241.41677856445312,281.7986755371094,251.5093536376953,289.10076904296875,258.3903503417969,298.09234619140625,268.1162109375,307.9316711425781,309.1666259765625,310.98712158203125,395.53338623046875,0
7322,213.86761474609375,148.82066345214844,493.2301940917969,149.61412048339844,282.697021484375,224.63719177246094,263.30377197265625,260.91650390625,307.1744689941406,254.75352478027344,281.50360107421875,241.40927124023438,281.79510498046875,251.50181579589844,289.09716796875,258.392578125,298.087158203125,268.1110534667969,307.9316101074219,309.1590270996094,310.9767150878906,395.53125,0
7323,214.01214599609375,148.9143829345703,493.1762390136719,149.60292053222656,285.6573486328125,220.47596740722656,263.9635925292969,257.1038513183594,307.4688415527344,255.84909057617188,281.2532958984375,240.0494842529297,281.0567626953125,251.55296325683594,289.637451171875,261.85260009765625,298.1415100097656,273.35784912109375,308.36761474609375,317.3334045410156,310.13348388671875,398.1376953125,0
7324,213.85589599609375,148.859130859375,493.1326599121094,149.72108459472656,290.4415283203125,206.1769561767578,266.4796142578125,244.43051147460938,306.73248291015625,248.24362182617188,286.209716796875,231.08897399902344,284.5286865234375,245.32545471191406,289.4389953613281,262.577392578125,299.5563659667969,282.27313232421875,308.00537109375,329.08941650390625,306.6556701660156,410.7834167480469,0
7325,213.85691833496094,148.85794067382812,493.096435546875,149.80516052246094,290.45556640625,206.2073974609375,266.52020263671875,244.50363159179688,306.7084045410156,248.30393981933594,286.22003173828125,231.13113403320312,284.50506591796875,245.37469482421875,289.4450988769531,262.55865478515625,299.51849365234375,282.1477355957031,307.9841003417969,329.11676025390625,306.6563720703125,410.7809143066406,0
7326,213.99244689941406,148.7655487060547,493.1212463378906,149.76553344726562,289.7294616699219,207.26931762695312,265.17071533203125,245.4624481201172,306.3726501464844,249.13438415527344,285.13153076171875,231.73968505859375,283.32818603515625,245.86199951171875,286.92254638671875,263.0824279785156,299.16082763671875,283.63995361328125,307.9700622558594,331.0267028808594,306.169189453125,412.4642333984375,0
7327,214.14251708984375,148.67298889160156,493.2084655761719,149.8549041748047,290.7080993652344,209.83216857910156,264.8904724121094,246.03640747070312,305.34442138671875,252.09446716308594,285.73956298828125,234.1124725341797,281.7023620605469,247.67474365234375,285.8469543457031,264.4731750488281,296.74969482421875,282.7046203613281,307.664794921875,331.3548278808594,307.2500305175781,411.9855041503906,0
7328,214.17340087890625,148.75894165039062,493.36285400390625,149.67210388183594,304.1986999511719,200.7470703125,267.69110107421875,238.34597778320312,306.38848876953125,250.10333251953125,289.3030090332031,230.29649353027344,283.8052673339844,244.28990173339844,283.8699951171875,264.08428955078125,297.9885559082031,283.54620361328125,307.5768737792969,330.3667297363281,306.71221923828125,413.5927429199219,0
7329,214.2267303466797,148.74708557128906,493.3226623535156,149.78553771972656,308.4775695800781,200.44253540039062,270.68353271484375,236.7633056640625,306.9205627441406,250.39125061035156,292.6545715332031,231.85345458984375,286.08660888671875,245.27976989746094,283.5919189453125,266.0700378417969,298.49542236328125,287.1476135253906,307.70928955078125,336.0500183105469,307.2599792480469,412.3519592285156,0
7330,214.22756958007812,148.7471160888672,493.3224792480469,149.785400390625,308.4769287109375,200.44578552246094,270.68817138671875,236.749755859375,306.92694091796875,250.38137817382812,292.6446838378906,231.83856201171875,286.0821228027344,245.26646423339844,283.5942077636719,266.0597839355469,298.4744873046875,287.1155090332031,307.69549560546875,336.0050354003906,307.26116943359375,412.3671875,0
7331,214.2113494873047,148.75082397460938,493.1739807128906,149.81097412109375,309.7003173828125,199.86192321777344,272.0207214355469,237.77842712402344,308.5753173828125,249.94216918945312,293.9941711425781,231.83578491210938,286.49591064453125,247.1884307861328,284.5900573730469,267.0711669921875,296.95831298828125,287.96295166015625,307.6456298828125,334.6022644042969,308.63427734375,412.10955810546875,0
7332,214.0513916015625,148.50379943847656,493.14654541015625,149.7398223876953,329.7955322265625,185.2550811767578,294.4429931640625,218.05947875976562,324.4866638183594,232.73599243164062,313.8852844238281,212.97950744628906,304.9949951171875,229.8249969482422,294.0722351074219,260.948486328125,291.43853759765625,297.9909973144531,302.00030517578125,344.64788818359375,310.5553283691406,387.0506286621094,0
7333,214.0857696533203,148.59127807617188,493.27423095703125,149.64068603515625,335.880126953125,182.80235290527344,302.65740966796875,212.47447204589844,331.23919677734375,227.6637420654297,320.80023193359375,209.375732421875,313.3321533203125,223.6694793701172,297.8260803222656,258.07623291015625,288.3719482421875,299.2151184082031,298.008544921875,349.7751159667969,311.19244384765625,410.40716552734375,0
7334,214.16429138183594,148.74143981933594,493.3558349609375,149.93601989746094,347.6406555175781,172.36734008789062,311.7212219238281,203.13058471679688,341.3119201660156,218.8785858154297,331.5459899902344,199.2637939453125,323.0187072753906,215.336669921875,300.8821716308594,252.74417114257812,281.0190124511719,299.1120300292969,272.4815979003906,337.99200439453125,279.6281433105469,373.6520690917969,0
7335,214.1675567626953,148.74122619628906,493.3617248535156,149.9296112060547,347.64508056640625,172.36695861816406,311.7134704589844,203.12396240234375,341.3122253417969,218.880126953125,331.5597229003906,199.27322387695312,323.0237121582031,215.3446502685547,300.8291015625,252.75294494628906,281.0272216796875,299.1045837402344,272.4837341308594,337.9866638183594,279.6168518066406,373.659912109375,0
7336,214.4283905029297,148.67733764648438,493.3248291015625,149.8830108642578,352.29278564453125,169.2346649169922,315.2369384765625,198.89279174804688,345.3353576660156,217.4494171142578,335.5887145996094,197.0546875,327.0609436035156,212.11782836914062,303.8611145019531,248.7394256591797,279.023681640625,295.6709899902344,263.6337585449219,335.1781921386719,260.29443359375,373.8990478515625,0
7337,214.3712615966797,148.66659545898438,493.2496337890625,150.0530242919922,355.0044860839844,166.98236083984375,317.7727966308594,195.92791748046875,348.983154296875,214.16526794433594,338.2303466796875,194.13352966308594,329.9326171875,209.03103637695312,308.4323425292969,244.55506896972656,279.06451416015625,289.4528503417969,257.1641845703125,333.9582824707031,246.6739044189453,375.82843017578125,0
7338,214.29872131347656,148.63031005859375,493.2361755371094,149.83238220214844,357.3659973144531,166.5315399169922,318.10491943359375,194.69712829589844,349.240478515625,213.9792938232422,339.0898742675781,192.9268798828125,330.0080871582031,206.18873596191406,308.0137634277344,243.63995361328125,280.0373840332031,288.59588623046875,258.92779541015625,332.9932556152344,248.2928466796875,374.3498229980469,0
7339,214.2759552001953,148.6221160888672,493.438232421875,149.8238525390625,352.9486999511719,162.78445434570312,317.8113708496094,195.11912536621094,350.90997314453125,212.1027069091797,338.0495910644531,192.09188842773438,330.57061767578125,206.22381591796875,309.4796447753906,243.09010314941406,280.6676330566406,288.1944274902344,259.74432373046875,333.52777099609375,249.9304656982422,374.3729248046875,0
7340,214.27545166015625,148.62550354003906,493.4715881347656,149.74049377441406,352.9498291015625,162.78713989257812,317.8271179199219,195.1407012939453,350.90167236328125,212.10401916503906,338.0422668457031,192.11241149902344,330.565673828125,206.2501678466797,309.4349670410156,242.98956298828125,280.6849060058594,288.1714782714844,259.7510986328125,333.5144958496094,249.92115783691406,374.358642578125,0
7341,214.33319091796875,148.56907653808594,493.4322509765625,149.71337890625,350.8707580566406,157.49302673339844,318.21820068359375,193.7649383544922,350.8726806640625,207.43739318847656,337.5377197265625,187.53890991210938,330.6904602050781,202.67420959472656,309.8017883300781,242.33966064453125,280.4731140136719,287.29107666015625,258.5020751953125,332.70037841796875,249.17213439941406,375.9573974609375,0
7342,214.40187072753906,148.5270538330078,493.4726257324219,149.71084594726562,341.3135986328125,153.0709228515625,314.0622253417969,191.79873657226562,347.3475646972656,202.56517028808594,332.8082275390625,183.43841552734375,327.4062805175781,200.84173583984375,309.34320068359375,239.91036987304688,281.20318603515625,285.8117980957031,259.3058166503906,334.50042724609375,249.3034210205078,377.3822326660156,0
7343,214.22262573242188,148.3524627685547,493.3805847167969,149.65386962890625,338.3655700683594,152.73052978515625,309.80682373046875,190.0416717529297,343.85260009765625,199.9370574951172,329.13702392578125,180.99847412109375,323.4613952636719,199.0753173828125,307.3370666503906,239.55633544921875,282.3480224609375,284.7950744628906,261.4640808105469,333.3285217285156,250.06857299804688,374.79437255859375,0
7344,214.47019958496094,148.4306182861328,493.384765625,149.77207946777344,326.89044189453125,152.23919677734375,302.0461120605469,194.5426483154297,337.2802734375,199.99913024902344,319.9283752441406,183.7176513671875,317.15460205078125,200.5013427734375,304.76129150390625,239.78445434570312,287.50714111328125,284.29638671875,266.5968017578125,330.238037109375,252.60154724121094,371.3124694824219,0
7345,214.47421264648438,148.3938446044922,493.3839416503906,149.77166748046875,326.8918762207031,152.24464416503906,302.04095458984375,194.5424041748047,337.2804870605469,200.00125122070312,319.9243469238281,183.71426391601562,317.1541748046875,200.5091094970703,304.763916015625,239.77195739746094,287.51141357421875,284.2770080566406,266.5594177246094,330.2926025390625,252.59193420410156,371.3523254394531,0
7346,214.54029846191406,148.4157257080078,493.2966003417969,149.82086181640625,322.68170166015625,159.42942810058594,300.0095520019531,200.81150817871094,334.5454406738281,203.53623962402344,318.2040710449219,187.64691162109375,314.934326171875,205.78805541992188,305.5787658691406,242.84544372558594,292.076904296875,285.2121276855469,275.3290710449219,327.0958251953125,263.49658203125,369.11773681640625,0
7347,214.47264099121094,148.5201873779297,493.17254638671875,150.04122924804688,322.36102294921875,170.61685180664062,296.8348083496094,213.25315856933594,333.01556396484375,218.90501403808594,316.82476806640625,199.68724060058594,312.60595703125,219.6822052001953,303.1968994140625,251.50689697265625,294.9837341308594,286.318603515625,278.6058654785156,332.3202819824219,263.090576171875,411.6195373535156,0
7348,214.50747680664062,148.4714813232422,493.3086242675781,149.95297241210938,317.0497741699219,179.54620361328125,291.7344055175781,220.3087158203125,332.0178527832031,222.64468383789062,312.5916442871094,208.1282958984375,311.0380554199219,225.36512756347656,301.7140197753906,253.03831481933594,295.595458984375,285.2518615722656,279.2645568847656,330.63250732421875,268.2632751464844,369.9455261230469,0
7349,214.38845825195312,148.4095001220703,493.33111572265625,149.99551391601562,310.7112731933594,188.10684204101562,287.5030212402344,226.81784057617188,328.192138671875,227.56771850585938,307.2323913574219,214.64547729492188,306.16455078125,230.04319763183594,300.7904357910156,255.59109497070312,294.8235778808594,285.3814392089844,277.6839294433594,329.01934814453125,263.65606689453125,371.0511779785156,0
7350,214.38868713378906,148.40968322753906,493.3404235839844,149.989013671875,310.7059326171875,188.08212280273438,287.4510498046875,226.85116577148438,328.5260925292969,227.66456604003906,307.21630859375,214.71888732910156,306.1046447753906,230.13616943359375,300.7936706542969,255.60182189941406,294.825439453125,285.37713623046875,277.68609619140625,329.0154724121094,263.6562194824219,371.0504455566406,0
7351,214.47779846191406,148.5096893310547,493.3171081542969,150.02394104003906,306.185791015625,192.50662231445312,284.83563232421875,233.72618103027344,326.8048095703125,231.19720458984375,305.0627136230469,217.47882080078125,304.6772155761719,233.64974975585938,301.3194580078125,254.6639862060547,295.8855895996094,283.7120056152344,278.1891784667969,328.70135498046875,262.3858337402344,370.04193115234375,0
7352,214.54595947265625,148.55581665039062,493.3490295410156,149.9932098388672,303.6266784667969,198.77297973632812,281.04180908203125,238.578369140625,323.5222473144531,236.49777221679688,302.2779235839844,223.52903747558594,301.09619140625,237.66070556640625,299.2216796875,257.88323974609375,296.1227111816406,282.8013000488281,279.27392578125,328.4577941894531,263.7737121582031,370.3669738769531,0
7353,214.48126220703125,148.5810089111328,493.26593017578125,150.01934814453125,303.139404296875,205.2744598388672,281.1227722167969,243.04286193847656,322.1679992675781,240.66366577148438,301.0086975097656,226.51522827148438,299.1250305175781,240.658935546875,298.91796875,260.5805969238281,295.6397705078125,283.14105224609375,277.39471435546875,328.9612731933594,252.2310333251953,403.95947265625,0
7354,214.43792724609375,148.69252014160156,492.9582214355469,150.11737060546875,302.7257995605469,204.64634704589844,280.38555908203125,244.69329833984375,322.203857421875,243.12384033203125,300.6695556640625,227.80935668945312,299.44183349609375,243.09539794921875,298.84930419921875,263.5943298339844,295.1704406738281,284.309814453125,276.8230285644531,331.13787841796875,251.01644897460938,404.67791748046875,0
7355,214.4364013671875,148.69332885742188,493.0653991699219,150.105712890625,302.7237854003906,204.64625549316406,280.3857116699219,244.7008056640625,322.20843505859375,243.12469482421875,300.6691589355469,227.80494689941406,299.4598693847656,243.0887908935547,298.8895568847656,263.61590576171875,295.1715087890625,284.3247985839844,276.8182678222656,331.1504821777344,251.025146484375,404.657958984375,0
7356,214.44740295410156,148.75572204589844,492.9598693847656,150.13534545898438,300.18499755859375,198.8494110107422,280.23455810546875,242.20614624023438,322.517333984375,238.7874755859375,300.20867919921875,224.8847198486328,300.27484130859375,239.93478393554688,298.7860107421875,261.7263488769531,295.0970764160156,285.3832702636719,276.3294677734375,332.0316162109375,250.6549530029297,406.3450012207031,0
7357,214.5972900390625,148.68955993652344,492.98187255859375,150.17190551757812,302.9476318359375,187.970947265625,283.1557312011719,233.93661499023438,322.1684875488281,233.0048065185547,302.43096923828125,218.43312072753906,301.1830139160156,234.41212463378906,299.04095458984375,260.20458984375,293.7369689941406,288.86199951171875,275.5789489746094,335.5704040527344,251.68426513671875,406.50323486328125,0
7358,214.58290100097656,148.69937133789062,493.1174621582031,150.13623046875,307.2055969238281,185.6494140625,283.0421142578125,229.62696838378906,323.5180969238281,230.95602416992188,303.516845703125,215.32135009765625,302.1102600097656,233.94422912597656,299.1340637207031,260.3013610839844,293.68402099609375,290.2278747558594,275.357421875,335.8836975097656,249.38665771484375,410.5490417480469,0
7359,214.3289337158203,148.56507873535156,493.2580261230469,150.2456512451172,328.64630126953125,180.38365173339844,296.6418151855469,214.40858459472656,328.3969421386719,224.2633514404297,315.91650390625,206.62939453125,310.19915771484375,223.8405303955078,298.9678955078125,256.4273376464844,292.88946533203125,291.9043273925781,274.5787658691406,337.1517333984375,248.85791015625,411.7432556152344,0
7360,214.32839965820312,148.56753540039062,493.2586364746094,150.25050354003906,328.650634765625,180.38844299316406,296.5965270996094,214.27772521972656,328.3888854980469,224.22222900390625,315.8975830078125,206.5408477783203,310.15509033203125,223.59426879882812,299.1180114746094,256.2401428222656,292.8537902832031,291.9455871582031,274.82989501953125,337.0638122558594,248.9459991455078,411.50537109375,0
7361,214.39080810546875,148.57269287109375,493.1920166015625,150.2105255126953,336.56427001953125,178.21710205078125,304.9894104003906,207.43336486816406,333.29718017578125,217.5178680419922,322.862548828125,202.5661163330078,316.41339111328125,217.6787109375,300.938720703125,253.0242919921875,292.254150390625,293.7181091308594,273.13458251953125,341.4356384277344,247.4888916015625,411.2689208984375,0
7362,214.6451416015625,148.60638427734375,493.12744140625,150.02952575683594,343.0154724121094,169.7099609375,312.83221435546875,195.0445098876953,340.1888732910156,206.9920654296875,330.78155517578125,191.54953002929688,322.9757385253906,205.45140075683594,306.3994140625,246.05963134765625,290.8592529296875,294.6816711425781,271.356689453125,342.62713623046875,247.40304565429688,412.2359924316406,0
7363,214.66477966308594,148.43028259277344,492.9819030761719,150.11184692382812,345.3008117675781,164.91030883789062,315.67303466796875,190.52127075195312,342.236572265625,203.849609375,332.82598876953125,186.6884002685547,324.8713073730469,202.13992309570312,308.2534484863281,241.78848266601562,289.82598876953125,293.52362060546875,271.5778503417969,338.0048828125,258.1950378417969,379.1336975097656,0
7364,214.4806671142578,148.42633056640625,493.08349609375,150.0550994873047,351.1690673828125,157.70089721679688,320.2890625,183.16017150878906,347.08251953125,198.22479248046875,337.2852783203125,182.26991271972656,330.1250915527344,196.09408569335938,308.43316650390625,239.25552368164062,289.404052734375,291.4401550292969,271.5917663574219,335.93585205078125,257.5857238769531,377.7041320800781,0
7365,214.5045166015625,148.34771728515625,493.20587158203125,150.02236938476562,356.7238464355469,152.30181884765625,324.9916076660156,175.79786682128906,351.8155212402344,190.858154296875,342.53125,174.88119506835938,333.8188171386719,186.6755828857422,310.703125,234.82862854003906,289.37445068359375,288.774658203125,269.4546813964844,333.68487548828125,254.37525939941406,373.48760986328125,0
7366,214.51113891601562,148.33407592773438,493.0361022949219,150.1256866455078,372.83062744140625,136.648193359375,340.2236633300781,159.16018676757812,367.3497619628906,175.61305236816406,358.06396484375,158.2933807373047,348.9128112792969,170.07911682128906,323.5640869140625,217.654296875,294.0812683105469,271.2186584472656,269.787841796875,325.41925048828125,240.41212463378906,398.8793640136719,0
7367,214.51258850097656,148.34033203125,493.02313232421875,150.16111755371094,372.8176574707031,136.64822387695312,340.2908630371094,159.16966247558594,367.0425720214844,175.07290649414062,358.11431884765625,158.26431274414062,349.008056640625,169.98353576660156,323.4895324707031,217.47952270507812,294.078125,271.23150634765625,269.7906188964844,325.41156005859375,240.4650115966797,398.7760009765625,0
7368,214.6219024658203,148.36065673828125,492.8580627441406,150.26092529296875,382.3611145019531,131.00335693359375,350.0127258300781,148.70974731445312,375.70477294921875,168.15940856933594,367.2236328125,150.86032104492188,357.96563720703125,163.31521606445312,329.5452575683594,210.18246459960938,297.88104248046875,263.69500732421875,271.0447692871094,316.3414611816406,244.40391540527344,380.40887451171875,0
7369,214.5658416748047,148.45352172851562,493.2112731933594,150.20318603515625,400.2317810058594,136.51535034179688,367.15228271484375,138.27633666992188,385.79229736328125,164.36241149902344,380.97918701171875,145.32122802734375,367.9952697753906,154.63377380371094,337.37274169921875,196.32028198242188,305.5447692871094,250.4184112548828,283.0272216796875,305.0333251953125,264.62164306640625,370.2032775878906,0
7370,214.59051513671875,148.5154266357422,493.019287109375,150.10565185546875,404.7801818847656,136.5130157470703,371.24298095703125,137.3620147705078,390.4028015136719,164.19422912597656,385.6672058105469,146.7379608154297,372.8238525390625,154.17051696777344,338.6214294433594,190.88429260253906,303.0905456542969,245.76002502441406,279.6524353027344,289.3153076171875,268.1583251953125,349.3936767578125,0
7371,214.62257385253906,148.61512756347656,493.04962158203125,150.2300567626953,417.472412109375,137.64324951171875,380.2668762207031,134.35353088378906,393.8010559082031,163.49143981933594,393.7406311035156,143.99732971191406,378.9600830078125,152.02247619628906,340.0363464355469,184.93084716796875,295.95281982421875,235.7509307861328,265.6119689941406,268.5936279296875,247.29119873046875,304.5450744628906,0
7372,214.6317138671875,148.56146240234375,493.03857421875,150.2618865966797,417.4649353027344,137.65945434570312,380.266845703125,134.35569763183594,393.78350830078125,163.48765563964844,393.7398681640625,143.98587036132812,378.9706726074219,152.00192260742188,340.1555480957031,184.64102172851562,295.9130554199219,235.74374389648438,265.60345458984375,268.5840759277344,247.291015625,304.5684814453125,0
7373,214.62326049804688,148.63787841796875,492.8680725097656,150.26133728027344,420.47412109375,133.8030548095703,382.70330810546875,134.1008758544922,397.2044372558594,163.30186462402344,395.9997253417969,142.54788208007812,381.5042419433594,151.84593200683594,341.58056640625,181.0355682373047,297.77880859375,231.67283630371094,263.6306457519531,259.0379638671875,235.94833374023438,290.35772705078125,0
7374,214.53094482421875,148.5794677734375,493.1307678222656,150.4990234375,431.54351806640625,127.15054321289062,392.75421142578125,126.19718933105469,406.45831298828125,156.9787139892578,405.7073059082031,136.66944885253906,391.5849914550781,143.2096710205078,348.6657409667969,177.97677612304688,310.5549011230469,229.57574462890625,275.4430236816406,259.0080261230469,245.20632934570312,291.7039489746094,0
7375,214.56112670898438,148.5593719482422,493.23834228515625,150.40579223632812,438.5823059082031,121.46675872802734,399.4434814453125,121.83765411376953,414.3922119140625,152.1930694580078,413.0743713378906,131.31936645507812,398.58056640625,139.0148468017578,356.73199462890625,172.88914489746094,314.635986328125,227.0712127685547,276.72412109375,262.6506652832031,232.56057739257812,321.9859619140625,0
7376,214.3846893310547,148.62344360351562,493.3742980957031,150.46165466308594,449.53851318359375,111.97271728515625,415.2559814453125,108.79791259765625,428.8644714355469,137.5662384033203,426.915771484375,118.8650131225586,414.1270751953125,125.26705169677734,364.9238586425781,163.54833984375,320.80419921875,212.91986083984375,285.23907470703125,244.25018310546875,259.5257568359375,276.7782897949219,-1
7377,214.37191772460938,148.62489318847656,493.33795166015625,150.500244140625,449.530029296875,111.97836303710938,415.2825927734375,108.81460571289062,428.8529357910156,137.55670166015625,426.9019775390625,118.86304473876953,414.1470642089844,125.25485229492188,364.6980895996094,163.7401580810547,320.8356018066406,212.9567413330078,285.24700927734375,244.26771545410156,259.51983642578125,276.7786560058594,-1
7378,214.54261779785156,148.5402374267578,493.4149475097656,150.6349639892578,455.5666809082031,113.43060302734375,420.1531982421875,105.74217987060547,432.30474853515625,134.08578491210938,432.83294677734375,117.02063751220703,417.97625732421875,123.0086441040039,372.84222412109375,153.94805908203125,322.4122619628906,202.88827514648438,285.27947998046875,232.09136962890625,258.7915954589844,262.60498046875,-1
7379,214.55044555664062,148.65713500976562,493.7257385253906,150.5570526123047,461.9573669433594,113.08538818359375,424.0390319824219,101.0828628540039,433.2099304199219,126.86919403076172,437.4563293457031,112.90552520751953,421.1187744140625,118.09656524658203,377.2231140136719,147.3072052001953,325.7764892578125,186.1614990234375,288.0492248535156,204.54287719726562,258.3791198730469,228.5045623779297,-1
7380,214.60072326660156,148.50624084472656,493.5855407714844,150.5701446533203,463.4361572265625,115.40222930908203,426.005859375,98.58859252929688,431.4040832519531,125.9515151977539,434.5316467285156,111.15697479248047,419.9442138671875,114.6754150390625,374.085693359375,145.33045959472656,324.4828796386719,184.24462890625,278.6312561035156,207.64564514160156,227.2819061279297,244.1140899658203,-1
7381,214.6696319580078,148.5023651123047,493.48504638671875,150.6032257080078,464.047119140625,114.28844451904297,422.3594055175781,96.13323974609375,426.9020690917969,125.3275146484375,433.6677551269531,108.6058349609375,417.5051574707031,112.25201416015625,372.7384948730469,140.55172729492188,326.8005065917969,180.37515258789062,279.3218078613281,206.0487823486328,232.2461700439453,251.32325744628906,-1
7382,214.6673126220703,148.65252685546875,493.75189208984375,150.54989624023438,464.5706481933594,108.77293395996094,422.3751220703125,95.62181091308594,429.3129577636719,124.9598617553711,434.8681335449219,107.10591888427734,418.8656005859375,111.95404815673828,372.847900390625,140.5597381591797,326.5812683105469,178.81802368164062,281.288818359375,203.44683837890625,235.2252197265625,247.17779541015625,-1
7383,214.75546264648438,148.7784423828125,493.3714294433594,150.4736785888672,465.2519226074219,100.15776062011719,421.98541259765625,93.83599853515625,434.16082763671875,123.90132904052734,436.72430419921875,104.96871185302734,420.6769714355469,110.35054779052734,376.15496826171875,137.8297576904297,329.71820068359375,178.73484802246094,282.3765563964844,204.4517822265625,234.677001953125,246.12548828125,0
7384,214.7028045654297,148.51046752929688,493.49835205078125,150.51895141601562,470.1580810546875,90.20622253417969,425.36773681640625,88.95330810546875,438.7884216308594,118.77854919433594,440.05010986328125,98.77043914794922,425.4235534667969,105.72823333740234,381.13861083984375,134.00680541992188,335.632080078125,179.6754913330078,298.137939453125,203.12257385253906,265.74755859375,232.01080322265625,0
7385,214.71437072753906,148.5072021484375,493.5249938964844,150.46495056152344,470.1238098144531,90.21710205078125,425.3252868652344,88.97943878173828,438.8184509277344,118.82694244384766,440.0471496582031,98.7808837890625,425.48681640625,104.1304931640625,380.70556640625,134.08731079101562,335.61456298828125,179.67027282714844,298.1942443847656,203.0564422607422,265.6451416015625,231.98106384277344,0
7386,214.7338409423828,148.54251098632812,493.5368957519531,150.13136291503906,474.5654602050781,83.86186218261719,429.9555358886719,82.23675537109375,442.6961669921875,111.51588439941406,444.6215515136719,91.6042251586914,429.0030517578125,100.66927337646484,387.9458312988281,128.59654235839844,343.6258850097656,177.78575134277344,307.65130615234375,205.65977478027344,277.33538818359375,241.4812469482422,0
7387,214.735107421875,148.5065155029297,493.5373229980469,150.1183319091797,474.56610107421875,83.86042022705078,429.9427795410156,82.21033477783203,442.6793212890625,111.53203582763672,444.6238098144531,91.58893585205078,429.0204162597656,100.68611145019531,387.9748229980469,128.77481079101562,343.6315612792969,177.79173278808594,307.66583251953125,205.66436767578125,277.19500732421875,241.6603546142578,0
7388,214.5870819091797,148.5927734375,493.7276611328125,150.275634765625,488.0558776855469,69.0850601196289,445.7019958496094,74.25662994384766,460.43341064453125,105.73016357421875,460.4387512207031,82.78970336914062,446.0086364746094,91.7269058227539,401.3076171875,123.722412109375,363.2829895019531,172.0536651611328,328.117919921875,200.0621337890625,284.51971435546875,240.08877563476562,0
7389,214.68411254882812,148.69586181640625,492.9501647949219,150.61817932128906,497.6106262207031,52.97063446044922,451.690185546875,69.25177001953125,475.8653564453125,96.92111206054688,472.2492370605469,74.1915512084961,458.3764953613281,86.80303192138672,418.7664489746094,113.00170135498047,370.6367492675781,155.70916748046875,337.8975524902344,180.0101318359375,312.5089416503906,205.44297790527344,0
7390,214.62330627441406,148.71832275390625,492.9309997558594,150.72161865234375,496.5412292480469,49.00712585449219,450.7568664550781,68.37065124511719,476.4610900878906,93.9961929321289,470.5249328613281,71.80865478515625,458.57049560546875,85.5546875,418.12469482421875,110.05094146728516,371.6958923339844,144.17251586914062,333.4611511230469,162.70188903808594,308.86724853515625,184.8691864013672,0
7391,214.8267822265625,148.65818786621094,493.3359069824219,150.1317138671875,488.2933044433594,43.40957260131836,442.02947998046875,66.57107543945312,469.85601806640625,92.5527114868164,463.7492980957031,68.58592987060547,450.70599365234375,82.51180267333984,418.32867431640625,103.84716796875,376.3999938964844,139.88397216796875,328.58050537109375,154.87229919433594,269.1146240234375,178.36648559570312,0
7392,214.58419799804688,148.6446075439453,493.5541076660156,150.29690551757812,479.10028076171875,40.69724655151367,438.9829406738281,69.95613098144531,469.1904296875,91.5118408203125,460.2414855957031,68.97920989990234,448.91351318359375,84.63984680175781,420.5948791503906,106.5334243774414,387.40423583984375,146.9114227294922,351.80841064453125,167.75599670410156,321.3153076171875,182.2997589111328,0
7393,214.55191040039062,148.63304138183594,493.5192565917969,150.2783203125,479.0657043457031,40.651939392089844,439.0025939941406,69.95448303222656,469.18963623046875,91.51652526855469,460.2426452636719,68.96422576904297,448.9102783203125,84.62783813476562,420.5914001464844,106.54947662353516,387.44146728515625,146.90440368652344,351.292724609375,167.7987518310547,320.5535888671875,182.50857543945312,0
7394,214.49362182617188,148.6480712890625,493.4400329589844,150.36929321289062,476.8905944824219,39.129695892333984,440.12945556640625,72.76109313964844,470.7048034667969,90.36891174316406,460.40283203125,68.36835479736328,450.7209167480469,85.35004425048828,423.44635009765625,110.4978256225586,390.1686706542969,150.36712646484375,356.89727783203125,174.5559539794922,325.0546569824219,192.74853515625,0
7395,214.53794860839844,148.66671752929688,493.4296875,150.42401123046875,475.11444091796875,38.59638977050781,440.6258850097656,76.25495910644531,472.4356994628906,90.24794006347656,460.8468322753906,70.29203796386719,451.9403076171875,87.68421173095703,425.8224792480469,112.64437103271484,392.1534118652344,151.9420166015625,358.20916748046875,178.45777893066406,307.23114013671875,212.736572265625,0
7396,214.56320190429688,148.59263610839844,493.4595642089844,150.3894805908203,475.07769775390625,38.62180709838867,440.6264343261719,76.26720428466797,472.42694091796875,90.23884582519531,460.8489074707031,70.29850769042969,451.9422302246094,87.6775894165039,425.817138671875,112.64412689208984,392.1606140136719,151.9211883544922,358.1451416015625,178.55966186523438,306.8635559082031,213.05230712890625,0
7397,214.4980926513672,148.76010131835938,493.2991943359375,150.4285125732422,475.7156982421875,40.896629333496094,442.24786376953125,76.13026428222656,472.7698059082031,90.88027954101562,461.8891906738281,70.69518280029297,452.93841552734375,87.91648864746094,424.94793701171875,113.02315521240234,392.6797790527344,152.41571044921875,357.1811218261719,178.7696533203125,300.61883544921875,210.93121337890625,0
7398,214.5524139404297,148.86083984375,493.21734619140625,150.33984375,477.8693542480469,39.911067962646484,445.6089172363281,73.32734680175781,472.69732666015625,89.3904037475586,463.4950256347656,70.23601531982422,454.93280029296875,85.98163604736328,425.2516784667969,112.48619842529297,392.3528137207031,153.9737091064453,358.14404296875,181.19140625,302.5327453613281,211.69692993164062,0
7399,214.56307983398438,148.88116455078125,492.9759521484375,150.32644653320312,488.8426513671875,38.008209228515625,455.6634826660156,70.19828796386719,481.585205078125,86.7000961303711,472.33135986328125,66.46043395996094,462.7545471191406,84.17994689941406,428.9468688964844,109.52091217041016,392.8055419921875,153.97744750976562,359.2926025390625,182.22256469726562,304.8283386230469,213.9437255859375,0
7400,214.5788116455078,148.8901824951172,492.9698486328125,150.33584594726562,488.8468017578125,38.00193405151367,455.6682434082031,70.17549133300781,481.5877380371094,86.69612121582031,472.33111572265625,66.45339965820312,462.7596130371094,84.16753387451172,428.8354187011719,109.67042541503906,392.79071044921875,153.98123168945312,359.30413818359375,182.25311279296875,306.9938659667969,211.59085083007812,0
7401,214.61537170410156,148.7675018310547,493.05615234375,150.43675231933594,489.3569641113281,37.78177261352539,456.35662841796875,70.48307037353516,482.9505310058594,86.3668441772461,473.2386779785156,66.19480895996094,463.8403625488281,83.96893310546875,429.6081237792969,108.87347412109375,393.59259033203125,152.6345672607422,359.8454895019531,180.0859832763672,306.2044372558594,206.80723571777344,0
7402,214.58641052246094,148.813232421875,493.05865478515625,150.30032348632812,492.0318298339844,37.79057693481445,458.7113037109375,69.83258819580078,485.052978515625,86.57740020751953,475.8005676269531,66.23135375976562,466.05426025390625,82.95207977294922,431.3042297363281,108.41058349609375,394.22650146484375,151.37362670898438,360.0466613769531,178.48919677734375,307.2396545410156,204.71543884277344,0
7403,214.53268432617188,148.84095764160156,493.0104675292969,150.38558959960938,494.9393005371094,38.77330780029297,462.5370788574219,68.17049407958984,486.77459716796875,86.48054504394531,478.3350830078125,66.2047348022461,468.56378173828125,81.83306884765625,431.8680725097656,106.74000549316406,395.0931091308594,151.42091369628906,360.6502990722656,179.83750915527344,307.17926025390625,209.3159942626953,0
7404,214.56378173828125,148.83554077148438,493.0952453613281,150.35494995117188,497.30743408203125,38.91385269165039,465.41162109375,67.76870727539062,488.9494323730469,85.63731384277344,479.8968811035156,65.7298583984375,470.0643005371094,81.03064727783203,432.393310546875,106.20793151855469,394.7145080566406,151.3782958984375,360.93292236328125,179.5470428466797,311.4390563964844,206.709716796875,0
7405,214.49481201171875,148.8227996826172,493.0510559082031,150.3040008544922,499.0840759277344,39.75183868408203,463.8542785644531,67.64029693603516,488.8758850097656,85.54229736328125,479.95916748046875,65.64340209960938,469.82904052734375,80.60980224609375,432.00982666015625,105.90445709228516,395.2959289550781,150.80093383789062,361.502685546875,177.2660369873047,312.9191589355469,201.17071533203125,0
7406,214.5251922607422,148.8899383544922,493.2338562011719,150.2994842529297,506.9375,39.6525764465332,468.337158203125,66.12297058105469,490.47332763671875,86.19879913330078,485.04962158203125,65.60253143310547,473.05133056640625,78.58319854736328,434.9529113769531,104.4646987915039,395.39410400390625,148.90428161621094,360.6416931152344,173.45852661132812,309.2428283691406,197.3315887451172,0
7407,214.48385620117188,148.80111694335938,493.1513977050781,150.2373504638672,510.4947204589844,40.060455322265625,469.7253112792969,66.763671875,492.1621398925781,86.49385070800781,486.2601318359375,64.74287414550781,474.0808410644531,79.99618530273438,435.2115173339844,103.5056381225586,395.404052734375,147.37222290039062,359.794189453125,171.82247924804688,308.30267333984375,192.98562622070312,0
7408,214.48330688476562,148.8225860595703,493.1105041503906,150.17416381835938,509.8145446777344,39.94870376586914,470.12841796875,66.60613250732422,492.2014465332031,86.4612808227539,486.67510986328125,64.5949478149414,474.57244873046875,78.62487030029297,435.3751525878906,103.36225891113281,395.478271484375,147.2868194580078,359.5577697753906,170.9958038330078,308.4075927734375,192.92498779296875,0
7409,214.44122314453125,148.9212646484375,493.2051696777344,150.21685791015625,515.1148681640625,41.08290100097656,473.150390625,66.53033447265625,495.04949951171875,86.63552856445312,490.4308776855469,64.69892883300781,477.73040771484375,78.22669219970703,436.5167236328125,101.10017395019531,396.7494201660156,144.9246368408203,359.94049072265625,170.03292846679688,306.9039611816406,189.8934783935547,0
7410,214.50181579589844,148.8650665283203,493.272216796875,150.29205322265625,520.3508911132812,40.39141845703125,477.2491760253906,67.39347839355469,500.32696533203125,87.0880126953125,494.2176513671875,65.75183868408203,481.2216491699219,79.04695892333984,439.03778076171875,97.47087860107422,399.2666015625,142.17294311523438,362.156005859375,167.7388153076172,311.0955810546875,186.6177978515625,0
7411,214.51815795898438,148.804931640625,493.390380859375,150.61265563964844,523.6632690429688,41.95824432373047,482.5460205078125,70.37489318847656,505.9737243652344,88.77617645263672,499.5072326660156,69.30686950683594,486.86029052734375,82.31298065185547,444.7731018066406,95.02193450927734,413.984375,139.6304473876953,369.4827880859375,158.20779418945312,318.7728271484375,154.9749298095703,0
7412,214.50607299804688,148.82359313964844,493.47210693359375,150.6114044189453,523.6193237304688,42.021541595458984,482.5699462890625,70.38117218017578,505.97454833984375,88.77721405029297,499.47869873046875,69.34606170654297,486.863525390625,82.32827758789062,444.7705993652344,95.0855712890625,413.988525390625,139.63088989257812,369.4453125,158.21417236328125,318.8493957519531,155.002685546875,0
7413,214.54493713378906,148.81910705566406,493.63037109375,150.8148193359375,523.4563598632812,46.62673568725586,481.4629211425781,72.16915130615234,504.2642822265625,91.10778045654297,498.6341247558594,71.88275146484375,486.1087646484375,84.18592071533203,445.9338073730469,99.69750213623047,419.4808044433594,139.91604614257812,388.83746337890625,166.09429931640625,351.5539245605469,169.60159301757812,0
7414,214.57542419433594,148.9415740966797,493.6080627441406,150.9609832763672,516.2879028320312,45.373355865478516,474.712890625,75.50837707519531,504.3147888183594,91.51944732666016,495.5936584472656,72.21791076660156,484.6145324707031,87.3116226196289,451.6578369140625,102.28693389892578,424.0452575683594,138.86923217773438,396.75225830078125,172.2221221923828,341.4661560058594,191.63638305664062,0
7415,214.49905395507812,148.94093322753906,493.4683837890625,150.95132446289062,514.2352905273438,44.395896911621094,472.55462646484375,73.98040771484375,503.6884460449219,91.45610809326172,494.4580993652344,71.51890563964844,483.1283264160156,87.18350982666016,452.28033447265625,103.20958709716797,425.06854248046875,136.96258544921875,398.5211486816406,169.6381072998047,349.76708984375,186.77536010742188,0
7416,214.3324432373047,148.8946075439453,493.5155334472656,149.9094696044922,515.6835327148438,49.69083786010742,472.314697265625,78.88473510742188,502.8139343261719,97.78369140625,494.0136413574219,75.62947082519531,483.0478515625,89.21172332763672,454.5527038574219,104.69059753417969,428.52044677734375,134.367919921875,403.25958251953125,169.40797424316406,355.55596923828125,190.0581512451172,0
7417,214.3285369873047,148.894775390625,493.4812316894531,149.9221649169922,515.6885986328125,49.69081115722656,472.4112548828125,78.86416625976562,502.7998046875,97.75060272216797,494.0257568359375,75.6065902709961,483.0198059082031,89.19110870361328,454.52032470703125,104.63111114501953,428.4737243652344,134.42196655273438,403.23321533203125,169.43667602539062,355.5311584472656,190.06857299804688,0
7418,214.31222534179688,148.76954650878906,493.5111389160156,149.7550811767578,516.1864013671875,53.84428405761719,471.5699157714844,82.9284439086914,502.87689208984375,101.14336395263672,492.65838623046875,78.64044952392578,481.79364013671875,92.14757537841797,451.8902587890625,105.53296661376953,430.96490478515625,133.38702392578125,409.4125061035156,170.60418701171875,366.3315734863281,199.74485778808594,0
7419,214.32028198242188,148.69754028320312,494.9359130859375,149.410888671875,510.2367858886719,68.17278289794922,466.31683349609375,94.355224609375,497.2615661621094,106.2568359375,487.28521728515625,87.74871826171875,479.477294921875,100.3744125366211,454.108642578125,109.77243041992188,433.2193603515625,135.2646026611328,418.62786865234375,173.92059326171875,400.6750793457031,205.25759887695312,0
7420,214.2498321533203,148.87435913085938,494.6014099121094,150.8293914794922,507.60015869140625,73.61923217773438,461.98846435546875,99.12108612060547,493.8212890625,111.09869384765625,483.4621276855469,92.85397338867188,473.16632080078125,104.17582702636719,448.5328674316406,111.1944808959961,433.6564025878906,135.16299438476562,422.2471618652344,175.34938049316406,407.6711120605469,210.5636749267578,0
7421,214.38754272460938,148.9279327392578,494.0946044921875,151.3748321533203,504.36138916015625,80.06265258789062,456.16705322265625,99.35726928710938,487.58685302734375,110.95027160644531,479.7198791503906,98.8358383178711,471.2376403808594,107.05947875976562,448.5206604003906,111.02359008789062,433.06402587890625,136.3477783203125,420.1131896972656,192.98680114746094,396.4576721191406,251.95130920410156,0
7422,214.28663635253906,148.9064178466797,494.6478271484375,151.6726837158203,497.6068115234375,85.19059753417969,454.97998046875,101.75437927246094,484.3277893066406,116.58503723144531,471.27923583984375,103.85494995117188,466.52740478515625,113.17849731445312,448.5037536621094,113.29898071289062,434.14605712890625,137.09507751464844,420.5389709472656,191.91751098632812,395.9529724121094,252.8852081298828,0
7423,214.2378692626953,148.76902770996094,494.5730285644531,151.85433959960938,497.6775207519531,85.16429138183594,455.23797607421875,101.65034484863281,484.2854309082031,116.54753112792969,471.2101135253906,103.85295104980469,466.4356384277344,113.29574584960938,448.52008056640625,113.21276092529297,434.0920104980469,137.2369842529297,420.50140380859375,191.75668334960938,395.90704345703125,252.58645629882812,0
7424,214.49778747558594,148.76202392578125,494.4950866699219,151.28526306152344,413.9900817871094,100.15738677978516,449.2314147949219,112.3321533203125,482.18853759765625,125.31947326660156,470.1124572753906,108.14922332763672,464.8409423828125,117.59720611572266,456.7713317871094,113.86712646484375,436.87750244140625,136.7161865234375,422.1217041015625,189.49029541015625,395.3846435546875,252.0034637451172,0
7425,214.3755645751953,148.77310180664062,494.60986328125,151.35848999023438,413.0581359863281,100.17264556884766,449.59332275390625,111.5760726928711,482.0455627441406,126.70449829101562,470.06512451171875,108.74844360351562,464.5213623046875,118.92081451416016,447.484130859375,120.40109252929688,436.4593200683594,137.52598571777344,421.5022888183594,190.3744354248047,394.82940673828125,252.1005096435547,0
7426,214.30470275878906,148.66622924804688,493.76104736328125,151.7485809326172,489.67877197265625,84.83912658691406,449.8826904296875,110.63583374023438,481.8807067871094,123.47008514404297,469.4424743652344,104.92223358154297,463.75701904296875,118.06360626220703,449.394287109375,122.4950180053711,434.9920959472656,139.5512237548828,419.78814697265625,195.83084106445312,392.2821044921875,256.2138366699219,0
7427,214.2759552001953,148.60812377929688,493.9055480957031,152.24412536621094,488.60205078125,80.87815856933594,449.6426086425781,108.12703704833984,481.33990478515625,119.80249786376953,469.6376953125,102.36860656738281,462.94854736328125,115.75347137451172,445.6631774902344,123.1438980102539,432.4253234863281,142.2464141845703,419.4564208984375,195.93968200683594,391.4286193847656,257.3411865234375,0
7428,214.1742706298828,148.7421875,494.2372131347656,152.60830688476562,482.8610534667969,74.76424407958984,449.07452392578125,107.78984832763672,483.29412841796875,117.71052551269531,468.1028747558594,99.86122131347656,462.6574401855469,114.194580078125,446.2143249511719,123.94922637939453,432.17205810546875,142.23426818847656,419.2055969238281,197.875732421875,391.53326416015625,257.19000244140625,0
7429,214.1801300048828,148.7080535888672,493.9761657714844,151.05665588378906,466.2912902832031,69.98538208007812,439.96173095703125,107.67745971679688,481.47918701171875,108.48995208740234,462.2237854003906,93.32662963867188,461.6152648925781,108.12137603759766,445.7369689941406,124.8347396850586,431.7315368652344,142.97799682617188,418.84332275390625,198.9673309326172,391.55548095703125,257.35455322265625,0
7430,214.1212615966797,148.75265502929688,494.0494384765625,150.78717041015625,442.0316467285156,53.060367584228516,426.8962707519531,97.40862274169922,468.1111145019531,94.83039093017578,446.7464904785156,80.51603698730469,446.79998779296875,95.68547058105469,441.92413330078125,118.70088195800781,431.1233215332031,144.3017120361328,418.0721130371094,201.18185424804688,391.7222900390625,260.7423400878906,0
7431,214.12490844726562,148.76478576660156,494.0477294921875,150.76609802246094,442.034423828125,53.06124496459961,426.93585205078125,97.3397445678711,468.14556884765625,94.77595520019531,446.7276306152344,80.45209503173828,446.80633544921875,95.5804672241211,442.07574462890625,118.66632080078125,431.1333923339844,144.2678680419922,418.0694580078125,201.218505859375,391.7555236816406,260.75958251953125,0
7432,214.16310119628906,148.6662139892578,494.4482116699219,150.63954162597656,423.827392578125,45.82758331298828,419.8306579589844,93.7502670288086,462.187744140625,91.38426971435547,438.3476257324219,77.74116516113281,440.3016357421875,92.44432067871094,439.2021789550781,115.9586410522461,432.1919250488281,144.82481384277344,417.6641540527344,200.00863647460938,392.23052978515625,260.5137023925781,0
7433,214.31715393066406,148.65386962890625,493.9442138671875,150.564208984375,419.54193115234375,40.36673355102539,413.9754943847656,90.53756713867188,454.3197937011719,87.5140151977539,431.98809814453125,72.33597564697266,432.75970458984375,89.54121398925781,438.0636291503906,112.37590026855469,431.2998962402344,142.5043487548828,416.8658447265625,195.66575622558594,393.54986572265625,257.9883728027344,0
7434,214.2996063232422,148.56497192382812,493.9606018066406,150.67831420898438,417.9051513671875,40.85110092163086,411.7590637207031,91.07569122314453,452.1986999511719,87.75116729736328,428.96209716796875,73.51165771484375,430.8577575683594,90.0377426147461,437.2036437988281,112.14697265625,431.3720397949219,141.0736083984375,416.789794921875,194.22659301757812,394.013427734375,256.8484802246094,0
7435,214.33839416503906,148.70608520507812,493.8104248046875,150.55921936035156,410.55853271484375,46.813419342041016,400.69805908203125,96.71083068847656,440.9954833984375,91.2769775390625,414.9926452636719,80.06079864501953,420.93280029296875,95.47655487060547,433.0494689941406,114.82891082763672,431.46759033203125,139.7180938720703,417.3962707519531,188.809814453125,394.2475280761719,257.8799743652344,0
7436,214.35328674316406,148.6869659423828,493.8236999511719,150.57662963867188,410.5627746582031,46.78868103027344,400.7165222167969,96.7077407836914,440.982666015625,91.28093719482422,414.98883056640625,80.05825805664062,420.9511413574219,95.49781036376953,433.07354736328125,114.8370590209961,431.4817810058594,139.71466064453125,417.364990234375,188.7904052734375,394.2591857910156,257.8564758300781,0
7437,214.43966674804688,148.5672607421875,493.7994689941406,151.05014038085938,401.63946533203125,51.019195556640625,396.90118408203125,100.27816772460938,436.71893310546875,94.52130889892578,408.806640625,82.01863861083984,415.5128479003906,97.86087036132812,433.2997741699219,116.06563568115234,431.2984619140625,141.5169219970703,416.7734680175781,192.07958984375,394.2577209472656,257.8910827636719,0
7438,214.32838439941406,148.64427185058594,494.109375,150.84547424316406,378.40155029296875,48.59000778198242,385.6502990722656,100.73058319091797,414.88958740234375,86.00624084472656,391.9769592285156,79.03218078613281,400.8161926269531,95.2372817993164,432.9609375,114.01234436035156,432.7952575683594,145.87078857421875,416.48797607421875,195.84861755371094,394.16973876953125,264.977783203125,0
7439,214.2565155029297,148.59156799316406,494.3430480957031,150.81430053710938,367.7086486816406,41.80421447753906,375.0562744140625,93.7610092163086,401.80084228515625,78.95142364501953,382.0268249511719,72.67169952392578,389.9137268066406,89.87289428710938,428.230712890625,110.47077178955078,433.675537109375,147.51344299316406,416.08544921875,198.56277465820312,394.8022155761719,265.2235412597656,0
7440,214.33993530273438,148.49322509765625,494.3034362792969,150.95413208007812,354.93280029296875,41.028377532958984,362.70208740234375,90.497314453125,388.1130065917969,74.5832290649414,366.7207946777344,71.14437866210938,375.737060546875,85.90925598144531,422.6462097167969,107.20722198486328,436.2088317871094,148.9415740966797,416.5546569824219,198.78402709960938,394.7000732421875,266.6955871582031,0
7441,214.3695068359375,148.55699157714844,493.83563232421875,150.7820587158203,348.66278076171875,40.92283248901367,357.6263427734375,90.75041961669922,381.4139404296875,74.6559829711914,362.3027648925781,69.82386016845703,371.08441162109375,85.3373794555664,419.4198303222656,106.16606903076172,436.50323486328125,149.1807098388672,416.56768798828125,198.97996520996094,395.0098571777344,266.5446472167969,0
7442,214.3932342529297,148.40614318847656,493.82684326171875,150.93966674804688,348.62237548828125,40.86061096191406,357.6251525878906,90.73456573486328,381.4498291015625,74.60808563232422,362.29779052734375,69.82026672363281,371.1246643066406,85.33334350585938,419.4391784667969,106.38355255126953,436.5184326171875,149.12733459472656,416.6338806152344,198.93833923339844,395.12091064453125,266.77313232421875,0
7443,214.3944091796875,148.53369140625,493.8936462402344,150.85003662109375,339.3178405761719,41.65703582763672,350.4772033691406,90.09703063964844,373.7099914550781,72.75703430175781,352.75262451171875,69.72958374023438,363.4471740722656,84.12478637695312,415.0452575683594,103.33160400390625,436.6980895996094,147.24331665039062,417.3849182128906,198.0091552734375,395.2256774902344,265.4679260253906,0
7444,214.5529327392578,148.44903564453125,493.7372131347656,150.53746032714844,315.5453186035156,40.55760955810547,329.980712890625,87.7383041381836,353.1349792480469,68.66661834716797,332.4553527832031,65.92737579345703,343.49884033203125,79.21226501464844,402.3916931152344,95.9094009399414,436.23828125,139.76368713378906,428.3226013183594,185.46495056152344,400.4580383300781,254.5655975341797,0
7445,214.51620483398438,148.43630981445312,493.7023010253906,149.96194458007812,301.9104309082031,41.32820129394531,313.40386962890625,88.73426055908203,339.16058349609375,70.5488510131836,317.64642333984375,67.17823028564453,328.564697265625,81.96903991699219,378.291259765625,95.91020965576172,419.7984619140625,135.41859436035156,425.93511962890625,186.4148712158203,413.6814270019531,242.95359802246094,0
7446,214.5119171142578,148.4391326904297,493.5601806640625,149.9662322998047,301.9154052734375,41.33938217163086,313.4055480957031,88.75140380859375,339.2127990722656,70.50708770751953,317.6639404296875,67.1712417602539,328.63134765625,82.02873992919922,378.7256774902344,96.02162170410156,419.9173583984375,135.48519897460938,425.92510986328125,186.44219970703125,413.71954345703125,242.77810668945312,0
7447,214.53184509277344,148.45265197753906,493.1873474121094,149.98255920410156,297.22674560546875,42.32559585571289,307.6500244140625,90.35651397705078,334.7900695800781,73.30191040039062,312.7674865722656,69.90837860107422,323.17779541015625,84.58708190917969,372.2229919433594,98.26176452636719,412.65167236328125,134.77549743652344,420.4650573730469,191.4700164794922,408.32470703125,252.8732452392578,0
7448,214.46824645996094,148.43740844726562,493.1199645996094,149.91622924804688,286.625732421875,49.71615219116211,303.5191345214844,93.81494140625,325.02850341796875,72.45986938476562,303.94384765625,72.0826644897461,316.8104553222656,85.67586517333984,369.19464111328125,97.78480529785156,409.447509765625,135.80856323242188,416.81072998046875,185.4293212890625,408.9848937988281,244.00735473632812,0
7449,214.36874389648438,148.40049743652344,493.1236877441406,150.1283416748047,279.9563903808594,46.30237579345703,296.9393615722656,90.15975952148438,318.2027893066406,68.78221130371094,296.61334228515625,67.72898864746094,309.94403076171875,81.6767349243164,364.096435546875,93.73945617675781,410.29705810546875,130.8579864501953,416.6815185546875,184.55123901367188,403.7508544921875,250.04209899902344,0
7450,214.38604736328125,148.52389526367188,493.16204833984375,149.96224975585938,262.6147766113281,43.24140930175781,278.63482666015625,86.85568237304688,300.0458679199219,66.19181823730469,278.7798767089844,65.02272033691406,291.4891357421875,78.77327728271484,348.19586181640625,87.46862030029297,398.4369201660156,118.60099029541016,414.0621643066406,171.73226928710938,404.228759765625,242.2872772216797,0
7451,214.35302734375,148.5256805419922,493.1675720214844,149.9626922607422,262.6073913574219,43.244998931884766,278.599853515625,86.82978820800781,300.0757141113281,66.22868347167969,278.7510986328125,65.00956726074219,291.3995361328125,78.75286865234375,348.04254150390625,87.58330535888672,398.451171875,118.5866470336914,414.0538024902344,171.73074340820312,404.2466125488281,242.27203369140625,0
7452,214.2905731201172,148.35691833496094,493.1341857910156,149.9571990966797,253.1764678955078,42.65390396118164,269.0201721191406,87.66732025146484,291.89007568359375,66.56266021728516,269.979248046875,65.69189453125,282.6528015136719,79.46141815185547,337.27154541015625,89.87562561035156,385.09429931640625,120.0146713256836,408.7024841308594,175.237548828125,406.7784118652344,243.18112182617188,0
7453,214.42129516601562,148.23995971679688,493.2616882324219,150.12521362304688,242.90359497070312,43.81645202636719,257.1670837402344,90.69287872314453,280.6861877441406,71.43443298339844,258.39434814453125,69.11524963378906,271.0706481933594,83.00082397460938,323.2075500488281,94.37748718261719,369.69464111328125,127.01637268066406,382.2417907714844,170.04710388183594,386.8538513183594,208.2736053466797,0
7454,214.5938262939453,148.189697265625,493.29486083984375,150.02450561523438,238.08505249023438,43.38373947143555,253.40805053710938,89.79693603515625,275.608154296875,72.05821990966797,253.99395751953125,69.0726547241211,266.0631103515625,83.42911529541016,318.22442626953125,94.33625030517578,366.6457214355469,126.68485260009766,376.7052001953125,175.5421600341797,380.6363830566406,222.5079803466797,0
7455,214.4098663330078,148.28956604003906,493.2831726074219,149.9635772705078,226.09715270996094,42.83918762207031,241.36407470703125,87.8509750366211,264.8974914550781,68.82859802246094,242.5303192138672,66.25928497314453,254.53358459472656,79.60693359375,309.91534423828125,89.06885528564453,362.37969970703125,119.01018524169922,370.3243408203125,169.92025756835938,378.9009094238281,236.15838623046875,0
7456,214.41139221191406,148.2532501220703,493.2999267578125,149.95303344726562,226.10665893554688,42.837039947509766,241.3733673095703,87.8536376953125,264.8826599121094,68.82809448242188,242.5299072265625,66.26303100585938,254.52365112304688,79.6176528930664,309.92724609375,89.07041931152344,362.3830261230469,119.00959014892578,370.3222961425781,169.90968322753906,378.9078369140625,236.17910766601562,0
7457,214.42996215820312,148.25831604003906,493.2559814453125,149.84182739257812,218.99391174316406,42.7910041809082,235.31919860839844,88.3515625,255.74159240722656,66.54324340820312,236.0822296142578,65.7972183227539,247.970703125,79.55241394042969,305.781494140625,87.01821899414062,362.1650390625,109.77542877197266,374.12530517578125,157.44784545898438,375.5117492675781,206.27389526367188,0
7458,214.0121307373047,148.1141815185547,493.21905517578125,149.88223266601562,205.7941436767578,42.08220672607422,219.95652770996094,88.91716766357422,239.1568145751953,67.90498352050781,221.26296997070312,66.30323791503906,232.12057495117188,80.22850036621094,288.7106018066406,83.06265258789062,349.3672180175781,94.57832336425781,376.0697937011719,141.8620147705078,396.1060485839844,206.1600799560547,0
7459,213.73873901367188,148.22276306152344,493.30657958984375,149.88807678222656,202.3761444091797,41.49984359741211,215.1140899658203,89.49162292480469,235.87313842773438,68.88859558105469,216.3168487548828,66.95137023925781,226.8049774169922,80.70269775390625,281.2733154296875,81.45327758789062,339.2206115722656,90.5950927734375,370.5132141113281,133.91876220703125,385.0837707519531,181.6147918701172,0
7460,213.84173583984375,148.2891845703125,493.201904296875,149.78790283203125,209.59249877929688,41.63313293457031,214.88731384277344,90.74913024902344,241.39697265625,77.6516342163086,220.9624481201172,71.01534271240234,230.01161193847656,87.5166015625,279.71563720703125,85.5040283203125,329.57366943359375,90.141845703125,367.5472717285156,138.7947998046875,395.00323486328125,194.0150604248047,0
7461,213.79014587402344,148.18353271484375,493.232421875,149.8795623779297,211.8279571533203,42.11560821533203,216.59376525878906,90.59774780273438,243.1296844482422,78.03557586669922,222.51828002929688,71.85260772705078,232.1722412109375,87.6773910522461,281.088623046875,88.0727767944336,331.4718933105469,90.37786865234375,369.48052978515625,137.83045959472656,395.51153564453125,194.08489990234375,0
7462,213.81150817871094,148.16754150390625,493.22003173828125,149.8868408203125,211.8356475830078,42.16143035888672,216.59945678710938,90.58415222167969,243.14012145996094,78.03044128417969,222.51657104492188,71.85317993164062,232.1754150390625,87.68173217773438,281.1040954589844,88.05646514892578,331.6069030761719,90.33936309814453,369.4435729980469,137.8723907470703,395.4887390136719,194.06883239746094,0
7463,214.04971313476562,148.27487182617188,493.2430114746094,149.86766052246094,214.03150939941406,42.77363586425781,217.24131774902344,90.94122314453125,246.03726196289062,78.7505874633789,224.2720947265625,71.00330352783203,231.83570861816406,86.75590515136719,281.6376953125,88.85002136230469,330.65972900390625,91.1565170288086,368.4847412109375,138.07110595703125,394.81756591796875,193.5878143310547,0
7464,214.13327026367188,148.24266052246094,493.134033203125,149.94761657714844,216.49346923828125,40.743873596191406,219.23085021972656,91.36480712890625,250.0965576171875,79.84241485595703,226.2767333984375,72.50081634521484,235.10443115234375,87.97381591796875,282.3046875,90.13445281982422,329.4259033203125,90.27767944335938,367.6234436035156,138.71128845214844,395.2936706542969,195.51742553710938,0
7465,213.9095916748047,148.39353942871094,493.157958984375,149.8691864013672,227.53887939453125,42.05498123168945,220.86474609375,91.60148620605469,253.97991943359375,83.43894958496094,230.5924530029297,73.9981460571289,237.76065063476562,89.66542053222656,282.85760498046875,91.6924057006836,326.9007568359375,89.59571838378906,365.2769775390625,138.9936065673828,394.8780517578125,194.31919860839844,0
7466,213.91494750976562,148.39015197753906,493.13812255859375,149.8780517578125,227.5386199951172,42.05318069458008,220.8646240234375,91.60110473632812,253.97789001464844,83.44475555419922,230.58721923828125,73.9995346069336,237.76507568359375,89.66973876953125,282.9002685546875,91.6806640625,326.9124450683594,89.66291809082031,365.3003845214844,139.00668334960938,394.88128662109375,194.32778930664062,0
7467,213.92332458496094,148.42054748535156,493.0731201171875,149.9538116455078,222.71682739257812,41.95281219482422,220.5745849609375,91.19703674316406,253.4920196533203,82.4369125366211,230.01402282714844,73.71955108642578,237.3986358642578,89.20490264892578,281.7470703125,91.27405548095703,326.2234802246094,89.3843765258789,364.42333984375,139.6031494140625,394.00152587890625,193.16668701171875,0
7468,213.98866271972656,148.38815307617188,493.0588684082031,150.16993713378906,216.38607788085938,40.37108612060547,216.3461456298828,89.63532257080078,249.33877563476562,81.56950378417969,225.64854431152344,71.3503646850586,231.97264099121094,87.46351623535156,279.5174560546875,91.03782653808594,325.2908020019531,90.26581573486328,364.6591796875,141.29067993164062,394.49346923828125,194.06011962890625,0
7469,213.83999633789062,148.29966735839844,493.0865783691406,150.1328582763672,212.9405517578125,41.936851501464844,212.75537109375,89.10913848876953,245.64544677734375,81.1524658203125,222.50991821289062,72.42100524902344,230.8072509765625,87.54035949707031,279.64581298828125,90.67053985595703,324.7305603027344,90.24787902832031,363.53955078125,141.31971740722656,394.0492248535156,194.12586975097656,0
7470,214.07473754882812,148.34471130371094,493.1133728027344,150.0245819091797,203.3479766845703,41.90188217163086,207.23081970214844,91.29273223876953,242.01205444335938,79.73490142822266,217.0243682861328,71.97317504882812,224.53709411621094,87.74799346923828,275.09814453125,88.32982635498047,323.08251953125,90.17144775390625,359.60272216796875,140.60562133789062,391.2962341308594,193.14456176757812,0
7471,214.10964965820312,148.315673828125,493.09442138671875,150.06100463867188,203.34219360351562,41.89735412597656,207.23727416992188,91.29377746582031,242.01699829101562,79.73119354248047,217.03076171875,71.96684265136719,224.54803466796875,87.74954223632812,275.1195983886719,88.31373596191406,323.0939025878906,90.18799591064453,359.5998229980469,140.60459899902344,391.2919921875,193.14706420898438,0
7472,214.09747314453125,148.19247436523438,493.10601806640625,149.90609741210938,199.2450714111328,42.24180221557617,203.2991485595703,90.76078796386719,235.96017456054688,79.87094116210938,211.70082092285156,72.24765014648438,220.03797912597656,86.46786499023438,273.48980712890625,85.1890869140625,322.3846740722656,90.10966491699219,358.6168212890625,140.37864685058594,389.4111328125,191.7571563720703,0
7473,214.2617950439453,148.1671142578125,492.9780578613281,150.015625,187.62193298339844,41.90865707397461,192.93402099609375,91.49932098388672,225.02389526367188,81.51698303222656,202.56524658203125,71.66852569580078,209.92413330078125,87.21418762207031,265.84869384765625,80.86001586914062,318.1002502441406,87.45569610595703,355.3385314941406,137.03900146484375,387.1441345214844,186.97772216796875,0
7474,214.36520385742188,147.94850158691406,493.0677795410156,149.91415405273438,185.1844482421875,42.22808074951172,190.64346313476562,91.92776489257812,225.21156311035156,80.05561828613281,199.93321228027344,72.4807357788086,208.01632690429688,87.8690185546875,265.6416015625,80.71400451660156,315.0040283203125,89.15754699707031,351.2272033691406,137.83900451660156,385.0658874511719,184.26947021484375,0
7475,214.60202026367188,147.99867248535156,493.16339111328125,149.8269805908203,183.7700653076172,41.127437591552734,188.51547241210938,91.96971130371094,222.92947387695312,81.21508026123047,197.17257690429688,73.27912902832031,205.1295623779297,87.9081802368164,261.38433837890625,80.4881820678711,306.4539489746094,91.25376892089844,338.8473205566406,140.98202514648438,372.3255920410156,183.9718475341797,0
7476,214.5910186767578,147.99774169921875,493.1633605957031,149.82589721679688,183.7714080810547,41.129329681396484,188.51988220214844,91.97195434570312,222.91822814941406,81.20405578613281,197.16567993164062,73.28157043457031,205.1293182373047,87.91278839111328,261.39019775390625,80.56610107421875,306.4546813964844,91.2568588256836,338.84613037109375,140.98106384277344,372.3228759765625,183.9704132080078,0
7477,214.53025817871094,148.18943786621094,493.0851745605469,149.83743286132812,184.4333038330078,43.368309020996094,188.30038452148438,93.60336303710938,223.40264892578125,82.77664947509766,197.70062255859375,75.18993377685547,205.3466796875,88.86327362060547,261.4592590332031,80.21088409423828,304.1837158203125,92.32332611083984,333.08551025390625,142.07179260253906,364.6379699707031,189.40594482421875,0
7478,213.35983276367188,148.7275390625,493.0650939941406,149.79425048828125,192.60894775390625,42.65522384643555,192.7234649658203,92.43836212158203,229.503173828125,86.43536376953125,206.7141876220703,75.9942626953125,211.3577880859375,89.47090148925781,264.78814697265625,79.25868225097656,304.0380554199219,96.00208282470703,328.24114990234375,148.30471801757812,359.43731689453125,198.0962371826172,0
7479,213.46841430664062,148.4419403076172,493.04315185546875,149.7190399169922,199.42022705078125,48.176231384277344,195.87928771972656,90.19220733642578,234.91990661621094,86.19373321533203,210.3590545654297,74.35317993164062,215.50912475585938,88.7157211303711,264.45623779296875,79.55625915527344,303.05218505859375,97.11750030517578,326.0656433105469,148.9268341064453,354.9564208984375,200.9517059326172,0
7480,213.52865600585938,148.5298614501953,493.44317626953125,149.7893524169922,205.6698760986328,49.39140319824219,201.61419677734375,90.45003509521484,242.83778381347656,86.50086975097656,214.58889770507812,72.7738037109375,219.67050170898438,85.60453033447266,263.58148193359375,80.01852416992188,298.22772216796875,97.12726593017578,318.7380676269531,151.19631958007812,346.5474853515625,202.29881286621094,0
7481,213.55490112304688,148.51292419433594,493.47833251953125,149.8258514404297,205.6768798828125,49.41263961791992,201.611572265625,90.42627716064453,242.849609375,86.44721984863281,214.5699462890625,72.78173828125,219.67520141601562,85.61579895019531,263.6178283691406,80.03445434570312,298.2211608886719,97.1131820678711,318.7412109375,151.19102478027344,346.5455017089844,202.2991943359375,0
7482,213.4927215576172,148.6182403564453,493.3727722167969,149.8323516845703,198.20484924316406,45.98190689086914,201.96392822265625,89.76685333251953,240.69447326660156,87.978515625,215.61077880859375,72.56324005126953,220.21286010742188,84.78102111816406,262.46112060546875,80.02127075195312,297.09521484375,98.8648681640625,313.33709716796875,148.7401123046875,334.08026123046875,193.47723388671875,0
7483,213.95846557617188,147.70249938964844,493.33111572265625,149.80740356445312,196.12713623046875,47.430973052978516,207.88853454589844,90.11787414550781,248.78138732910156,90.30953216552734,220.07525634765625,71.59660339355469,226.7935028076172,84.30390930175781,264.2475891113281,78.00619506835938,293.796630859375,98.79820251464844,306.9190979003906,150.96986389160156,322.589599609375,202.30477905273438,0
7484,214.02639770507812,147.91795349121094,493.2508544921875,149.84593200683594,197.01454162597656,47.53535461425781,210.48728942871094,91.0943832397461,251.7666473388672,90.64755249023438,224.4508514404297,71.36909484863281,229.9989013671875,85.88435363769531,271.2220153808594,78.55062103271484,290.87615966796875,99.67626953125,302.2808837890625,147.0194549560547,322.7013854980469,208.6748504638672,0
7485,213.5070037841797,148.86114501953125,493.2176513671875,149.95828247070312,219.86256408691406,51.44350051879883,213.32904052734375,88.99992370605469,254.66738891601562,89.83264923095703,225.62261962890625,70.72457122802734,231.63662719726562,84.38172912597656,271.27471923828125,80.69075012207031,288.8955993652344,101.39495086669922,297.5559997558594,141.3271484375,305.7253112792969,180.11915588378906,0
7486,213.50364685058594,148.86521911621094,493.22650146484375,149.91873168945312,219.8561553955078,51.385650634765625,213.33131408691406,88.99396514892578,254.66241455078125,89.81222534179688,225.58592224121094,70.69033813476562,231.66131591796875,84.4106216430664,271.27069091796875,80.65185546875,288.8725891113281,101.37216186523438,297.5221862792969,141.28440856933594,305.7222595214844,180.10986328125,0
7487,213.6474609375,148.71466064453125,493.27423095703125,149.82675170898438,207.01734924316406,48.5976448059082,214.52261352539062,88.47197723388672,255.44886779785156,89.71473693847656,227.5072784423828,70.48292541503906,233.55738830566406,83.33988952636719,270.7139587402344,81.826171875,287.2013244628906,104.01951599121094,294.5280456542969,145.33880615234375,298.56597900390625,189.22564697265625,0
7488,214.106201171875,147.76803588867188,493.27520751953125,149.86166381835938,289.52337646484375,45.99260330200195,219.44078063964844,84.95423889160156,263.8105163574219,88.36150360107422,223.2166748046875,65.7666015625,237.38092041015625,77.02127838134766,271.1561279296875,80.81097412109375,280.18145751953125,100.4062728881836,285.2474365234375,142.40335083007812,288.44036865234375,185.69825744628906,0
7489,214.1114044189453,147.76959228515625,493.14776611328125,150.081787109375,287.7751770019531,46.31148910522461,222.6067352294922,83.01066589355469,268.42999267578125,85.6341781616211,243.40899658203125,70.1568832397461,240.87391662597656,75.6878662109375,249.72903442382812,84.32997131347656,276.15740966796875,100.11526489257812,282.7517395019531,138.94674682617188,281.8048095703125,183.34402465820312,0
7490,214.2138214111328,149.35987854003906,493.23065185546875,150.04164123535156,287.1380920410156,45.48767852783203,231.0380859375,82.85041809082031,272.9687194824219,84.9306869506836,258.0691223144531,67.0415267944336,251.69496154785156,76.98377227783203,253.39898681640625,85.24061584472656,272.67730712890625,89.73094177246094,275.2558898925781,135.9738311767578,264.3847961425781,188.26803588867188,0
7491,214.21299743652344,149.3567657470703,493.1027526855469,150.05694580078125,287.14935302734375,45.463462829589844,231.09317016601562,82.92484283447266,273.0199279785156,84.89830017089844,257.9800720214844,67.0098648071289,251.58950805664062,77.01548767089844,253.34970092773438,85.36703491210938,272.6017150878906,89.74935913085938,275.2712707519531,135.9418487548828,264.3675537109375,188.2904815673828,0
7492,214.08876037597656,149.42466735839844,493.2023010253906,150.00230407714844,288.0153503417969,45.80510330200195,234.5331573486328,82.15999603271484,277.0838317871094,85.33185577392578,258.6749267578125,67.04287719726562,253.7834014892578,76.66065216064453,257.6825866699219,86.22101593017578,270.2312927246094,96.81448364257812,274.6634521484375,136.33511352539062,261.6414794921875,189.36509704589844,0
7493,214.0199737548828,149.1221466064453,493.4099426269531,150.0772247314453,285.1468505859375,46.344112396240234,239.78546142578125,82.23877716064453,280.72802734375,85.70745086669922,261.7393798828125,68.5819320678711,259.27081298828125,77.33832550048828,262.2452697753906,86.07787322998047,272.0119934082031,99.73471069335938,277.9141845703125,136.96580505371094,270.6355895996094,185.48220825195312,0
7494,213.8677978515625,149.0802001953125,493.2557373046875,150.00831604003906,285.5645446777344,46.63254165649414,239.28724670410156,83.33604431152344,283.1698913574219,86.75728607177734,261.9567565917969,68.73834228515625,260.4854431152344,77.7710952758789,265.1639709472656,85.10469055175781,273.8524169921875,98.82135009765625,282.0821533203125,140.35946655273438,271.3515930175781,212.414306640625,0
7495,213.7670440673828,148.82411193847656,493.3047180175781,149.9762420654297,222.53924560546875,48.59852600097656,244.84693908691406,82.5604019165039,287.6781311035156,87.51122283935547,264.1347351074219,69.2787094116211,263.7903137207031,78.64180755615234,268.8580627441406,88.26148986816406,277.2571105957031,100.91026306152344,287.10101318359375,148.53468322753906,272.28753662109375,213.56346130371094,0
7496,213.76922607421875,148.82403564453125,493.2900390625,149.931640625,222.51817321777344,48.61746597290039,244.85772705078125,82.55766296386719,287.6867370605469,87.52461242675781,264.1733703613281,69.2759017944336,263.8119201660156,78.61194610595703,268.8146057128906,88.21971893310547,277.2720031738281,100.9448471069336,287.10498046875,148.5685272216797,272.28717041015625,213.56466674804688,0
7497,213.9427490234375,149.165771484375,493.2144470214844,149.93287658691406,222.40252685546875,47.86274719238281,244.32186889648438,82.20499420166016,288.0997009277344,89.39311981201172,265.3548583984375,70.14517974853516,264.68035888671875,80.76104736328125,266.89410400390625,91.14083862304688,274.6916198730469,103.53155517578125,285.3912658691406,150.28684997558594,272.88323974609375,214.83978271484375,0
7498,214.05001831054688,149.01821899414062,493.3710021972656,149.90643310546875,280.0546875,46.17415237426758,243.87554931640625,80.19710540771484,287.7291259765625,87.26437377929688,265.1191101074219,68.36651611328125,264.0620422363281,78.36651611328125,268.07733154296875,87.93045806884766,277.34295654296875,102.79408264160156,284.25738525390625,151.6336669921875,271.4498291015625,217.03916931152344,0
7499,214.466796875,148.25746154785156,493.36407470703125,149.80499267578125,273.9599304199219,47.742347717285156,242.80601501464844,82.81344604492188,286.94329833984375,87.5007553100586,263.23272705078125,69.05538940429688,263.3240051269531,79.21278381347656,267.5252685546875,87.32818603515625,275.46795654296875,103.07379913330078,285.9783630371094,148.8961639404297,272.9278869628906,217.04803466796875,0
